// MilkShape 3D ASCII

Frames: 30
Frame: 1

Meshes: 6
"Duplicate16" 0 0
48
0 15.311838 -16.218788 -25.713741 0.949897 -0.063477 -1
0 25.850172 -86.102692 -15.443596 0.772149 0.078325 -1
0 15.311840 -86.102692 -25.713741 0.949897 0.078325 -1
0 -15.508894 -16.218796 -25.746111 0.950457 -0.063476 -1
0 -15.508891 -86.102707 -25.746111 0.950457 0.078325 -1
0 -25.813866 -86.102707 -15.487498 0.772910 0.078325 -1
0 -15.514039 -86.102707 25.785355 0.058594 0.078325 -1
0 -25.813864 -16.218796 15.375172 0.238764 -0.063476 -1
0 -25.813862 -86.102707 15.375172 0.238764 0.078325 -1
0 25.869164 -86.102692 15.375171 0.238764 0.078325 -1
0 15.385413 -16.218788 25.785351 0.058594 -0.063477 -1
0 15.385414 -86.102692 25.785351 0.058594 0.078325 -1
0 25.869164 -86.102692 15.375171 0.797984 0 -1
0 15.311840 -86.102692 -25.713741 0.000628 0.204271 -1
0 25.850172 -86.102692 -15.443596 0.199927 0.000367 -1
0 15.385414 -86.102692 25.785351 1 0.202847 -1
0 -15.508891 -86.102707 -25.746111 0 0.800612 -1
0 -25.813866 -86.102707 -15.487498 0.199075 1 -1
0 -15.514039 -86.102707 25.785355 1 0.800712 -1
0 -25.813862 -86.102707 15.375172 0.797984 1 -1
0 -15.552521 -86.102707 15.442767 0.799296 0.801456 -1
0 15.357010 -86.102692 -15.456688 0.199673 0.203397 -1
0 15.357012 -86.102692 15.442765 0.799296 0.203397 -1
0 -15.552525 -86.102707 -15.456686 0.199673 0.801456 -1
0 25.869154 -16.218788 15.375168 0.797984 0 -1
0 25.850166 -16.218788 -15.443596 0.199927 0.000367 -1
0 15.311838 -16.218788 -25.713741 0.000628 0.204271 -1
0 15.385413 -16.218788 25.785351 1 0.202847 -1
0 -15.508894 -16.218796 -25.746111 0 0.800612 -1
0 -25.813868 -16.218796 -15.487498 0.199075 1 -1
0 -15.514041 -16.218796 25.785351 1 0.800712 -1
0 -25.813864 -16.218796 15.375172 0.797984 1 -1
0 -15.552530 -16.218796 15.442767 0.799296 0.801456 -1
0 15.357011 -16.218788 15.442765 0.799296 0.203397 -1
0 15.357009 -16.218788 -15.456688 0.199673 0.203397 -1
0 -15.552532 -16.218796 -15.456686 0.199673 0.801456 -1
0 15.357012 -86.102692 15.442765 0.237595 0.078325 -1
0 15.357010 -86.102692 -15.456688 0.772376 0.078325 -1
0 15.357009 -16.218788 -15.456688 0.772376 -0.063477 -1
0 15.357011 -16.218788 15.442765 0.237595 -0.063477 -1
0 25.869154 -16.218788 15.375168 0.238764 -0.063477 -1
0 -15.552525 -86.102707 -15.456686 0.772376 0.078325 -1
0 -15.552521 -86.102707 15.442767 0.237595 0.078325 -1
0 -15.552530 -16.218796 15.442767 0.237595 -0.063476 -1
0 -15.552532 -16.218796 -15.456686 0.772376 -0.063476 -1
0 25.850166 -16.218788 -15.443596 0.772149 -0.063477 -1
0 -25.813868 -16.218796 -15.487498 0.772910 -0.063476 -1
0 -15.514041 -16.218796 25.785351 0.058594 -0.063476 -1
42
0.161148 0 -0.986930
0.984052 0 -0.177883
-0.432076 -0 -0.901837
0.170441 0 -0.985368
0.170441 0 -0.985368
-0.985739 -0 0.168280
0.167344 0 0.985899
-0.985296 -0 -0.170854
-0.985296 -0 -0.170854
0.985737 0 -0.168292
-0.170121 0 0.985423
-0.170121 -0 0.985423
0 -1 0
0 -1 0
0 -1 -0
0 -1 -0
0 -1 0
0 -1 -0
0 -1 -0
0 -1 -0
0 -1 -0
-0 1 -0
-0 1 0
-0 1 -0
-0 1 0
-0 1 -0
-0 1 0
-0 1 0
-0 1 0
-0 1 0
0.894427 0 0.447214
0.447214 0 -0.894427
0.894427 0 -0.447214
0.447214 0 0.894427
0.985737 0 -0.168292
-0.894427 -0 -0.447214
-0.447214 -0 0.894427
-0.894427 -0 0.447214
-0.447214 -0 -0.894427
0.903031 0 0.429574
-0.985739 -0 0.168280
0.167344 0 0.985899
52
0 0 1 2 0 1 2 1
0 3 4 5 3 4 5 1
0 6 7 8 6 7 8 1
0 9 10 11 9 10 11 1
0 12 13 14 12 13 14 1
0 15 13 12 15 13 12 1
0 16 13 17 16 13 13 1
0 17 13 14 13 13 14 1
0 16 18 17 16 17 13 1
0 17 18 19 13 17 15 1
0 19 15 18 15 15 17 1
0 19 12 15 15 12 15 1
0 20 21 22 18 18 19 1
0 20 23 21 18 20 18 1
0 24 25 26 21 22 23 1
0 27 24 26 24 21 23 1
0 28 29 26 25 23 23 1
0 29 25 26 23 22 23 1
0 28 29 30 25 23 26 1
0 29 31 30 23 24 26 1
0 31 30 27 24 26 24 1
0 31 27 24 24 24 21 1
0 32 33 34 27 28 27 1
0 32 34 35 27 27 29 1
0 36 37 38 30 31 32 1
0 36 38 39 30 32 33 1
0 2 11 10 2 11 10 1
0 2 10 0 2 10 0 1
0 9 8 7 9 8 7 1
0 9 7 40 9 7 34 1
0 2 4 3 2 4 3 1
0 2 3 0 2 3 0 1
0 41 42 43 35 36 37 1
0 41 43 44 35 37 38 1
0 9 1 45 9 1 39 1
0 9 45 40 9 39 34 1
0 37 41 44 31 35 38 1
0 37 44 38 31 38 32 1
0 5 8 7 5 8 7 1
0 5 7 46 5 7 40 1
0 6 11 10 6 11 10 1
0 6 10 47 6 10 41 1
0 42 36 39 36 30 33 1
0 42 39 43 36 33 37 1
0 5 1 45 5 1 39 1
0 5 45 46 5 39 40 1
0 6 4 3 6 4 3 1
0 6 3 47 6 3 41 1
0 1 0 45 1 0 39 1
0 46 3 5 40 3 5 1
0 7 6 47 7 6 41 1
0 40 10 9 34 10 9 1
"default" 0 0
48
0 30.948326 -0.037979 -51.972683 0.949897 -0.063477 -1
0 52.248428 -18.398382 -31.214634 0.772149 0.078325 -1
0 30.948332 -18.398386 -51.972687 0.949897 0.078325 -1
0 -31.346617 -0.037994 -52.038113 0.950457 -0.063476 -1
0 -31.346613 -18.398397 -52.038113 0.950457 0.078325 -1
0 -52.175045 -18.398401 -31.303370 0.772910 0.078325 -1
0 -31.357014 -18.398397 52.117413 0.058594 0.078325 -1
0 -52.175041 -0.037994 31.076338 0.238764 -0.063476 -1
0 -52.175037 -18.398401 31.076336 0.238764 0.078325 -1
0 52.286816 -18.398382 31.076332 0.238764 0.078325 -1
0 31.097036 -0.037979 52.117409 0.058594 -0.063477 -1
0 31.097038 -18.398386 52.117405 0.058594 0.078325 -1
0 52.286816 -18.398382 31.076332 0.797984 0 -1
0 30.948332 -18.398386 -51.972687 0.000628 0.204271 -1
0 52.248428 -18.398382 -31.214634 0.199927 0.000367 -1
0 31.097038 -18.398386 52.117405 1 0.202847 -1
0 -31.346613 -18.398397 -52.038113 0 0.800612 -1
0 -52.175045 -18.398401 -31.303370 0.199075 1 -1
0 -31.357014 -18.398397 52.117413 1 0.800712 -1
0 -52.175037 -18.398401 31.076336 0.797984 1 -1
0 -31.434803 -18.398397 31.212955 0.799296 0.801456 -1
0 31.039625 -18.398386 -31.241106 0.199673 0.203397 -1
0 31.039627 -18.398386 31.212952 0.799296 0.203397 -1
0 -31.434809 -18.398397 -31.241102 0.199673 0.801456 -1
0 52.286812 -0.037979 31.076330 0.797984 0 -1
0 52.248425 -0.037979 -31.214634 0.199927 0.000367 -1
0 30.948326 -0.037979 -51.972683 0.000628 0.204271 -1
0 31.097036 -0.037979 52.117409 1 0.202847 -1
0 -31.346617 -0.037994 -52.038113 0 0.800612 -1
0 -52.175049 -0.037994 -31.303370 0.199075 1 -1
0 -31.357016 -0.037994 52.117409 1 0.800712 -1
0 -52.175041 -0.037994 31.076338 0.797984 1 -1
0 -31.434809 -0.037994 31.212957 0.799296 0.801456 -1
0 31.039623 -0.037979 31.212952 0.799296 0.203397 -1
0 31.039619 -0.037979 -31.241104 0.199673 0.203397 -1
0 -31.434813 -0.037994 -31.241102 0.199673 0.801456 -1
0 31.039627 -18.398386 31.212952 0.237595 0.078325 -1
0 31.039625 -18.398386 -31.241106 0.772376 0.078325 -1
0 31.039619 -0.037979 -31.241104 0.772376 -0.063477 -1
0 31.039623 -0.037979 31.212952 0.237595 -0.063477 -1
0 52.286812 -0.037979 31.076330 0.238764 -0.063477 -1
0 -31.434809 -18.398397 -31.241102 0.772376 0.078325 -1
0 -31.434803 -18.398397 31.212955 0.237595 0.078325 -1
0 -31.434809 -0.037994 31.212957 0.237595 -0.063476 -1
0 -31.434813 -0.037994 -31.241102 0.772376 -0.063476 -1
0 52.248425 -0.037979 -31.214634 0.772149 -0.063477 -1
0 -52.175049 -0.037994 -31.303370 0.772910 -0.063476 -1
0 -31.357016 -0.037994 52.117409 0.058594 -0.063476 -1
44
0.161149 0 -0.986930
0.984052 0 -0.177883
-0.432076 0 -0.901837
0.170441 0 -0.985368
0.170441 0 -0.985368
-0.985739 -0 0.168280
0.167344 0 0.985899
-0.985296 -0 -0.170854
-0.985296 -0 -0.170854
0.985737 0 -0.168292
-0.170121 -0 0.985423
-0.170121 -0 0.985423
0 -1 0
0 -1 -0
0 -1 -0
0 -1 0
0 -1 0
0 -1 -0
0 -1 0
0 -1 0
0 -1 -0
0 -1 -0
0 -1 -0
-0 1 -0
-0 1 0
-0 1 -0
-0 1 0
-0 1 -0
-0 1 0
-0 1 0
-0 1 0
-0 1 0
0.894427 0 0.447214
0.447214 0 -0.894427
0.894427 0 -0.447214
0.447214 0 0.894427
0.985737 0 -0.168292
-0.894427 -0 -0.447214
-0.447214 -0 0.894427
-0.894427 -0 0.447214
-0.447214 -0 -0.894427
0.903031 0 0.429574
-0.985739 -0 0.168280
0.167344 0 0.985899
52
0 0 1 2 0 1 2 1
0 3 4 5 3 4 5 1
0 6 7 8 6 7 8 1
0 9 10 11 9 10 11 1
0 12 13 14 12 13 14 1
0 15 13 12 15 13 12 1
0 16 13 17 16 13 17 1
0 17 13 14 17 13 14 1
0 16 18 17 16 18 17 1
0 17 18 19 17 18 19 1
0 19 15 18 19 15 18 1
0 19 12 15 19 12 15 1
0 20 21 22 20 20 21 1
0 20 23 21 20 22 20 1
0 24 25 26 23 24 25 1
0 27 24 26 26 23 25 1
0 28 29 26 27 25 25 1
0 29 25 26 25 24 25 1
0 28 29 30 27 25 28 1
0 29 31 30 25 26 28 1
0 31 30 27 26 28 26 1
0 31 27 24 26 26 23 1
0 32 33 34 29 30 29 1
0 32 34 35 29 29 31 1
0 36 37 38 32 33 34 1
0 36 38 39 32 34 35 1
0 2 11 10 2 11 10 1
0 2 10 0 2 10 0 1
0 9 8 7 9 8 7 1
0 9 7 40 9 7 36 1
0 2 4 3 2 4 3 1
0 2 3 0 2 3 0 1
0 41 42 43 37 38 39 1
0 41 43 44 37 39 40 1
0 9 1 45 9 1 41 1
0 9 45 40 9 41 36 1
0 37 41 44 33 37 40 1
0 37 44 38 33 40 34 1
0 5 8 7 5 8 7 1
0 5 7 46 5 7 42 1
0 6 11 10 6 11 10 1
0 6 10 47 6 10 43 1
0 42 36 39 38 32 35 1
0 42 39 43 38 35 39 1
0 5 1 45 5 1 41 1
0 5 45 46 5 41 42 1
0 6 4 3 6 4 3 1
0 6 3 47 6 3 43 1
0 1 0 45 1 0 41 1
0 46 3 5 42 3 5 1
0 7 6 47 7 6 43 1
0 40 10 9 36 10 9 1
"UPPER" 0 1
104
0 -0.873560 -0.021332 -19.811064 1 1.999126 -1
0 19.978424 -0.021332 1.044134 1 -0.682436 -1
0 52.505310 -0.021332 -31.482777 0.644788 -0.682436 -1
0 31.653337 -0.021332 -52.337963 0.644788 1.999126 -1
0 -19.893707 -0.021332 1.042528 1 1.999126 -1
0 0.961496 -0.021332 -19.809460 1 -0.682436 -1
0 -31.565418 -0.021332 -52.336357 0.644788 -0.682436 -1
0 -52.420616 -0.021332 -31.484375 0.644788 1.999126 -1
0 19.780022 -0.021332 -1.040924 1 1.999126 -1
0 -1.075170 -0.021332 19.811054 1 -0.682436 -1
0 31.451727 -0.021332 52.337933 0.644788 -0.682436 -1
0 52.507263 -0.021332 31.285622 0.644788 1.999126 -1
0 0.873503 -0.021332 19.752052 1 1.999126 -1
0 -19.978470 -0.021332 -1.103134 1 -0.682436 -1
0 -52.505348 -0.021332 31.423761 0.644788 -0.682436 -1
0 -31.653379 -0.021332 52.278946 0.644788 1.999126 -1
0 -52.546505 -0.021332 31.468357 0.643072 2.748364 -1
0 -19.712322 -0.021332 0.275545 0.998047 2.748364 -1
0 -19.712322 -0.021332 0.261760 0.998047 2.256415 -1
0 -52.966942 -0.021332 25.378574 0.643072 2.256415 -1
0 -19.712322 -0.021332 0.247975 0.998047 1.764464 -1
0 -52.966946 -0.021332 19.078579 0.643072 1.764464 -1
0 -19.712322 -0.021332 0.234189 0.998047 1.272516 -1
0 -52.966949 -0.021332 12.778584 0.643072 1.272516 -1
0 -19.712322 -0.021332 0.220403 0.998047 0.780566 -1
0 -52.966946 -0.021332 6.478586 0.643072 0.780566 -1
0 -19.712322 -0.021332 0.206618 0.998047 0.288617 -1
0 -52.966949 -0.021332 0.178589 0.643072 0.288616 -1
0 -19.712322 -0.021332 0.192833 0.998047 -0.203334 -1
0 -52.966946 -0.021332 -6.121414 0.643072 -0.203334 -1
0 -19.712322 -0.021332 0.179048 0.998047 -0.695284 -1
0 -52.966946 -0.021332 -12.421413 0.643072 -0.695284 -1
0 -19.712322 -0.021332 0.165262 0.998047 -1.187234 -1
0 -52.966949 -0.021332 -18.721424 0.643072 -1.187234 -1
0 -19.712322 -0.021332 0.151476 0.998047 -1.679184 -1
0 -52.966953 -0.021332 -25.021423 0.643072 -1.679184 -1
0 -19.712322 -0.021332 0.137691 0.998047 -2.171134 -1
0 -52.966949 -0.021332 -31.321421 0.643072 -2.171134 -1
0 31.444117 -0.021332 52.361797 0.643072 2.748364 -1
0 0.291784 -0.021332 19.807852 0.998047 2.748364 -1
0 0.277999 -0.021332 19.807852 0.998047 2.256415 -1
0 25.394814 -0.021332 53.062473 0.643072 2.256415 -1
0 0.264214 -0.021332 19.807854 0.998047 1.764464 -1
0 19.094816 -0.021332 53.062481 0.643072 1.764464 -1
0 0.250428 -0.021332 19.807852 0.998047 1.272516 -1
0 12.794822 -0.021332 53.062481 0.643072 1.272516 -1
0 0.236643 -0.021332 19.807852 0.998047 0.780566 -1
0 6.494828 -0.021332 53.062481 0.643072 0.780566 -1
0 0.222858 -0.021332 19.807852 0.998047 0.288617 -1
0 0.194827 -0.021332 53.062481 0.643072 0.288616 -1
0 0.209073 -0.021332 19.807852 0.998047 -0.203334 -1
0 -6.105178 -0.021332 53.062481 0.643072 -0.203334 -1
0 0.195286 -0.021332 19.807852 0.998047 -0.695284 -1
0 -12.405173 -0.021332 53.062473 0.643072 -0.695284 -1
0 0.181501 -0.021332 19.807852 0.998047 -1.187234 -1
0 -18.705185 -0.021332 53.062481 0.643072 -1.187234 -1
0 0.167716 -0.021332 19.807852 0.998047 -1.679184 -1
0 -25.005184 -0.021332 53.062485 0.643072 -1.679184 -1
0 0.153931 -0.021332 19.807852 0.998047 -2.171134 -1
0 -31.658731 -0.021332 52.313774 0.643072 -2.171134 -1
0 52.535755 -0.021332 -31.510895 0.643072 2.748364 -1
0 19.824093 -0.021332 -0.196253 0.998047 2.748364 -1
0 19.824093 -0.021332 -0.182468 0.998047 2.256415 -1
0 53.078712 -0.021332 -25.299282 0.643072 2.256415 -1
0 19.824093 -0.021332 -0.168682 0.998047 1.764464 -1
0 53.078716 -0.021332 -18.999285 0.643072 1.764464 -1
0 19.824093 -0.021332 -0.154897 0.998047 1.272516 -1
0 53.078716 -0.021332 -12.699291 0.643072 1.272516 -1
0 19.824093 -0.021332 -0.141112 0.998047 0.780566 -1
0 53.078716 -0.021332 -6.399297 0.643072 0.780566 -1
0 19.824093 -0.021332 -0.127327 0.998047 0.288617 -1
0 53.078716 -0.021332 -0.099296 0.643072 0.288616 -1
0 19.824093 -0.021332 -0.113542 0.998047 -0.203334 -1
0 53.078716 -0.021332 6.200710 0.643072 -0.203334 -1
0 19.824093 -0.021332 -0.099755 0.998047 -0.695284 -1
0 53.078709 -0.021332 12.500702 0.643072 -0.695284 -1
0 19.824093 -0.021332 -0.085970 0.998047 -1.187234 -1
0 53.078716 -0.021332 18.800716 0.643072 -1.187234 -1
0 19.824093 -0.021332 -0.072185 0.998047 -1.679184 -1
0 53.078724 -0.021332 25.100716 0.643072 -1.679184 -1
0 19.824093 -0.021332 -0.058400 0.998047 -2.171134 -1
0 52.536598 -0.021332 31.306427 0.643072 -2.171134 -1
0 -31.549376 -0.021332 -52.370358 0.643072 2.748364 -1
0 -0.180014 -0.021332 -19.728561 0.998047 2.748364 -1
0 -0.166228 -0.021332 -19.728561 0.998047 2.256415 -1
0 -25.283041 -0.021332 -52.983177 0.643072 2.256415 -1
0 -0.152443 -0.021332 -19.728561 0.998047 1.764464 -1
0 -18.983046 -0.021332 -52.983189 0.643072 1.764464 -1
0 -0.138657 -0.021332 -19.728561 0.998047 1.272516 -1
0 -12.683053 -0.021332 -52.983189 0.643072 1.272516 -1
0 -0.124872 -0.021332 -19.728561 0.998047 0.780566 -1
0 -6.383058 -0.021332 -52.983189 0.643072 0.780566 -1
0 -0.111087 -0.021332 -19.728561 0.998047 0.288617 -1
0 -0.083058 -0.021332 -52.983189 0.643072 0.288616 -1
0 -0.097302 -0.021332 -19.728561 0.998047 -0.203334 -1
0 6.216948 -0.021332 -52.983189 0.643072 -0.203334 -1
0 -0.083515 -0.021332 -19.728561 0.998047 -0.695284 -1
0 12.516943 -0.021332 -52.983177 0.643072 -0.695284 -1
0 -0.069730 -0.021332 -19.728561 0.998047 -1.187234 -1
0 18.816956 -0.021332 -52.983189 0.643072 -1.187234 -1
0 -0.055945 -0.021332 -19.728561 0.998047 -1.679184 -1
0 25.116955 -0.021332 -52.983192 0.643072 -1.679184 -1
0 -0.042160 -0.021332 -19.728561 0.998047 -2.171134 -1
0 31.650875 -0.021332 -52.366451 0.643072 -2.171134 -1
1
0 1 0
88
0 0 1 2 0 0 0 1
0 0 2 3 0 0 0 1
0 4 5 6 0 0 0 1
0 4 6 7 0 0 0 1
0 8 9 10 0 0 0 1
0 8 10 11 0 0 0 1
0 12 13 14 0 0 0 1
0 12 14 15 0 0 0 1
0 16 17 18 0 0 0 1
0 16 18 19 0 0 0 1
0 19 18 20 0 0 0 1
0 19 20 21 0 0 0 1
0 21 20 22 0 0 0 1
0 21 22 23 0 0 0 1
0 23 22 24 0 0 0 1
0 23 24 25 0 0 0 1
0 25 24 26 0 0 0 1
0 25 26 27 0 0 0 1
0 27 26 28 0 0 0 1
0 27 28 29 0 0 0 1
0 29 28 30 0 0 0 1
0 29 30 31 0 0 0 1
0 31 30 32 0 0 0 1
0 31 32 33 0 0 0 1
0 33 32 34 0 0 0 1
0 33 34 35 0 0 0 1
0 35 34 36 0 0 0 1
0 35 36 37 0 0 0 1
0 38 39 40 0 0 0 1
0 38 40 41 0 0 0 1
0 41 40 42 0 0 0 1
0 41 42 43 0 0 0 1
0 43 42 44 0 0 0 1
0 43 44 45 0 0 0 1
0 45 44 46 0 0 0 1
0 45 46 47 0 0 0 1
0 47 46 48 0 0 0 1
0 47 48 49 0 0 0 1
0 49 48 50 0 0 0 1
0 49 50 51 0 0 0 1
0 51 50 52 0 0 0 1
0 51 52 53 0 0 0 1
0 53 52 54 0 0 0 1
0 53 54 55 0 0 0 1
0 55 54 56 0 0 0 1
0 55 56 57 0 0 0 1
0 57 56 58 0 0 0 1
0 57 58 59 0 0 0 1
0 60 61 62 0 0 0 1
0 60 62 63 0 0 0 1
0 63 62 64 0 0 0 1
0 63 64 65 0 0 0 1
0 65 64 66 0 0 0 1
0 65 66 67 0 0 0 1
0 67 66 68 0 0 0 1
0 67 68 69 0 0 0 1
0 69 68 70 0 0 0 1
0 69 70 71 0 0 0 1
0 71 70 72 0 0 0 1
0 71 72 73 0 0 0 1
0 73 72 74 0 0 0 1
0 73 74 75 0 0 0 1
0 75 74 76 0 0 0 1
0 75 76 77 0 0 0 1
0 77 76 78 0 0 0 1
0 77 78 79 0 0 0 1
0 79 78 80 0 0 0 1
0 79 80 81 0 0 0 1
0 82 83 84 0 0 0 1
0 82 84 85 0 0 0 1
0 85 84 86 0 0 0 1
0 85 86 87 0 0 0 1
0 87 86 88 0 0 0 1
0 87 88 89 0 0 0 1
0 89 88 90 0 0 0 1
0 89 90 91 0 0 0 1
0 91 90 92 0 0 0 1
0 91 92 93 0 0 0 1
0 93 92 94 0 0 0 1
0 93 94 95 0 0 0 1
0 95 94 96 0 0 0 1
0 95 96 97 0 0 0 1
0 97 96 98 0 0 0 1
0 97 98 99 0 0 0 1
0 99 98 100 0 0 0 1
0 99 100 101 0 0 0 1
0 101 100 102 0 0 0 1
0 101 102 103 0 0 0 1
"Duplicate15" 0 2
12
0 52.286812 -0.008129 31.076330 0.797984 0 -1
0 52.248425 -0.008129 -31.214634 0.199927 0.000367 -1
0 30.948326 -0.008129 -51.972683 0.000628 0.204271 -1
0 31.097036 -0.008129 52.117409 1 0.202847 -1
0 -31.346617 -0.008144 -52.038113 0 0.800612 -1
0 -52.175049 -0.008144 -31.303370 0.199075 1 -1
0 -31.357016 -0.008144 52.117409 1 0.800712 -1
0 -52.175041 -0.008144 31.076338 0.797984 1 -1
0 -31.434809 -0.008144 31.212957 0.799296 0.801456 -1
0 31.039623 -0.008129 31.212952 0.799296 0.203397 -1
0 31.039619 -0.008129 -31.241104 0.199673 0.203397 -1
0 -31.434813 -0.008144 -31.241102 0.199673 0.801456 -1
9
-0 1 -0
-0 1 0
-0 1 -0
-0 1 0
-0 1 -0
-0 1 0
-0 1 0
-0 1 0
-0 1 0
10
0 0 1 2 0 1 2 1
0 3 0 2 3 0 2 1
0 4 5 2 4 2 2 1
0 5 1 2 2 1 2 1
0 4 5 6 4 2 5 1
0 5 7 6 2 3 5 1
0 7 6 3 3 5 3 1
0 7 3 0 3 3 0 1
0 8 9 10 6 7 6 1
0 8 10 11 6 6 8 1
"Duplicate06" 0 1
74
0 31.451727 -0.021332 52.337933 0.644788 -0.682436 -1
0 31.454958 -83.525146 52.341179 0 -0.682436 -1
0 52.508896 -83.527435 31.287228 0 1.999126 -1
0 52.507263 -0.021332 31.285622 0.644788 1.999126 -1
0 -52.505348 -0.021332 31.423761 0.644788 -0.682436 -1
0 -52.524700 -83.427055 31.443111 0 -0.682436 -1
0 -31.671106 -83.429298 52.296700 0 1.999126 -1
0 -31.653379 -0.021332 52.278946 0.644788 1.999126 -1
0 -52.524548 -83.554146 31.468355 -0.001953 2.748364 -1
0 -52.546505 -0.021332 31.468357 0.643072 2.748364 -1
0 -52.966942 -0.021332 25.378574 0.643072 2.256415 -1
0 -52.944992 -83.554146 25.378574 -0.001953 2.256415 -1
0 -52.966946 -0.021332 19.078579 0.643072 1.764464 -1
0 -52.944996 -83.554146 19.078579 -0.001953 1.764464 -1
0 -52.966949 -0.021332 12.778584 0.643072 1.272516 -1
0 -52.944996 -83.554146 12.778585 -0.001953 1.272515 -1
0 -52.966946 -0.021332 6.478586 0.643072 0.780566 -1
0 -52.944996 -83.554146 6.478586 -0.001953 0.780566 -1
0 -52.966949 -0.021332 0.178589 0.643072 0.288616 -1
0 -52.944996 -83.554146 0.178586 -0.001953 0.288616 -1
0 -52.966946 -0.021332 -6.121414 0.643072 -0.203334 -1
0 -52.944996 -83.554146 -6.121414 -0.001953 -0.203334 -1
0 -52.966946 -0.021332 -12.421413 0.643072 -0.695284 -1
0 -52.944996 -83.554146 -12.421414 -0.001953 -0.695284 -1
0 -52.966949 -0.021332 -18.721424 0.643072 -1.187234 -1
0 -52.944992 -83.554146 -18.721422 -0.001953 -1.187234 -1
0 -52.966953 -0.021332 -25.021423 0.643072 -1.679184 -1
0 -52.944996 -83.554146 -25.021423 -0.001953 -1.679184 -1
0 -52.966949 -0.021332 -31.321421 0.643072 -2.171134 -1
0 -52.945000 -83.554146 -31.321421 -0.001953 -2.171134 -1
0 31.444115 -83.563667 52.360619 -0.001953 2.748364 -1
0 31.444117 -0.021332 52.361797 0.643072 2.748364 -1
0 25.394814 -0.021332 53.062473 0.643072 2.256415 -1
0 25.394810 -83.563667 53.061295 -0.001953 2.256415 -1
0 19.094816 -0.021332 53.062481 0.643072 1.764464 -1
0 19.094814 -83.563667 53.061298 -0.001953 1.764464 -1
0 12.794822 -0.021332 53.062481 0.643072 1.272516 -1
0 12.794821 -83.563667 53.061298 -0.001953 1.272515 -1
0 6.494828 -0.021332 53.062481 0.643072 0.780566 -1
0 6.494828 -83.563667 53.061298 -0.001953 0.780566 -1
0 0.194827 -0.021332 53.062481 0.643072 0.288616 -1
0 0.194830 -83.563667 53.061302 -0.001953 0.288616 -1
0 -6.105178 -0.021332 53.062481 0.643072 -0.203334 -1
0 -6.105170 -83.563667 53.061302 -0.001953 -0.203334 -1
0 -12.405173 -0.021332 53.062473 0.643072 -0.695284 -1
0 -12.405172 -83.563667 53.061298 -0.001953 -0.695284 -1
0 -18.705185 -0.021332 53.062481 0.643072 -1.187234 -1
0 -18.705183 -83.563667 53.061298 -0.001953 -1.187234 -1
0 -25.005184 -0.021332 53.062485 0.643072 -1.679184 -1
0 -25.005182 -83.563667 53.061306 -0.001953 -1.679184 -1
0 -31.658731 -0.021332 52.313774 0.643072 -2.171134 -1
0 -31.658735 -83.563667 52.312599 -0.001953 -2.171134 -1
0 52.501904 -83.541695 -31.510895 -0.001953 2.748364 -1
0 52.535755 -0.021332 -31.510895 0.643072 2.748364 -1
0 53.078712 -0.021332 -25.299282 0.643072 2.256415 -1
0 53.044865 -83.541695 -25.299278 -0.001953 2.256415 -1
0 53.078716 -0.021332 -18.999285 0.643072 1.764464 -1
0 53.044868 -83.541695 -18.999283 -0.001953 1.764464 -1
0 53.078716 -0.021332 -12.699291 0.643072 1.272516 -1
0 53.044868 -83.541695 -12.699289 -0.001953 1.272515 -1
0 53.078716 -0.021332 -6.399297 0.643072 0.780566 -1
0 53.044865 -83.541695 -6.399297 -0.001953 0.780566 -1
0 53.078716 -0.021332 -0.099296 0.643072 0.288616 -1
0 53.044865 -83.541695 -0.099296 -0.001953 0.288616 -1
0 53.078716 -0.021332 6.200710 0.643072 -0.203334 -1
0 53.044865 -83.541695 6.200704 -0.001953 -0.203334 -1
0 53.078709 -0.021332 12.500702 0.643072 -0.695284 -1
0 53.044868 -83.541695 12.500703 -0.001953 -0.695284 -1
0 53.078716 -0.021332 18.800716 0.643072 -1.187234 -1
0 53.044868 -83.541695 18.800714 -0.001953 -1.187234 -1
0 53.078724 -0.021332 25.100716 0.643072 -1.679184 -1
0 53.044872 -83.541695 25.100716 -0.001953 -1.679184 -1
0 52.536598 -0.021332 31.306427 0.643072 -2.171134 -1
0 52.502754 -83.541695 31.306435 -0.001953 -2.171134 -1
69
0.707080 0.000041 0.707134
0.707107 0.000055 0.707107
0.707053 0.000027 0.707161
-0.707134 0.000314 0.707080
-0.707107 0.000328 0.707107
-0.707161 0.000301 0.707052
-0.997625 -0.000262 0.068876
-0.997625 -0.000262 0.068876
-0.998944 -0.000263 0.045942
-0.999736 -0.000263 0.022972
-1 -0.000263 0.000001
-1 -0.000263 0
-1 -0.000263 0
-1 -0.000263 -0
-1 -0.000263 0
-1 -0.000263 0
-1 -0.000263 0
-1 -0.000263 -0
-1 -0.000263 -0
-1 -0.000263 0
-1 -0.000263 0
-1 -0.000263 -0
-1 -0.000263 0
-1 -0.000263 0
-1 -0.000263 0
-1 -0.000263 0
-1 -0.000263 0
-1 -0.000263 0.000001
0.115058 -0.000014 0.993359
0.115058 -0.000014 0.993359
0.076819 -0.000014 0.997045
0.038410 -0.000014 0.999262
0.000001 -0.000014 1
0 -0.000014 1
0 -0.000014 1
0 -0.000014 1
0 -0.000014 1
0 -0.000014 1
-0 -0.000014 1
-0.000001 -0.000014 1
-0 -0.000014 1
0 -0.000014 1
0.000001 -0.000014 1
0.000001 -0.000014 1
-0.037326 -0.000014 0.999303
-0.074652 -0.000014 0.997210
-0.111822 -0.000014 0.993728
-0.111822 -0.000014 0.993728
0.996201 -0.000404 -0.087078
0.996201 -0.000404 -0.087078
0.998311 -0.000405 -0.058101
0.999578 -0.000405 -0.029051
1 -0.000405 -0
1 -0.000405 -0
1 -0.000405 0
1 -0.000405 0
1 -0.000405 0
1 -0.000405 0
1 -0.000405 0
1 -0.000405 0
1 -0.000405 0
1 -0.000405 -0
1 -0.000405 -0.000001
1 -0.000405 -0.000001
1 -0.000405 -0.000001
0.999578 -0.000405 0.029033
0.998313 -0.000405 0.058067
0.996206 -0.000404 0.087027
0.996206 -0.000404 0.087026
64
0 0 1 2 0 1 0 1
0 0 2 3 0 0 2 1
0 4 5 6 3 4 3 1
0 4 6 7 3 3 5 1
0 8 9 10 6 7 8 1
0 8 10 11 6 8 9 1
0 11 10 12 9 8 10 1
0 11 12 13 9 10 11 1
0 13 12 14 11 10 12 1
0 13 14 15 11 12 13 1
0 15 14 16 13 12 14 1
0 15 16 17 13 14 15 1
0 17 16 18 15 14 16 1
0 17 18 19 15 16 17 1
0 19 18 20 17 16 18 1
0 19 20 21 17 18 19 1
0 21 20 22 19 18 20 1
0 21 22 23 19 20 21 1
0 23 22 24 21 20 22 1
0 23 24 25 21 22 23 1
0 25 24 26 23 22 24 1
0 25 26 27 23 24 25 1
0 27 26 28 25 24 26 1
0 27 28 29 25 26 27 1
0 30 31 32 28 29 30 1
0 30 32 33 28 30 31 1
0 33 32 34 31 30 32 1
0 33 34 35 31 32 33 1
0 35 34 36 33 32 34 1
0 35 36 37 33 34 34 1
0 37 36 38 34 34 34 1
0 37 38 39 34 34 35 1
0 39 38 40 35 34 36 1
0 39 40 41 35 36 37 1
0 41 40 42 37 36 38 1
0 41 42 43 37 38 39 1
0 43 42 44 39 38 40 1
0 43 44 45 39 40 41 1
0 45 44 46 41 40 42 1
0 45 46 47 41 42 43 1
0 47 46 48 43 42 44 1
0 47 48 49 43 44 45 1
0 49 48 50 45 44 46 1
0 49 50 51 45 46 47 1
0 52 53 54 48 49 50 1
0 52 54 55 48 50 51 1
0 55 54 56 51 50 52 1
0 55 56 57 51 52 53 1
0 57 56 58 53 52 54 1
0 57 58 59 53 54 55 1
0 59 58 60 55 54 56 1
0 59 60 61 55 56 57 1
0 61 60 62 57 56 58 1
0 61 62 63 57 58 58 1
0 63 62 64 58 58 59 1
0 63 64 65 58 59 60 1
0 65 64 66 60 59 61 1
0 65 66 67 60 61 62 1
0 67 66 68 62 61 63 1
0 67 68 69 62 63 64 1
0 69 68 70 64 63 65 1
0 69 70 71 64 65 66 1
0 71 70 72 66 65 67 1
0 71 72 73 66 67 68 1
"Duplicate03" 0 1
30
0 52.505310 -0.021332 -31.482777 0.644788 -0.682436 -1
0 52.515110 -83.558357 -31.492559 0 -0.682436 -1
0 31.661510 -83.560593 -52.346157 0 1.999126 -1
0 31.653337 -0.021332 -52.337963 0.644788 1.999126 -1
0 -31.565418 -0.021332 -52.336357 0.644788 -0.682436 -1
0 -31.569052 -83.520561 -52.340000 0 -0.682436 -1
0 -52.422665 -83.522865 -31.486416 0 1.999126 -1
0 -52.420616 -0.021332 -31.484375 0.644788 1.999126 -1
0 -31.549374 -83.565666 -52.344944 -0.001953 2.748364 -1
0 -31.549376 -0.021332 -52.370358 0.643072 2.748364 -1
0 -25.283041 -0.021332 -52.983177 0.643072 2.256415 -1
0 -25.283039 -83.565666 -52.957767 -0.001953 2.256415 -1
0 -18.983046 -0.021332 -52.983189 0.643072 1.764464 -1
0 -18.983046 -83.565666 -52.957771 -0.001953 1.764464 -1
0 -12.683053 -0.021332 -52.983189 0.643072 1.272516 -1
0 -12.683051 -83.565666 -52.957771 -0.001953 1.272515 -1
0 -6.383058 -0.021332 -52.983189 0.643072 0.780566 -1
0 -6.383058 -83.565666 -52.957771 -0.001953 0.780566 -1
0 -0.083058 -0.021332 -52.983189 0.643072 0.288616 -1
0 -0.083058 -83.565666 -52.957771 -0.001953 0.288616 -1
0 6.216948 -0.021332 -52.983189 0.643072 -0.203334 -1
0 6.216943 -83.565666 -52.957771 -0.001953 -0.203334 -1
0 12.516943 -0.021332 -52.983177 0.643072 -0.695284 -1
0 12.516941 -83.565666 -52.957771 -0.001953 -0.695284 -1
0 18.816956 -0.021332 -52.983189 0.643072 -1.187234 -1
0 18.816956 -83.565666 -52.957771 -0.001953 -1.187234 -1
0 25.116955 -0.021332 -52.983192 0.643072 -1.679184 -1
0 25.116953 -83.565666 -52.957775 -0.001953 -1.679184 -1
0 31.650875 -0.021332 -52.366451 0.643072 -2.171134 -1
0 31.650883 -83.565666 -52.341049 -0.001953 -2.171134 -1
23
0.707134 0.000152 -0.707080
0.707107 0.000166 -0.707107
0.707161 0.000139 -0.707052
-0.707079 0.000048 -0.707134
-0.707106 0.000062 -0.707107
-0.707052 0.000035 -0.707161
-0.097332 -0.000303 -0.995252
-0.097331 -0.000303 -0.995252
-0.064957 -0.000304 -0.997888
-0.032479 -0.000304 -0.999472
-0.000001 -0.000304 -1
-0 -0.000304 -1
0 -0.000304 -1
0.000001 -0.000304 -1
0.000001 -0.000304 -1
0 -0.000304 -1
-0.000001 -0.000304 -1
-0.000001 -0.000304 -1
-0 -0.000304 -1
0.031355 -0.000304 -0.999508
0.062709 -0.000304 -0.998032
0.093972 -0.000303 -0.995575
0.093971 -0.000303 -0.995575
24
0 0 1 2 0 1 0 1
0 0 2 3 0 0 2 1
0 4 5 6 3 4 3 1
0 4 6 7 3 3 5 1
0 8 9 10 6 7 8 1
0 8 10 11 6 8 9 1
0 11 10 12 9 8 10 1
0 11 12 13 9 10 11 1
0 13 12 14 11 10 12 1
0 13 14 15 11 12 12 1
0 15 14 16 12 12 12 1
0 15 16 17 12 12 12 1
0 17 16 18 12 12 12 1
0 17 18 19 12 12 12 1
0 19 18 20 12 12 13 1
0 19 20 21 12 13 14 1
0 21 20 22 14 13 15 1
0 21 22 23 14 15 16 1
0 23 22 24 16 15 17 1
0 23 24 25 16 17 18 1
0 25 24 26 18 17 19 1
0 25 26 27 18 19 20 1
0 27 26 28 20 19 21 1
0 27 28 29 20 21 22 1

Materials: 7
"PLATFORM"
1 1 1 1
0.800000 0.800000 0.800000 1
0 0 0 1
1 1 1 1
0.185600
1
"PLATFORM.png"
""
"MOVEMENT"
0.200000 0.200000 0.200000 0.900000
0.800000 0.800000 0.800000 0.900000
0 0 0 0.900000
1 1 1 0.900000
0
0.900000
"MOVEMENT.ini"
""
"PLATFORM_1"
0.200000 0.200000 0.200000 1
0.800000 0.800000 0.800000 1
0 0 0 1
1 1 1 1
0
1
"PLATFORM_1.png"
""
"ROOF"
0.200000 0.200000 0.200000 1
0.800000 0.800000 0.800000 1
0 0 0 1
1 1 1 1
0
1
"ROOF.png"
""
"GLOW"
0.200000 0.200000 0.200000 1
0.800000 0.800000 0.800000 1
0 0 0 1
1 1 1 1
0
1
"GLOW.png"
""
"BAR"
0.200000 0.200000 0.200000 1
0.800000 0.800000 0.800000 1
0 0 0 1
1 1 1 1
0
1
"BAR.png"
""
"LIGHT"
0.200000 0.200000 0.200000 1
0.800000 0.800000 0.800000 1
0 0 0 1
1 1 1 1
0
1
"LIGHT.ini"
""

Bones: 3
"joint1"
""
8 0 0 0 -2.344811 1.063678 -3.141592
0
0
"joint2"
"joint1"
8 0 0 0 2.310098 0.305021 0
0
0
"joint3"
"joint2"
8 0 0 0 0 -0 0
0
0
GroupComments: 0
MaterialComments: 0
BoneComments: 0
ModelComment: 0
