// MilkShape 3D ASCII

Frames: 30
Frame: 1

Meshes: 1
"Regroup00" 0 0
981
0 -41.241562 -36.039867 84.310646 0.403394 0.912344 -1
0 -41.241562 -42.710133 84.310646 0.403394 0.985651 -1
0 -41.241562 -42.710133 109.685768 0.403394 0.985651 -1
0 -41.241562 -36.039867 109.685768 0.403394 0.912344 -1
0 -41.241562 -36.039867 109.685768 0.403394 0.912344 -1
0 -41.241562 -42.710133 109.685768 0.403394 0.985651 -1
0 -15.761444 -42.710133 109.685768 0.463802 0.985651 -1
0 -15.761444 -36.039867 109.685768 0.463802 0.912344 -1
0 -15.761444 -36.039867 109.685768 0.463802 0.912344 -1
0 -15.761444 -42.710133 109.685768 0.463802 0.985651 -1
0 -15.761436 -42.710133 84.310646 0.463802 0.985651 -1
0 -15.761436 -36.039867 84.310646 0.463802 0.912344 -1
0 -41.241562 -42.710133 84.310646 0.403394 0.985651 -1
0 -41.241562 -36.039867 84.310646 0.403394 0.912344 -1
0 -209.241562 -36.039867 70.310646 0.005105 0.912344 -1
0 -209.241562 -42.710133 70.310646 0.005105 0.985651 -1
0 -209.241562 -42.710133 95.685768 0.005105 0.985651 -1
0 -209.241562 -36.039867 95.685768 0.005105 0.912344 -1
0 -183.761444 -42.710133 95.685768 0.065513 0.985651 -1
0 -183.761444 -36.039867 95.685768 0.065513 0.912344 -1
0 -183.761444 -42.710133 70.310646 0.065513 0.985651 -1
0 -183.761444 -36.039867 70.310646 0.065513 0.912344 -1
0 -114.241562 -36.039867 171.310638 0.230328 0.912344 -1
0 -114.241562 -42.710133 171.310638 0.230328 0.985651 -1
0 -114.241562 -42.710133 196.685760 0.230328 0.985651 -1
0 -114.241562 -36.039867 196.685760 0.230328 0.912344 -1
0 -88.761444 -42.710133 196.685760 0.290736 0.985651 -1
0 -88.761444 -36.039867 196.685760 0.290736 0.912344 -1
0 -88.761444 -42.710133 171.310638 0.290736 0.985651 -1
0 -88.761444 -36.039867 171.310638 0.290736 0.912344 -1
0 -114.241562 -42.710133 171.310638 0.230328 0.985651 -1
0 41.241562 -36.039867 84.310646 0.598943 0.912344 -1
0 41.241562 -42.710133 84.310646 0.598943 0.985651 -1
0 41.241562 -42.710133 109.685768 0.598943 0.985651 -1
0 41.241562 -36.039867 109.685768 0.598943 0.912344 -1
0 15.761444 -42.710133 109.685768 0.538535 0.985651 -1
0 15.761444 -36.039867 109.685768 0.538535 0.912344 -1
0 15.761436 -42.710133 84.310646 0.538535 0.985651 -1
0 15.761436 -36.039867 84.310646 0.538535 0.912344 -1
0 41.241562 -42.710133 84.310646 0.598943 0.985651 -1
0 209.241562 -36.039867 70.310646 0.997232 0.912344 -1
0 209.241562 -42.710133 70.310646 0.997232 0.985651 -1
0 209.241562 -42.710133 95.685768 0.997232 0.985651 -1
0 209.241562 -36.039867 95.685768 0.997232 0.912344 -1
0 183.761444 -42.710133 95.685768 0.936825 0.985651 -1
0 183.761444 -36.039867 95.685768 0.936825 0.912344 -1
0 183.761444 -42.710133 70.310646 0.936825 0.985651 -1
0 183.761444 -36.039867 70.310646 0.936825 0.912344 -1
0 114.241562 -36.039867 171.310638 0.772009 0.912344 -1
0 114.241562 -42.710133 171.310638 0.772009 0.985651 -1
0 114.241562 -42.710133 196.685760 0.772009 0.985651 -1
0 114.241562 -36.039867 196.685760 0.772009 0.912344 -1
0 88.761444 -42.710133 196.685760 0.711602 0.985651 -1
0 88.761444 -36.039867 196.685760 0.711602 0.912344 -1
0 88.761444 -42.710133 171.310638 0.711602 0.985651 -1
0 88.761444 -36.039867 171.310638 0.711602 0.912344 -1
0 41.241562 -36.039867 -84.310638 0.598943 0.912344 -1
0 41.241562 -42.710133 -84.310638 0.598943 0.985651 -1
0 41.241562 -42.710133 -109.685776 0.598943 0.985651 -1
0 41.241562 -36.039867 -109.685776 0.598943 0.912344 -1
0 15.761444 -42.710133 -109.685776 0.538535 0.985651 -1
0 15.761444 -36.039867 -109.685776 0.538535 0.912344 -1
0 15.761436 -42.710133 -84.310646 0.538535 0.985651 -1
0 15.761436 -36.039867 -84.310646 0.538535 0.912344 -1
0 209.241562 -36.039867 -70.310638 0.997232 0.912344 -1
0 209.241562 -42.710133 -70.310638 0.997232 0.985651 -1
0 209.241562 -42.710133 -95.685776 0.997232 0.985651 -1
0 209.241562 -36.039867 -95.685776 0.997232 0.912344 -1
0 209.241562 -36.039867 -95.685776 0.997232 0.912344 -1
0 183.761444 -42.710133 -95.685776 0.936825 0.985651 -1
0 183.761444 -36.039867 -95.685776 0.936825 0.912344 -1
0 183.761444 -42.710133 -95.685776 0.936825 0.985651 -1
0 183.761444 -42.710133 -70.310638 0.936825 0.985651 -1
0 183.761444 -36.039867 -70.310638 0.936825 0.912344 -1
0 114.241562 -36.039867 -171.310638 0.772009 0.912344 -1
0 114.241562 -42.710133 -171.310638 0.772009 0.985651 -1
0 114.241562 -42.710133 -196.685776 0.772009 0.985651 -1
0 114.241562 -36.039867 -196.685776 0.772009 0.912344 -1
0 88.761444 -42.710133 -196.685776 0.711602 0.985651 -1
0 88.761444 -36.039867 -196.685776 0.711602 0.912344 -1
0 88.761444 -42.710133 -171.310638 0.711602 0.985651 -1
0 88.761444 -36.039867 -171.310638 0.711602 0.912344 -1
0 -41.241562 -36.039867 -84.310638 0.403394 0.912344 -1
0 -41.241562 -42.710133 -84.310638 0.403394 0.985651 -1
0 -41.241562 -42.710133 -109.685776 0.403394 0.985651 -1
0 -41.241562 -36.039867 -109.685776 0.403394 0.912344 -1
0 -15.761444 -42.710133 -109.685776 0.463802 0.985651 -1
0 -15.761444 -36.039867 -109.685776 0.463802 0.912344 -1
0 -15.761436 -42.710133 -84.310646 0.463802 0.985651 -1
0 -15.761436 -36.039867 -84.310646 0.463802 0.912344 -1
0 -209.241562 -36.039867 -70.310638 0.005105 0.912344 -1
0 -209.241562 -42.710133 -70.310638 0.005105 0.985651 -1
0 -209.241562 -42.710133 -95.685776 0.005105 0.985651 -1
0 -209.241562 -36.039867 -95.685776 0.005105 0.912344 -1
0 -183.761444 -42.710133 -95.685776 0.065513 0.985651 -1
0 -183.761444 -36.039867 -95.685776 0.065513 0.912344 -1
0 -183.761444 -42.710133 -70.310638 0.065513 0.985651 -1
0 -183.761444 -36.039867 -70.310638 0.065513 0.912344 -1
0 -114.241562 -36.039867 -171.310638 0.230328 0.912344 -1
0 -114.241562 -42.710133 -171.310638 0.230328 0.985651 -1
0 -114.241562 -42.710133 -196.685776 0.230328 0.985651 -1
0 -114.241562 -36.039867 -196.685776 0.230328 0.912344 -1
0 -88.761444 -42.710133 -196.685776 0.290736 0.985651 -1
0 -88.761444 -36.039867 -196.685776 0.290736 0.912344 -1
0 -88.761444 -42.710133 -171.310638 0.290736 0.985651 -1
0 -88.761444 -36.039867 -171.310638 0.290736 0.912344 -1
0 -114.241562 -36.039867 -171.310638 0.230328 0.912344 -1
0 -41.241562 -27.289867 84.310646 0.403394 0.816181 -1
0 -41.241562 -33.960133 84.310646 0.403394 0.889488 -1
0 -41.241562 -33.960133 109.685768 0.403394 0.889488 -1
0 -41.241562 -27.289867 109.685768 0.403394 0.816181 -1
0 -15.761444 -33.960133 109.685768 0.463802 0.889488 -1
0 -15.761444 -27.289867 109.685768 0.463802 0.816181 -1
0 -15.761444 -33.960133 109.685768 0.463802 0.889488 -1
0 -15.761436 -33.960133 84.310646 0.463802 0.889488 -1
0 -15.761436 -27.289867 84.310646 0.463802 0.816181 -1
0 -41.241562 -33.960133 84.310646 0.403394 0.889488 -1
0 -209.241562 -27.289867 70.310646 0.005105 0.816181 -1
0 -209.241562 -33.960133 70.310646 0.005105 0.889488 -1
0 -209.241562 -33.960133 95.685768 0.005105 0.889488 -1
0 -209.241562 -27.289867 95.685768 0.005105 0.816181 -1
0 -183.761444 -33.960133 95.685768 0.065513 0.889488 -1
0 -183.761444 -27.289867 95.685768 0.065513 0.816181 -1
0 -183.761444 -33.960133 70.310646 0.065513 0.889488 -1
0 -183.761444 -27.289867 70.310646 0.065513 0.816181 -1
0 -114.241562 -27.289867 171.310638 0.230328 0.816181 -1
0 -114.241562 -33.960133 171.310638 0.230328 0.889488 -1
0 -114.241562 -33.960133 196.685760 0.230328 0.889488 -1
0 -114.241562 -27.289867 196.685760 0.230328 0.816181 -1
0 -114.241562 -27.289867 196.685760 0.230328 0.816181 -1
0 -88.761444 -33.960133 196.685760 0.290736 0.889488 -1
0 -88.761444 -27.289867 196.685760 0.290736 0.816181 -1
0 -88.761444 -33.960133 196.685760 0.290736 0.889488 -1
0 -88.761444 -33.960133 171.310638 0.290736 0.889488 -1
0 -88.761444 -27.289867 171.310638 0.290736 0.816181 -1
0 41.241562 -27.289867 84.310646 0.598943 0.816181 -1
0 41.241562 -33.960133 84.310646 0.598943 0.889488 -1
0 41.241562 -33.960133 109.685768 0.598943 0.889488 -1
0 41.241562 -27.289867 109.685768 0.598943 0.816181 -1
0 15.761444 -33.960133 109.685768 0.538535 0.889488 -1
0 15.761444 -27.289867 109.685768 0.538535 0.816181 -1
0 15.761436 -33.960133 84.310646 0.538535 0.889488 -1
0 15.761436 -27.289867 84.310646 0.538535 0.816181 -1
0 209.241562 -27.289867 70.310646 0.997232 0.816181 -1
0 209.241562 -33.960133 70.310646 0.997232 0.889488 -1
0 209.241562 -33.960133 95.685768 0.997232 0.889488 -1
0 209.241562 -27.289867 95.685768 0.997232 0.816181 -1
0 183.761444 -33.960133 95.685768 0.936825 0.889488 -1
0 183.761444 -27.289867 95.685768 0.936825 0.816181 -1
0 183.761444 -33.960133 70.310646 0.936825 0.889488 -1
0 183.761444 -27.289867 70.310646 0.936825 0.816181 -1
0 114.241562 -27.289867 171.310638 0.772009 0.816181 -1
0 114.241562 -33.960133 171.310638 0.772009 0.889488 -1
0 114.241562 -33.960133 196.685760 0.772009 0.889488 -1
0 114.241562 -27.289867 196.685760 0.772009 0.816181 -1
0 88.761444 -33.960133 196.685760 0.711602 0.889488 -1
0 88.761444 -27.289867 196.685760 0.711602 0.816181 -1
0 88.761444 -33.960133 171.310638 0.711602 0.889488 -1
0 88.761444 -27.289867 171.310638 0.711602 0.816181 -1
0 41.241562 -27.289867 -84.310638 0.598943 0.816181 -1
0 41.241562 -33.960133 -84.310638 0.598943 0.889488 -1
0 41.241562 -33.960133 -109.685776 0.598943 0.889488 -1
0 41.241562 -27.289867 -109.685776 0.598943 0.816181 -1
0 15.761444 -33.960133 -109.685776 0.538535 0.889488 -1
0 15.761444 -27.289867 -109.685776 0.538535 0.816181 -1
0 15.761436 -33.960133 -84.310646 0.538535 0.889488 -1
0 15.761436 -27.289867 -84.310646 0.538535 0.816181 -1
0 209.241562 -27.289867 -70.310638 0.997232 0.816181 -1
0 209.241562 -33.960133 -70.310638 0.997232 0.889488 -1
0 209.241562 -33.960133 -95.685776 0.997232 0.889488 -1
0 209.241562 -27.289867 -95.685776 0.997232 0.816181 -1
0 209.241562 -27.289867 -95.685776 0.997232 0.816181 -1
0 183.761444 -33.960133 -95.685776 0.936825 0.889488 -1
0 183.761444 -27.289867 -95.685776 0.936825 0.816181 -1
0 183.761444 -33.960133 -95.685776 0.936825 0.889488 -1
0 183.761444 -33.960133 -70.310638 0.936825 0.889488 -1
0 183.761444 -27.289867 -70.310638 0.936825 0.816181 -1
0 114.241562 -27.289867 -171.310638 0.772009 0.816181 -1
0 114.241562 -33.960133 -171.310638 0.772009 0.889488 -1
0 114.241562 -33.960133 -196.685776 0.772009 0.889488 -1
0 114.241562 -27.289867 -196.685776 0.772009 0.816181 -1
0 88.761444 -33.960133 -196.685776 0.711602 0.889488 -1
0 88.761444 -27.289867 -196.685776 0.711602 0.816181 -1
0 88.761444 -33.960133 -171.310638 0.711602 0.889488 -1
0 88.761444 -27.289867 -171.310638 0.711602 0.816181 -1
0 -41.241562 -27.289867 -84.310638 0.403394 0.816181 -1
0 -41.241562 -33.960133 -84.310638 0.403394 0.889488 -1
0 -41.241562 -33.960133 -109.685776 0.403394 0.889488 -1
0 -41.241562 -27.289867 -109.685776 0.403394 0.816181 -1
0 -15.761444 -33.960133 -109.685776 0.463802 0.889488 -1
0 -15.761444 -27.289867 -109.685776 0.463802 0.816181 -1
0 -15.761436 -33.960133 -84.310646 0.463802 0.889488 -1
0 -15.761436 -27.289867 -84.310646 0.463802 0.816181 -1
0 -209.241562 -27.289867 -70.310638 0.005105 0.816181 -1
0 -209.241562 -33.960133 -70.310638 0.005105 0.889488 -1
0 -209.241562 -33.960133 -95.685776 0.005105 0.889488 -1
0 -209.241562 -27.289867 -95.685776 0.005105 0.816181 -1
0 -209.241562 -27.289867 -95.685776 0.005105 0.816181 -1
0 -209.241562 -33.960133 -95.685776 0.005105 0.889488 -1
0 -183.761444 -33.960133 -95.685776 0.065513 0.889488 -1
0 -183.761444 -27.289867 -95.685776 0.065513 0.816181 -1
0 -183.761444 -27.289867 -95.685776 0.065513 0.816181 -1
0 -183.761444 -33.960133 -70.310638 0.065513 0.889488 -1
0 -183.761444 -27.289867 -70.310638 0.065513 0.816181 -1
0 -114.241562 -27.289867 -171.310638 0.230328 0.816181 -1
0 -114.241562 -33.960133 -171.310638 0.230328 0.889488 -1
0 -114.241562 -33.960133 -196.685776 0.230328 0.889488 -1
0 -114.241562 -27.289867 -196.685776 0.230328 0.816181 -1
0 -88.761444 -33.960133 -196.685776 0.290736 0.889488 -1
0 -88.761444 -27.289867 -196.685776 0.290736 0.816181 -1
0 -88.761444 -33.960133 -171.310638 0.290736 0.889488 -1
0 -88.761444 -27.289867 -171.310638 0.290736 0.816181 -1
0 -114.241562 -27.289867 -171.310638 0.230328 0.816181 -1
0 -41.241562 -18.539867 84.310646 0.403394 0.720017 -1
0 -41.241562 -25.210133 84.310646 0.403394 0.793324 -1
0 -41.241562 -25.210133 109.685768 0.403394 0.793324 -1
0 -41.241562 -18.539867 109.685768 0.403394 0.720017 -1
0 -15.761444 -25.210133 109.685768 0.463802 0.793324 -1
0 -15.761444 -18.539867 109.685768 0.463802 0.720017 -1
0 -15.761436 -25.210133 84.310646 0.463802 0.793324 -1
0 -15.761436 -18.539867 84.310646 0.463802 0.720017 -1
0 -209.241562 -18.539867 70.310646 0.005105 0.720017 -1
0 -209.241562 -25.210133 70.310646 0.005105 0.793324 -1
0 -209.241562 -25.210133 95.685768 0.005105 0.793324 -1
0 -209.241562 -18.539867 95.685768 0.005105 0.720017 -1
0 -183.761444 -25.210133 95.685768 0.065513 0.793324 -1
0 -183.761444 -18.539867 95.685768 0.065513 0.720017 -1
0 -183.761444 -25.210133 70.310646 0.065513 0.793324 -1
0 -183.761444 -18.539867 70.310646 0.065513 0.720017 -1
0 -114.241562 -18.539867 171.310638 0.230328 0.720017 -1
0 -114.241562 -25.210133 171.310638 0.230328 0.793324 -1
0 -114.241562 -25.210133 196.685760 0.230328 0.793324 -1
0 -114.241562 -18.539867 196.685760 0.230328 0.720017 -1
0 -88.761444 -25.210133 196.685760 0.290736 0.793324 -1
0 -88.761444 -18.539867 196.685760 0.290736 0.720017 -1
0 -88.761444 -25.210133 171.310638 0.290736 0.793324 -1
0 -88.761444 -18.539867 171.310638 0.290736 0.720017 -1
0 41.241562 -18.539867 84.310646 0.598943 0.720017 -1
0 41.241562 -25.210133 84.310646 0.598943 0.793324 -1
0 41.241562 -25.210133 109.685768 0.598943 0.793324 -1
0 41.241562 -18.539867 109.685768 0.598943 0.720017 -1
0 15.761444 -25.210133 109.685768 0.538535 0.793324 -1
0 15.761444 -18.539867 109.685768 0.538535 0.720017 -1
0 15.761436 -25.210133 84.310646 0.538535 0.793324 -1
0 15.761436 -18.539867 84.310646 0.538535 0.720017 -1
0 209.241562 -18.539867 70.310646 0.997232 0.720017 -1
0 209.241562 -25.210133 70.310646 0.997232 0.793324 -1
0 209.241562 -25.210133 95.685768 0.997232 0.793324 -1
0 209.241562 -18.539867 95.685768 0.997232 0.720017 -1
0 183.761444 -25.210133 95.685768 0.936825 0.793324 -1
0 183.761444 -18.539867 95.685768 0.936825 0.720017 -1
0 183.761444 -25.210133 70.310646 0.936825 0.793324 -1
0 183.761444 -18.539867 70.310646 0.936825 0.720017 -1
0 114.241562 -18.539867 171.310638 0.772009 0.720017 -1
0 114.241562 -25.210133 171.310638 0.772009 0.793324 -1
0 114.241562 -25.210133 196.685760 0.772009 0.793324 -1
0 114.241562 -18.539867 196.685760 0.772009 0.720017 -1
0 88.761444 -25.210133 196.685760 0.711602 0.793324 -1
0 88.761444 -18.539867 196.685760 0.711602 0.720017 -1
0 88.761444 -25.210133 171.310638 0.711602 0.793324 -1
0 88.761444 -18.539867 171.310638 0.711602 0.720017 -1
0 41.241562 -18.539867 -84.310638 0.598943 0.720017 -1
0 41.241562 -25.210133 -84.310638 0.598943 0.793324 -1
0 41.241562 -25.210133 -109.685776 0.598943 0.793324 -1
0 41.241562 -18.539867 -109.685776 0.598943 0.720017 -1
0 15.761444 -25.210133 -109.685776 0.538535 0.793324 -1
0 15.761444 -18.539867 -109.685776 0.538535 0.720017 -1
0 15.761436 -25.210133 -84.310646 0.538535 0.793324 -1
0 15.761436 -18.539867 -84.310646 0.538535 0.720017 -1
0 209.241562 -18.539867 -70.310638 0.997232 0.720017 -1
0 209.241562 -25.210133 -70.310638 0.997232 0.793324 -1
0 209.241562 -25.210133 -95.685776 0.997232 0.793324 -1
0 209.241562 -18.539867 -95.685776 0.997232 0.720017 -1
0 183.761444 -25.210133 -95.685776 0.936825 0.793324 -1
0 183.761444 -18.539867 -95.685776 0.936825 0.720017 -1
0 183.761444 -25.210133 -70.310638 0.936825 0.793324 -1
0 183.761444 -18.539867 -70.310638 0.936825 0.720017 -1
0 114.241562 -18.539867 -171.310638 0.772009 0.720017 -1
0 114.241562 -25.210133 -171.310638 0.772009 0.793324 -1
0 114.241562 -25.210133 -196.685776 0.772009 0.793324 -1
0 114.241562 -18.539867 -196.685776 0.772009 0.720017 -1
0 88.761444 -25.210133 -196.685776 0.711602 0.793324 -1
0 88.761444 -18.539867 -196.685776 0.711602 0.720017 -1
0 88.761444 -25.210133 -171.310638 0.711602 0.793324 -1
0 88.761444 -18.539867 -171.310638 0.711602 0.720017 -1
0 -41.241562 -18.539867 -84.310638 0.403394 0.720017 -1
0 -41.241562 -25.210133 -84.310638 0.403394 0.793324 -1
0 -41.241562 -25.210133 -109.685776 0.403394 0.793324 -1
0 -41.241562 -18.539867 -109.685776 0.403394 0.720017 -1
0 -15.761444 -25.210133 -109.685776 0.463802 0.793324 -1
0 -15.761444 -18.539867 -109.685776 0.463802 0.720017 -1
0 -15.761436 -25.210133 -84.310646 0.463802 0.793324 -1
0 -15.761436 -18.539867 -84.310646 0.463802 0.720017 -1
0 -209.241562 -18.539867 -70.310638 0.005105 0.720017 -1
0 -209.241562 -25.210133 -70.310638 0.005105 0.793324 -1
0 -209.241562 -25.210133 -95.685776 0.005105 0.793324 -1
0 -209.241562 -18.539867 -95.685776 0.005105 0.720017 -1
0 -183.761444 -25.210133 -95.685776 0.065513 0.793324 -1
0 -183.761444 -18.539867 -95.685776 0.065513 0.720017 -1
0 -183.761444 -25.210133 -70.310638 0.065513 0.793324 -1
0 -183.761444 -18.539867 -70.310638 0.065513 0.720017 -1
0 -114.241562 -18.539867 -171.310638 0.230328 0.720017 -1
0 -114.241562 -25.210133 -171.310638 0.230328 0.793324 -1
0 -114.241562 -25.210133 -196.685776 0.230328 0.793324 -1
0 -114.241562 -18.539867 -196.685776 0.230328 0.720017 -1
0 -88.761444 -25.210133 -196.685776 0.290736 0.793324 -1
0 -88.761444 -18.539867 -196.685776 0.290736 0.720017 -1
0 -88.761444 -25.210133 -171.310638 0.290736 0.793324 -1
0 -88.761444 -18.539867 -171.310638 0.290736 0.720017 -1
0 -41.241562 -9.789867 84.310646 0.403394 0.623854 -1
0 -41.241562 -16.460133 84.310646 0.403394 0.697161 -1
0 -41.241562 -16.460133 109.685768 0.403394 0.697161 -1
0 -41.241562 -9.789867 109.685768 0.403394 0.623854 -1
0 -15.761444 -16.460133 109.685768 0.463802 0.697161 -1
0 -15.761444 -9.789867 109.685768 0.463802 0.623854 -1
0 -15.761436 -16.460133 84.310646 0.463802 0.697161 -1
0 -15.761436 -9.789867 84.310646 0.463802 0.623854 -1
0 -209.241562 -9.789867 70.310646 0.005105 0.623854 -1
0 -209.241562 -16.460133 70.310646 0.005105 0.697161 -1
0 -209.241562 -16.460133 95.685768 0.005105 0.697161 -1
0 -209.241562 -9.789867 95.685768 0.005105 0.623854 -1
0 -183.761444 -16.460133 95.685768 0.065513 0.697161 -1
0 -183.761444 -9.789867 95.685768 0.065513 0.623854 -1
0 -183.761444 -16.460133 70.310646 0.065513 0.697161 -1
0 -183.761444 -9.789867 70.310646 0.065513 0.623854 -1
0 -114.241562 -9.789867 171.310638 0.230328 0.623854 -1
0 -114.241562 -16.460133 171.310638 0.230328 0.697161 -1
0 -114.241562 -16.460133 196.685760 0.230328 0.697161 -1
0 -114.241562 -9.789867 196.685760 0.230328 0.623854 -1
0 -88.761444 -16.460133 196.685760 0.290736 0.697161 -1
0 -88.761444 -9.789867 196.685760 0.290736 0.623854 -1
0 -88.761444 -16.460133 171.310638 0.290736 0.697161 -1
0 -88.761444 -9.789867 171.310638 0.290736 0.623854 -1
0 41.241562 -9.789867 84.310646 0.598943 0.623854 -1
0 41.241562 -16.460133 84.310646 0.598943 0.697161 -1
0 41.241562 -16.460133 109.685768 0.598943 0.697161 -1
0 41.241562 -9.789867 109.685768 0.598943 0.623854 -1
0 15.761444 -16.460133 109.685768 0.538535 0.697161 -1
0 15.761444 -9.789867 109.685768 0.538535 0.623854 -1
0 15.761436 -16.460133 84.310646 0.538535 0.697161 -1
0 15.761436 -9.789867 84.310646 0.538535 0.623854 -1
0 209.241562 -9.789867 70.310646 0.997232 0.623854 -1
0 209.241562 -16.460133 70.310646 0.997232 0.697161 -1
0 209.241562 -16.460133 95.685768 0.997232 0.697161 -1
0 209.241562 -9.789867 95.685768 0.997232 0.623854 -1
0 183.761444 -16.460133 95.685768 0.936825 0.697161 -1
0 183.761444 -9.789867 95.685768 0.936825 0.623854 -1
0 183.761444 -16.460133 70.310646 0.936825 0.697161 -1
0 183.761444 -9.789867 70.310646 0.936825 0.623854 -1
0 114.241562 -9.789867 171.310638 0.772009 0.623854 -1
0 114.241562 -16.460133 171.310638 0.772009 0.697161 -1
0 114.241562 -16.460133 196.685760 0.772009 0.697161 -1
0 114.241562 -9.789867 196.685760 0.772009 0.623854 -1
0 88.761444 -16.460133 196.685760 0.711602 0.697161 -1
0 88.761444 -9.789867 196.685760 0.711602 0.623854 -1
0 88.761444 -16.460133 171.310638 0.711602 0.697161 -1
0 88.761444 -9.789867 171.310638 0.711602 0.623854 -1
0 41.241562 -9.789867 -84.310638 0.598943 0.623854 -1
0 41.241562 -16.460133 -84.310638 0.598943 0.697161 -1
0 41.241562 -16.460133 -109.685776 0.598943 0.697161 -1
0 41.241562 -9.789867 -109.685776 0.598943 0.623854 -1
0 15.761444 -16.460133 -109.685776 0.538535 0.697161 -1
0 15.761444 -9.789867 -109.685776 0.538535 0.623854 -1
0 15.761436 -16.460133 -84.310646 0.538535 0.697161 -1
0 15.761436 -9.789867 -84.310646 0.538535 0.623854 -1
0 209.241562 -9.789867 -70.310638 0.997232 0.623854 -1
0 209.241562 -16.460133 -70.310638 0.997232 0.697161 -1
0 209.241562 -16.460133 -95.685776 0.997232 0.697161 -1
0 209.241562 -9.789867 -95.685776 0.997232 0.623854 -1
0 183.761444 -16.460133 -95.685776 0.936825 0.697161 -1
0 183.761444 -9.789867 -95.685776 0.936825 0.623854 -1
0 183.761444 -16.460133 -70.310638 0.936825 0.697161 -1
0 183.761444 -9.789867 -70.310638 0.936825 0.623854 -1
0 114.241562 -9.789867 -171.310638 0.772009 0.623854 -1
0 114.241562 -16.460133 -171.310638 0.772009 0.697161 -1
0 114.241562 -16.460133 -196.685776 0.772009 0.697161 -1
0 114.241562 -9.789867 -196.685776 0.772009 0.623854 -1
0 88.761444 -16.460133 -196.685776 0.711602 0.697161 -1
0 88.761444 -9.789867 -196.685776 0.711602 0.623854 -1
0 88.761444 -16.460133 -171.310638 0.711602 0.697161 -1
0 88.761444 -9.789867 -171.310638 0.711602 0.623854 -1
0 -41.241562 -9.789867 -84.310638 0.403394 0.623854 -1
0 -41.241562 -16.460133 -84.310638 0.403394 0.697161 -1
0 -41.241562 -16.460133 -109.685776 0.403394 0.697161 -1
0 -41.241562 -9.789867 -109.685776 0.403394 0.623854 -1
0 -15.761444 -16.460133 -109.685776 0.463802 0.697161 -1
0 -15.761444 -9.789867 -109.685776 0.463802 0.623854 -1
0 -15.761436 -16.460133 -84.310646 0.463802 0.697161 -1
0 -15.761436 -9.789867 -84.310646 0.463802 0.623854 -1
0 -209.241562 -9.789867 -70.310638 0.005105 0.623854 -1
0 -209.241562 -16.460133 -70.310638 0.005105 0.697161 -1
0 -209.241562 -16.460133 -95.685776 0.005105 0.697161 -1
0 -209.241562 -9.789867 -95.685776 0.005105 0.623854 -1
0 -183.761444 -16.460133 -95.685776 0.065513 0.697161 -1
0 -183.761444 -9.789867 -95.685776 0.065513 0.623854 -1
0 -183.761444 -16.460133 -70.310638 0.065513 0.697161 -1
0 -183.761444 -9.789867 -70.310638 0.065513 0.623854 -1
0 -114.241562 -9.789867 -171.310638 0.230328 0.623854 -1
0 -114.241562 -16.460133 -171.310638 0.230328 0.697161 -1
0 -114.241562 -16.460133 -196.685776 0.230328 0.697161 -1
0 -114.241562 -9.789867 -196.685776 0.230328 0.623854 -1
0 -88.761444 -16.460133 -196.685776 0.290736 0.697161 -1
0 -88.761444 -9.789867 -196.685776 0.290736 0.623854 -1
0 -88.761444 -16.460133 -171.310638 0.290736 0.697161 -1
0 -88.761444 -9.789867 -171.310638 0.290736 0.623854 -1
0 -41.241562 -1.039867 84.310646 0.403394 0.527690 -1
0 -41.241562 -7.710135 84.310646 0.403394 0.600997 -1
0 -41.241562 -7.710135 109.685768 0.403394 0.600997 -1
0 -41.241562 -1.039867 109.685768 0.403394 0.527690 -1
0 -15.761444 -7.710135 109.685768 0.463802 0.600997 -1
0 -15.761444 -1.039867 109.685768 0.463802 0.527690 -1
0 -15.761436 -7.710135 84.310646 0.463802 0.600997 -1
0 -15.761436 -1.039867 84.310646 0.463802 0.527690 -1
0 -209.241562 -1.039867 70.310646 0.005105 0.527690 -1
0 -209.241562 -7.710135 70.310646 0.005105 0.600997 -1
0 -209.241562 -7.710135 95.685768 0.005105 0.600997 -1
0 -209.241562 -1.039867 95.685768 0.005105 0.527690 -1
0 -183.761444 -7.710135 95.685768 0.065513 0.600997 -1
0 -183.761444 -1.039867 95.685768 0.065513 0.527690 -1
0 -183.761444 -7.710135 70.310646 0.065513 0.600997 -1
0 -183.761444 -1.039867 70.310646 0.065513 0.527690 -1
0 -114.241562 -1.039867 171.310638 0.230328 0.527690 -1
0 -114.241562 -7.710135 171.310638 0.230328 0.600997 -1
0 -114.241562 -7.710135 196.685760 0.230328 0.600997 -1
0 -114.241562 -1.039867 196.685760 0.230328 0.527690 -1
0 -88.761444 -7.710135 196.685760 0.290736 0.600997 -1
0 -88.761444 -1.039867 196.685760 0.290736 0.527690 -1
0 -88.761444 -7.710135 171.310638 0.290736 0.600997 -1
0 -88.761444 -1.039867 171.310638 0.290736 0.527690 -1
0 41.241562 -1.039867 84.310646 0.598943 0.527690 -1
0 41.241562 -7.710135 84.310646 0.598943 0.600997 -1
0 41.241562 -7.710135 109.685768 0.598943 0.600997 -1
0 41.241562 -1.039867 109.685768 0.598943 0.527690 -1
0 15.761444 -7.710135 109.685768 0.538535 0.600997 -1
0 15.761444 -1.039867 109.685768 0.538535 0.527690 -1
0 15.761436 -7.710135 84.310646 0.538535 0.600997 -1
0 15.761436 -1.039867 84.310646 0.538535 0.527690 -1
0 209.241562 -1.039867 70.310646 0.997232 0.527690 -1
0 209.241562 -7.710135 70.310646 0.997232 0.600997 -1
0 209.241562 -7.710135 95.685768 0.997232 0.600997 -1
0 209.241562 -1.039867 95.685768 0.997232 0.527690 -1
0 183.761444 -7.710135 95.685768 0.936825 0.600997 -1
0 183.761444 -1.039867 95.685768 0.936825 0.527690 -1
0 183.761444 -7.710135 70.310646 0.936825 0.600997 -1
0 183.761444 -1.039867 70.310646 0.936825 0.527690 -1
0 114.241562 -1.039867 171.310638 0.772009 0.527690 -1
0 114.241562 -7.710135 171.310638 0.772009 0.600997 -1
0 114.241562 -7.710135 196.685760 0.772009 0.600997 -1
0 114.241562 -1.039867 196.685760 0.772009 0.527690 -1
0 88.761444 -7.710135 196.685760 0.711602 0.600997 -1
0 88.761444 -1.039867 196.685760 0.711602 0.527690 -1
0 88.761444 -7.710135 171.310638 0.711602 0.600997 -1
0 88.761444 -1.039867 171.310638 0.711602 0.527690 -1
0 41.241562 -1.039867 -84.310638 0.598943 0.527690 -1
0 41.241562 -7.710135 -84.310638 0.598943 0.600997 -1
0 41.241562 -7.710135 -109.685776 0.598943 0.600997 -1
0 41.241562 -1.039867 -109.685776 0.598943 0.527690 -1
0 15.761444 -7.710135 -109.685776 0.538535 0.600997 -1
0 15.761444 -1.039867 -109.685776 0.538535 0.527690 -1
0 15.761436 -7.710135 -84.310646 0.538535 0.600997 -1
0 15.761436 -1.039867 -84.310646 0.538535 0.527690 -1
0 209.241562 -1.039867 -70.310638 0.997232 0.527690 -1
0 209.241562 -7.710135 -70.310638 0.997232 0.600997 -1
0 209.241562 -7.710135 -95.685776 0.997232 0.600997 -1
0 209.241562 -1.039867 -95.685776 0.997232 0.527690 -1
0 183.761444 -7.710135 -95.685776 0.936825 0.600997 -1
0 183.761444 -1.039867 -95.685776 0.936825 0.527690 -1
0 183.761444 -7.710135 -70.310638 0.936825 0.600997 -1
0 183.761444 -1.039867 -70.310638 0.936825 0.527690 -1
0 114.241562 -1.039867 -171.310638 0.772009 0.527690 -1
0 114.241562 -7.710135 -171.310638 0.772009 0.600997 -1
0 114.241562 -7.710135 -196.685776 0.772009 0.600997 -1
0 114.241562 -1.039867 -196.685776 0.772009 0.527690 -1
0 88.761444 -7.710135 -196.685776 0.711602 0.600997 -1
0 88.761444 -1.039867 -196.685776 0.711602 0.527690 -1
0 88.761444 -7.710135 -171.310638 0.711602 0.600997 -1
0 88.761444 -1.039867 -171.310638 0.711602 0.527690 -1
0 -41.241562 -1.039867 -84.310638 0.403394 0.527690 -1
0 -41.241562 -7.710135 -84.310638 0.403394 0.600997 -1
0 -41.241562 -7.710135 -109.685776 0.403394 0.600997 -1
0 -41.241562 -1.039867 -109.685776 0.403394 0.527690 -1
0 -15.761444 -7.710135 -109.685776 0.463802 0.600997 -1
0 -15.761444 -1.039867 -109.685776 0.463802 0.527690 -1
0 -15.761436 -7.710135 -84.310646 0.463802 0.600997 -1
0 -15.761436 -1.039867 -84.310646 0.463802 0.527690 -1
0 -209.241562 -1.039867 -70.310638 0.005105 0.527690 -1
0 -209.241562 -7.710135 -70.310638 0.005105 0.600997 -1
0 -209.241562 -7.710135 -95.685776 0.005105 0.600997 -1
0 -209.241562 -1.039867 -95.685776 0.005105 0.527690 -1
0 -183.761444 -7.710135 -95.685776 0.065513 0.600997 -1
0 -183.761444 -1.039867 -95.685776 0.065513 0.527690 -1
0 -183.761444 -7.710135 -70.310638 0.065513 0.600997 -1
0 -183.761444 -1.039867 -70.310638 0.065513 0.527690 -1
0 -114.241562 -1.039867 -171.310638 0.230328 0.527690 -1
0 -114.241562 -7.710135 -171.310638 0.230328 0.600997 -1
0 -114.241562 -7.710135 -196.685776 0.230328 0.600997 -1
0 -114.241562 -1.039867 -196.685776 0.230328 0.527690 -1
0 -88.761444 -7.710135 -196.685776 0.290736 0.600997 -1
0 -88.761444 -1.039867 -196.685776 0.290736 0.527690 -1
0 -88.761444 -7.710135 -171.310638 0.290736 0.600997 -1
0 -88.761444 -1.039867 -171.310638 0.290736 0.527690 -1
0 -41.241562 7.710135 84.310646 0.403394 0.431526 -1
0 -41.241562 1.039865 84.310646 0.403394 0.504834 -1
0 -41.241562 1.039865 109.685768 0.403394 0.504834 -1
0 -41.241562 7.710135 109.685768 0.403394 0.431526 -1
0 -15.761444 1.039865 109.685768 0.463802 0.504834 -1
0 -15.761444 7.710135 109.685768 0.463802 0.431526 -1
0 -15.761436 1.039865 84.310646 0.463802 0.504834 -1
0 -15.761436 7.710135 84.310646 0.463802 0.431526 -1
0 -209.241562 7.710135 70.310646 0.005105 0.431526 -1
0 -209.241562 1.039865 70.310646 0.005105 0.504834 -1
0 -209.241562 1.039865 95.685768 0.005105 0.504834 -1
0 -209.241562 7.710135 95.685768 0.005105 0.431526 -1
0 -183.761444 1.039865 95.685768 0.065513 0.504834 -1
0 -183.761444 7.710135 95.685768 0.065513 0.431526 -1
0 -183.761444 1.039865 70.310646 0.065513 0.504834 -1
0 -183.761444 7.710135 70.310646 0.065513 0.431526 -1
0 -114.241562 7.710135 171.310638 0.230328 0.431526 -1
0 -114.241562 1.039865 171.310638 0.230328 0.504834 -1
0 -114.241562 1.039865 196.685760 0.230328 0.504834 -1
0 -114.241562 7.710135 196.685760 0.230328 0.431526 -1
0 -88.761444 1.039865 196.685760 0.290736 0.504834 -1
0 -88.761444 7.710135 196.685760 0.290736 0.431526 -1
0 -88.761444 1.039865 171.310638 0.290736 0.504834 -1
0 -88.761444 7.710135 171.310638 0.290736 0.431526 -1
0 41.241562 7.710135 84.310646 0.598943 0.431526 -1
0 41.241562 1.039865 84.310646 0.598943 0.504834 -1
0 41.241562 1.039865 109.685768 0.598943 0.504834 -1
0 41.241562 7.710135 109.685768 0.598943 0.431526 -1
0 15.761444 1.039865 109.685768 0.538535 0.504834 -1
0 15.761444 7.710135 109.685768 0.538535 0.431526 -1
0 15.761436 1.039865 84.310646 0.538535 0.504834 -1
0 15.761436 7.710135 84.310646 0.538535 0.431526 -1
0 209.241562 7.710135 70.310646 0.997232 0.431526 -1
0 209.241562 1.039865 70.310646 0.997232 0.504834 -1
0 209.241562 1.039865 95.685768 0.997232 0.504834 -1
0 209.241562 7.710135 95.685768 0.997232 0.431526 -1
0 183.761444 1.039865 95.685768 0.936825 0.504834 -1
0 183.761444 7.710135 95.685768 0.936825 0.431526 -1
0 183.761444 1.039865 70.310646 0.936825 0.504834 -1
0 183.761444 7.710135 70.310646 0.936825 0.431526 -1
0 114.241562 7.710135 171.310638 0.772009 0.431526 -1
0 114.241562 1.039865 171.310638 0.772009 0.504834 -1
0 114.241562 1.039865 196.685760 0.772009 0.504834 -1
0 114.241562 7.710135 196.685760 0.772009 0.431526 -1
0 88.761444 1.039865 196.685760 0.711602 0.504834 -1
0 88.761444 7.710135 196.685760 0.711602 0.431526 -1
0 88.761444 1.039865 171.310638 0.711602 0.504834 -1
0 88.761444 7.710135 171.310638 0.711602 0.431526 -1
0 41.241562 7.710135 -84.310638 0.598943 0.431526 -1
0 41.241562 1.039865 -84.310638 0.598943 0.504834 -1
0 41.241562 1.039865 -109.685776 0.598943 0.504834 -1
0 41.241562 7.710135 -109.685776 0.598943 0.431526 -1
0 15.761444 1.039865 -109.685776 0.538535 0.504834 -1
0 15.761444 7.710135 -109.685776 0.538535 0.431526 -1
0 15.761436 1.039865 -84.310646 0.538535 0.504834 -1
0 15.761436 7.710135 -84.310646 0.538535 0.431526 -1
0 209.241562 7.710135 -70.310638 0.997232 0.431526 -1
0 209.241562 1.039865 -70.310638 0.997232 0.504834 -1
0 209.241562 1.039865 -95.685776 0.997232 0.504834 -1
0 209.241562 7.710135 -95.685776 0.997232 0.431526 -1
0 183.761444 1.039865 -95.685776 0.936825 0.504834 -1
0 183.761444 7.710135 -95.685776 0.936825 0.431526 -1
0 183.761444 1.039865 -70.310638 0.936825 0.504834 -1
0 183.761444 7.710135 -70.310638 0.936825 0.431526 -1
0 114.241562 7.710135 -171.310638 0.772009 0.431526 -1
0 114.241562 1.039865 -171.310638 0.772009 0.504834 -1
0 114.241562 1.039865 -196.685776 0.772009 0.504834 -1
0 114.241562 7.710135 -196.685776 0.772009 0.431526 -1
0 88.761444 1.039865 -196.685776 0.711602 0.504834 -1
0 88.761444 7.710135 -196.685776 0.711602 0.431526 -1
0 88.761444 1.039865 -171.310638 0.711602 0.504834 -1
0 88.761444 7.710135 -171.310638 0.711602 0.431526 -1
0 -41.241562 7.710135 -84.310638 0.403394 0.431526 -1
0 -41.241562 1.039865 -84.310638 0.403394 0.504834 -1
0 -41.241562 1.039865 -109.685776 0.403394 0.504834 -1
0 -41.241562 7.710135 -109.685776 0.403394 0.431526 -1
0 -15.761444 1.039865 -109.685776 0.463802 0.504834 -1
0 -15.761444 7.710135 -109.685776 0.463802 0.431526 -1
0 -15.761436 1.039865 -84.310646 0.463802 0.504834 -1
0 -15.761436 7.710135 -84.310646 0.463802 0.431526 -1
0 -209.241562 7.710135 -70.310638 0.005105 0.431526 -1
0 -209.241562 1.039865 -70.310638 0.005105 0.504834 -1
0 -209.241562 1.039865 -95.685776 0.005105 0.504834 -1
0 -209.241562 7.710135 -95.685776 0.005105 0.431526 -1
0 -183.761444 1.039865 -95.685776 0.065513 0.504834 -1
0 -183.761444 7.710135 -95.685776 0.065513 0.431526 -1
0 -183.761444 1.039865 -70.310638 0.065513 0.504834 -1
0 -183.761444 7.710135 -70.310638 0.065513 0.431526 -1
0 -114.241562 7.710135 -171.310638 0.230328 0.431526 -1
0 -114.241562 1.039865 -171.310638 0.230328 0.504834 -1
0 -114.241562 1.039865 -196.685776 0.230328 0.504834 -1
0 -114.241562 7.710135 -196.685776 0.230328 0.431526 -1
0 -88.761444 1.039865 -196.685776 0.290736 0.504834 -1
0 -88.761444 7.710135 -196.685776 0.290736 0.431526 -1
0 -88.761444 1.039865 -171.310638 0.290736 0.504834 -1
0 -88.761444 7.710135 -171.310638 0.290736 0.431526 -1
0 -41.241562 16.460135 84.310646 0.403394 0.335363 -1
0 -41.241562 9.789865 84.310646 0.403394 0.408670 -1
0 -41.241562 9.789865 109.685768 0.403394 0.408670 -1
0 -41.241562 16.460135 109.685768 0.403394 0.335363 -1
0 -15.761444 9.789865 109.685768 0.463802 0.408670 -1
0 -15.761444 16.460135 109.685768 0.463802 0.335363 -1
0 -15.761436 9.789865 84.310646 0.463802 0.408670 -1
0 -15.761436 16.460135 84.310646 0.463802 0.335363 -1
0 -209.241562 16.460135 70.310646 0.005105 0.335363 -1
0 -209.241562 9.789865 70.310646 0.005105 0.408670 -1
0 -209.241562 9.789865 95.685768 0.005105 0.408670 -1
0 -209.241562 16.460135 95.685768 0.005105 0.335363 -1
0 -183.761444 9.789865 95.685768 0.065513 0.408670 -1
0 -183.761444 16.460135 95.685768 0.065513 0.335363 -1
0 -183.761444 9.789865 70.310646 0.065513 0.408670 -1
0 -183.761444 16.460135 70.310646 0.065513 0.335363 -1
0 -114.241562 16.460135 171.310638 0.230328 0.335363 -1
0 -114.241562 9.789865 171.310638 0.230328 0.408670 -1
0 -114.241562 9.789865 196.685760 0.230328 0.408670 -1
0 -114.241562 16.460135 196.685760 0.230328 0.335363 -1
0 -88.761444 9.789865 196.685760 0.290736 0.408670 -1
0 -88.761444 16.460135 196.685760 0.290736 0.335363 -1
0 -88.761444 9.789865 171.310638 0.290736 0.408670 -1
0 -88.761444 16.460135 171.310638 0.290736 0.335363 -1
0 41.241562 16.460135 84.310646 0.598943 0.335363 -1
0 41.241562 9.789865 84.310646 0.598943 0.408670 -1
0 41.241562 9.789865 109.685768 0.598943 0.408670 -1
0 41.241562 16.460135 109.685768 0.598943 0.335363 -1
0 15.761444 9.789865 109.685768 0.538535 0.408670 -1
0 15.761444 16.460135 109.685768 0.538535 0.335363 -1
0 15.761436 9.789865 84.310646 0.538535 0.408670 -1
0 15.761436 16.460135 84.310646 0.538535 0.335363 -1
0 209.241562 16.460135 70.310646 0.997232 0.335363 -1
0 209.241562 9.789865 70.310646 0.997232 0.408670 -1
0 209.241562 9.789865 95.685768 0.997232 0.408670 -1
0 209.241562 16.460135 95.685768 0.997232 0.335363 -1
0 183.761444 9.789865 95.685768 0.936825 0.408670 -1
0 183.761444 16.460135 95.685768 0.936825 0.335363 -1
0 183.761444 9.789865 70.310646 0.936825 0.408670 -1
0 183.761444 16.460135 70.310646 0.936825 0.335363 -1
0 114.241562 16.460135 171.310638 0.772009 0.335363 -1
0 114.241562 9.789865 171.310638 0.772009 0.408670 -1
0 114.241562 9.789865 196.685760 0.772009 0.408670 -1
0 114.241562 16.460135 196.685760 0.772009 0.335363 -1
0 88.761444 9.789865 196.685760 0.711602 0.408670 -1
0 88.761444 16.460135 196.685760 0.711602 0.335363 -1
0 88.761444 9.789865 171.310638 0.711602 0.408670 -1
0 88.761444 16.460135 171.310638 0.711602 0.335363 -1
0 41.241562 16.460135 -84.310638 0.598943 0.335363 -1
0 41.241562 9.789865 -84.310638 0.598943 0.408670 -1
0 41.241562 9.789865 -109.685776 0.598943 0.408670 -1
0 41.241562 16.460135 -109.685776 0.598943 0.335363 -1
0 15.761444 9.789865 -109.685776 0.538535 0.408670 -1
0 15.761444 16.460135 -109.685776 0.538535 0.335363 -1
0 15.761436 9.789865 -84.310646 0.538535 0.408670 -1
0 15.761436 16.460135 -84.310646 0.538535 0.335363 -1
0 209.241562 16.460135 -70.310638 0.997232 0.335363 -1
0 209.241562 9.789865 -70.310638 0.997232 0.408670 -1
0 209.241562 9.789865 -95.685776 0.997232 0.408670 -1
0 209.241562 16.460135 -95.685776 0.997232 0.335363 -1
0 183.761444 9.789865 -95.685776 0.936825 0.408670 -1
0 183.761444 16.460135 -95.685776 0.936825 0.335363 -1
0 183.761444 9.789865 -70.310638 0.936825 0.408670 -1
0 183.761444 16.460135 -70.310638 0.936825 0.335363 -1
0 114.241562 16.460135 -171.310638 0.772009 0.335363 -1
0 114.241562 9.789865 -171.310638 0.772009 0.408670 -1
0 114.241562 9.789865 -196.685776 0.772009 0.408670 -1
0 114.241562 16.460135 -196.685776 0.772009 0.335363 -1
0 88.761444 9.789865 -196.685776 0.711602 0.408670 -1
0 88.761444 16.460135 -196.685776 0.711602 0.335363 -1
0 88.761444 9.789865 -171.310638 0.711602 0.408670 -1
0 88.761444 16.460135 -171.310638 0.711602 0.335363 -1
0 -41.241562 16.460135 -84.310638 0.403394 0.335363 -1
0 -41.241562 9.789865 -84.310638 0.403394 0.408670 -1
0 -41.241562 9.789865 -109.685776 0.403394 0.408670 -1
0 -41.241562 16.460135 -109.685776 0.403394 0.335363 -1
0 -15.761444 9.789865 -109.685776 0.463802 0.408670 -1
0 -15.761444 16.460135 -109.685776 0.463802 0.335363 -1
0 -15.761436 9.789865 -84.310646 0.463802 0.408670 -1
0 -15.761436 16.460135 -84.310646 0.463802 0.335363 -1
0 -209.241562 16.460135 -70.310638 0.005105 0.335363 -1
0 -209.241562 9.789865 -70.310638 0.005105 0.408670 -1
0 -209.241562 9.789865 -95.685776 0.005105 0.408670 -1
0 -209.241562 16.460135 -95.685776 0.005105 0.335363 -1
0 -183.761444 9.789865 -95.685776 0.065513 0.408670 -1
0 -183.761444 16.460135 -95.685776 0.065513 0.335363 -1
0 -183.761444 9.789865 -70.310638 0.065513 0.408670 -1
0 -183.761444 16.460135 -70.310638 0.065513 0.335363 -1
0 -114.241562 16.460135 -171.310638 0.230328 0.335363 -1
0 -114.241562 9.789865 -171.310638 0.230328 0.408670 -1
0 -114.241562 9.789865 -196.685776 0.230328 0.408670 -1
0 -114.241562 16.460135 -196.685776 0.230328 0.335363 -1
0 -88.761444 9.789865 -196.685776 0.290736 0.408670 -1
0 -88.761444 16.460135 -196.685776 0.290736 0.335363 -1
0 -88.761444 9.789865 -171.310638 0.290736 0.408670 -1
0 -88.761444 16.460135 -171.310638 0.290736 0.335363 -1
0 -41.241562 25.210135 84.310646 0.403394 0.239199 -1
0 -41.241562 18.539865 84.310646 0.403394 0.312506 -1
0 -41.241562 18.539865 109.685768 0.403394 0.312506 -1
0 -41.241562 25.210135 109.685768 0.403394 0.239199 -1
0 -15.761444 18.539865 109.685768 0.463802 0.312506 -1
0 -15.761444 25.210135 109.685768 0.463802 0.239199 -1
0 -15.761436 18.539865 84.310646 0.463802 0.312506 -1
0 -15.761436 25.210135 84.310646 0.463802 0.239199 -1
0 -209.241562 25.210135 70.310646 0.005105 0.239199 -1
0 -209.241562 18.539865 70.310646 0.005105 0.312506 -1
0 -209.241562 18.539865 95.685768 0.005105 0.312506 -1
0 -209.241562 25.210135 95.685768 0.005105 0.239199 -1
0 -183.761444 18.539865 95.685768 0.065513 0.312506 -1
0 -183.761444 25.210135 95.685768 0.065513 0.239199 -1
0 -183.761444 18.539865 70.310646 0.065513 0.312506 -1
0 -183.761444 25.210135 70.310646 0.065513 0.239199 -1
0 -114.241562 25.210135 171.310638 0.230328 0.239199 -1
0 -114.241562 18.539865 171.310638 0.230328 0.312506 -1
0 -114.241562 18.539865 196.685760 0.230328 0.312506 -1
0 -114.241562 25.210135 196.685760 0.230328 0.239199 -1
0 -88.761444 18.539865 196.685760 0.290736 0.312506 -1
0 -88.761444 25.210135 196.685760 0.290736 0.239199 -1
0 -88.761444 18.539865 171.310638 0.290736 0.312506 -1
0 -88.761444 25.210135 171.310638 0.290736 0.239199 -1
0 41.241562 25.210135 84.310646 0.598943 0.239199 -1
0 41.241562 18.539865 84.310646 0.598943 0.312506 -1
0 41.241562 18.539865 109.685768 0.598943 0.312506 -1
0 41.241562 25.210135 109.685768 0.598943 0.239199 -1
0 15.761444 18.539865 109.685768 0.538535 0.312506 -1
0 15.761444 25.210135 109.685768 0.538535 0.239199 -1
0 15.761436 18.539865 84.310646 0.538535 0.312506 -1
0 15.761436 25.210135 84.310646 0.538535 0.239199 -1
0 209.241562 25.210135 70.310646 0.997232 0.239199 -1
0 209.241562 18.539865 70.310646 0.997232 0.312506 -1
0 209.241562 18.539865 95.685768 0.997232 0.312506 -1
0 209.241562 25.210135 95.685768 0.997232 0.239199 -1
0 183.761444 18.539865 95.685768 0.936825 0.312506 -1
0 183.761444 25.210135 95.685768 0.936825 0.239199 -1
0 183.761444 18.539865 70.310646 0.936825 0.312506 -1
0 183.761444 25.210135 70.310646 0.936825 0.239199 -1
0 114.241562 25.210135 171.310638 0.772009 0.239199 -1
0 114.241562 18.539865 171.310638 0.772009 0.312506 -1
0 114.241562 18.539865 196.685760 0.772009 0.312506 -1
0 114.241562 25.210135 196.685760 0.772009 0.239199 -1
0 88.761444 18.539865 196.685760 0.711602 0.312506 -1
0 88.761444 25.210135 196.685760 0.711602 0.239199 -1
0 88.761444 18.539865 171.310638 0.711602 0.312506 -1
0 88.761444 25.210135 171.310638 0.711602 0.239199 -1
0 41.241562 25.210135 -84.310638 0.598943 0.239199 -1
0 41.241562 18.539865 -84.310638 0.598943 0.312506 -1
0 41.241562 18.539865 -109.685776 0.598943 0.312506 -1
0 41.241562 25.210135 -109.685776 0.598943 0.239199 -1
0 15.761444 18.539865 -109.685776 0.538535 0.312506 -1
0 15.761444 25.210135 -109.685776 0.538535 0.239199 -1
0 15.761436 18.539865 -84.310646 0.538535 0.312506 -1
0 15.761436 25.210135 -84.310646 0.538535 0.239199 -1
0 209.241562 25.210135 -70.310638 0.997232 0.239199 -1
0 209.241562 18.539865 -70.310638 0.997232 0.312506 -1
0 209.241562 18.539865 -95.685776 0.997232 0.312506 -1
0 209.241562 25.210135 -95.685776 0.997232 0.239199 -1
0 183.761444 18.539865 -95.685776 0.936825 0.312506 -1
0 183.761444 25.210135 -95.685776 0.936825 0.239199 -1
0 183.761444 18.539865 -70.310638 0.936825 0.312506 -1
0 183.761444 25.210135 -70.310638 0.936825 0.239199 -1
0 114.241562 25.210135 -171.310638 0.772009 0.239199 -1
0 114.241562 18.539865 -171.310638 0.772009 0.312506 -1
0 114.241562 18.539865 -196.685776 0.772009 0.312506 -1
0 114.241562 25.210135 -196.685776 0.772009 0.239199 -1
0 88.761444 18.539865 -196.685776 0.711602 0.312506 -1
0 88.761444 25.210135 -196.685776 0.711602 0.239199 -1
0 88.761444 18.539865 -171.310638 0.711602 0.312506 -1
0 88.761444 25.210135 -171.310638 0.711602 0.239199 -1
0 -41.241562 25.210135 -84.310638 0.403394 0.239199 -1
0 -41.241562 18.539865 -84.310638 0.403394 0.312506 -1
0 -41.241562 18.539865 -109.685776 0.403394 0.312506 -1
0 -41.241562 25.210135 -109.685776 0.403394 0.239199 -1
0 -15.761444 18.539865 -109.685776 0.463802 0.312506 -1
0 -15.761444 25.210135 -109.685776 0.463802 0.239199 -1
0 -15.761436 18.539865 -84.310646 0.463802 0.312506 -1
0 -15.761436 25.210135 -84.310646 0.463802 0.239199 -1
0 -209.241562 25.210135 -70.310638 0.005105 0.239199 -1
0 -209.241562 18.539865 -70.310638 0.005105 0.312506 -1
0 -209.241562 18.539865 -95.685776 0.005105 0.312506 -1
0 -209.241562 25.210135 -95.685776 0.005105 0.239199 -1
0 -183.761444 18.539865 -95.685776 0.065513 0.312506 -1
0 -183.761444 25.210135 -95.685776 0.065513 0.239199 -1
0 -183.761444 18.539865 -70.310638 0.065513 0.312506 -1
0 -183.761444 25.210135 -70.310638 0.065513 0.239199 -1
0 -114.241562 25.210135 -171.310638 0.230328 0.239199 -1
0 -114.241562 18.539865 -171.310638 0.230328 0.312506 -1
0 -114.241562 18.539865 -196.685776 0.230328 0.312506 -1
0 -114.241562 25.210135 -196.685776 0.230328 0.239199 -1
0 -88.761444 18.539865 -196.685776 0.290736 0.312506 -1
0 -88.761444 25.210135 -196.685776 0.290736 0.239199 -1
0 -88.761444 18.539865 -171.310638 0.290736 0.312506 -1
0 -88.761444 25.210135 -171.310638 0.290736 0.239199 -1
0 -41.241562 33.960136 84.310646 0.403394 0.143036 -1
0 -41.241562 27.289865 84.310646 0.403394 0.216343 -1
0 -41.241562 27.289865 109.685768 0.403394 0.216343 -1
0 -41.241562 33.960136 109.685768 0.403394 0.143036 -1
0 -15.761444 27.289865 109.685768 0.463802 0.216343 -1
0 -15.761444 33.960136 109.685768 0.463802 0.143036 -1
0 -15.761436 27.289865 84.310646 0.463802 0.216343 -1
0 -15.761436 33.960136 84.310646 0.463802 0.143036 -1
0 -209.241562 33.960136 70.310646 0.005105 0.143036 -1
0 -209.241562 27.289865 70.310646 0.005105 0.216343 -1
0 -209.241562 27.289865 95.685768 0.005105 0.216343 -1
0 -209.241562 33.960136 95.685768 0.005105 0.143036 -1
0 -183.761444 27.289865 95.685768 0.065513 0.216343 -1
0 -183.761444 33.960136 95.685768 0.065513 0.143036 -1
0 -183.761444 27.289865 70.310646 0.065513 0.216343 -1
0 -183.761444 33.960136 70.310646 0.065513 0.143036 -1
0 -114.241562 33.960136 171.310638 0.230328 0.143036 -1
0 -114.241562 27.289865 171.310638 0.230328 0.216343 -1
0 -114.241562 27.289865 196.685760 0.230328 0.216343 -1
0 -114.241562 33.960136 196.685760 0.230328 0.143036 -1
0 -88.761444 27.289865 196.685760 0.290736 0.216343 -1
0 -88.761444 33.960136 196.685760 0.290736 0.143036 -1
0 -88.761444 27.289865 171.310638 0.290736 0.216343 -1
0 -88.761444 33.960136 171.310638 0.290736 0.143036 -1
0 41.241562 33.960136 84.310646 0.598943 0.143036 -1
0 41.241562 27.289865 84.310646 0.598943 0.216343 -1
0 41.241562 27.289865 109.685768 0.598943 0.216343 -1
0 41.241562 33.960136 109.685768 0.598943 0.143036 -1
0 15.761444 27.289865 109.685768 0.538535 0.216343 -1
0 15.761444 33.960136 109.685768 0.538535 0.143036 -1
0 15.761436 27.289865 84.310646 0.538535 0.216343 -1
0 15.761436 33.960136 84.310646 0.538535 0.143036 -1
0 209.241562 33.960136 70.310646 0.997232 0.143036 -1
0 209.241562 27.289865 70.310646 0.997232 0.216343 -1
0 209.241562 27.289865 95.685768 0.997232 0.216343 -1
0 209.241562 33.960136 95.685768 0.997232 0.143036 -1
0 183.761444 27.289865 95.685768 0.936825 0.216343 -1
0 183.761444 33.960136 95.685768 0.936825 0.143036 -1
0 183.761444 27.289865 70.310646 0.936825 0.216343 -1
0 183.761444 33.960136 70.310646 0.936825 0.143036 -1
0 114.241562 33.960136 171.310638 0.772009 0.143036 -1
0 114.241562 27.289865 171.310638 0.772009 0.216343 -1
0 114.241562 27.289865 196.685760 0.772009 0.216343 -1
0 114.241562 33.960136 196.685760 0.772009 0.143036 -1
0 88.761444 27.289865 196.685760 0.711602 0.216343 -1
0 88.761444 33.960136 196.685760 0.711602 0.143036 -1
0 88.761444 27.289865 171.310638 0.711602 0.216343 -1
0 88.761444 33.960136 171.310638 0.711602 0.143036 -1
0 41.241562 33.960136 -84.310638 0.598943 0.143036 -1
0 41.241562 27.289865 -84.310638 0.598943 0.216343 -1
0 41.241562 27.289865 -109.685776 0.598943 0.216343 -1
0 41.241562 33.960136 -109.685776 0.598943 0.143036 -1
0 15.761444 27.289865 -109.685776 0.538535 0.216343 -1
0 15.761444 33.960136 -109.685776 0.538535 0.143036 -1
0 15.761436 27.289865 -84.310646 0.538535 0.216343 -1
0 15.761436 33.960136 -84.310646 0.538535 0.143036 -1
0 209.241562 33.960136 -70.310638 0.997232 0.143036 -1
0 209.241562 27.289865 -70.310638 0.997232 0.216343 -1
0 209.241562 27.289865 -95.685776 0.997232 0.216343 -1
0 209.241562 33.960136 -95.685776 0.997232 0.143036 -1
0 183.761444 27.289865 -95.685776 0.936825 0.216343 -1
0 183.761444 33.960136 -95.685776 0.936825 0.143036 -1
0 183.761444 27.289865 -70.310638 0.936825 0.216343 -1
0 183.761444 33.960136 -70.310638 0.936825 0.143036 -1
0 114.241562 33.960136 -171.310638 0.772009 0.143036 -1
0 114.241562 27.289865 -171.310638 0.772009 0.216343 -1
0 114.241562 27.289865 -196.685776 0.772009 0.216343 -1
0 114.241562 33.960136 -196.685776 0.772009 0.143036 -1
0 88.761444 27.289865 -196.685776 0.711602 0.216343 -1
0 88.761444 33.960136 -196.685776 0.711602 0.143036 -1
0 88.761444 27.289865 -171.310638 0.711602 0.216343 -1
0 88.761444 33.960136 -171.310638 0.711602 0.143036 -1
0 -41.241562 33.960136 -84.310638 0.403394 0.143036 -1
0 -41.241562 27.289865 -84.310638 0.403394 0.216343 -1
0 -41.241562 27.289865 -109.685776 0.403394 0.216343 -1
0 -41.241562 33.960136 -109.685776 0.403394 0.143036 -1
0 -15.761444 27.289865 -109.685776 0.463802 0.216343 -1
0 -15.761444 33.960136 -109.685776 0.463802 0.143036 -1
0 -15.761436 27.289865 -84.310646 0.463802 0.216343 -1
0 -15.761436 33.960136 -84.310646 0.463802 0.143036 -1
0 -209.241562 33.960136 -70.310638 0.005105 0.143036 -1
0 -209.241562 27.289865 -70.310638 0.005105 0.216343 -1
0 -209.241562 27.289865 -95.685776 0.005105 0.216343 -1
0 -209.241562 33.960136 -95.685776 0.005105 0.143036 -1
0 -183.761444 27.289865 -95.685776 0.065513 0.216343 -1
0 -183.761444 33.960136 -95.685776 0.065513 0.143036 -1
0 -183.761444 27.289865 -70.310638 0.065513 0.216343 -1
0 -183.761444 33.960136 -70.310638 0.065513 0.143036 -1
0 -114.241562 33.960136 -171.310638 0.230328 0.143036 -1
0 -114.241562 27.289865 -171.310638 0.230328 0.216343 -1
0 -114.241562 27.289865 -196.685776 0.230328 0.216343 -1
0 -114.241562 33.960136 -196.685776 0.230328 0.143036 -1
0 -88.761444 27.289865 -196.685776 0.290736 0.216343 -1
0 -88.761444 33.960136 -196.685776 0.290736 0.143036 -1
0 -88.761444 27.289865 -171.310638 0.290736 0.216343 -1
0 -88.761444 33.960136 -171.310638 0.290736 0.143036 -1
0 -41.241562 42.710136 84.310646 0.403394 0.046872 -1
0 -41.241562 36.039864 84.310646 0.403394 0.120179 -1
0 -41.241562 36.039864 109.685768 0.403394 0.120179 -1
0 -41.241562 42.710136 109.685768 0.403394 0.046872 -1
0 -15.761444 36.039864 109.685768 0.463802 0.120179 -1
0 -15.761444 42.710136 109.685768 0.463802 0.046872 -1
0 -15.761436 36.039864 84.310646 0.463802 0.120179 -1
0 -15.761436 42.710136 84.310646 0.463802 0.046872 -1
0 -209.241562 42.710136 70.310646 0.005105 0.046872 -1
0 -209.241562 36.039864 70.310646 0.005105 0.120179 -1
0 -209.241562 36.039864 95.685768 0.005105 0.120179 -1
0 -209.241562 42.710136 95.685768 0.005105 0.046872 -1
0 -183.761444 36.039864 95.685768 0.065513 0.120179 -1
0 -183.761444 42.710136 95.685768 0.065513 0.046872 -1
0 -183.761444 36.039864 70.310646 0.065513 0.120179 -1
0 -183.761444 42.710136 70.310646 0.065513 0.046872 -1
0 -114.241562 42.710136 171.310638 0.230328 0.046872 -1
0 -114.241562 36.039864 171.310638 0.230328 0.120179 -1
0 -114.241562 36.039864 196.685760 0.230328 0.120179 -1
0 -114.241562 42.710136 196.685760 0.230328 0.046872 -1
0 -88.761444 36.039864 196.685760 0.290736 0.120179 -1
0 -88.761444 42.710136 196.685760 0.290736 0.046872 -1
0 -88.761444 36.039864 171.310638 0.290736 0.120179 -1
0 -88.761444 42.710136 171.310638 0.290736 0.046872 -1
0 41.241562 42.710136 84.310646 0.598943 0.046872 -1
0 41.241562 36.039864 84.310646 0.598943 0.120179 -1
0 41.241562 36.039864 109.685768 0.598943 0.120179 -1
0 41.241562 42.710136 109.685768 0.598943 0.046872 -1
0 15.761444 36.039864 109.685768 0.538535 0.120179 -1
0 15.761444 42.710136 109.685768 0.538535 0.046872 -1
0 15.761436 36.039864 84.310646 0.538535 0.120179 -1
0 15.761436 42.710136 84.310646 0.538535 0.046872 -1
0 209.241562 42.710136 70.310646 0.997232 0.046872 -1
0 209.241562 36.039864 70.310646 0.997232 0.120179 -1
0 209.241562 36.039864 95.685768 0.997232 0.120179 -1
0 209.241562 42.710136 95.685768 0.997232 0.046872 -1
0 183.761444 36.039864 95.685768 0.936825 0.120179 -1
0 183.761444 42.710136 95.685768 0.936825 0.046872 -1
0 183.761444 36.039864 70.310646 0.936825 0.120179 -1
0 183.761444 42.710136 70.310646 0.936825 0.046872 -1
0 114.241562 42.710136 171.310638 0.772009 0.046872 -1
0 114.241562 36.039864 171.310638 0.772009 0.120179 -1
0 114.241562 36.039864 196.685760 0.772009 0.120179 -1
0 114.241562 42.710136 196.685760 0.772009 0.046872 -1
0 88.761444 36.039864 196.685760 0.711602 0.120179 -1
0 88.761444 42.710136 196.685760 0.711602 0.046872 -1
0 88.761444 36.039864 171.310638 0.711602 0.120179 -1
0 88.761444 42.710136 171.310638 0.711602 0.046872 -1
0 41.241562 42.710136 -84.310638 0.598943 0.046872 -1
0 41.241562 36.039864 -84.310638 0.598943 0.120179 -1
0 41.241562 36.039864 -109.685776 0.598943 0.120179 -1
0 41.241562 42.710136 -109.685776 0.598943 0.046872 -1
0 15.761444 36.039864 -109.685776 0.538535 0.120179 -1
0 15.761444 42.710136 -109.685776 0.538535 0.046872 -1
0 15.761436 36.039864 -84.310646 0.538535 0.120179 -1
0 15.761436 42.710136 -84.310646 0.538535 0.046872 -1
0 209.241562 42.710136 -70.310638 0.997232 0.046872 -1
0 209.241562 36.039864 -70.310638 0.997232 0.120179 -1
0 209.241562 36.039864 -95.685776 0.997232 0.120179 -1
0 209.241562 42.710136 -95.685776 0.997232 0.046872 -1
0 183.761444 36.039864 -95.685776 0.936825 0.120179 -1
0 183.761444 42.710136 -95.685776 0.936825 0.046872 -1
0 183.761444 36.039864 -70.310638 0.936825 0.120179 -1
0 183.761444 42.710136 -70.310638 0.936825 0.046872 -1
0 114.241562 42.710136 -171.310638 0.772009 0.046872 -1
0 114.241562 36.039864 -171.310638 0.772009 0.120179 -1
0 114.241562 36.039864 -196.685776 0.772009 0.120179 -1
0 114.241562 42.710136 -196.685776 0.772009 0.046872 -1
0 88.761444 36.039864 -196.685776 0.711602 0.120179 -1
0 88.761444 42.710136 -196.685776 0.711602 0.046872 -1
0 88.761444 36.039864 -171.310638 0.711602 0.120179 -1
0 88.761444 42.710136 -171.310638 0.711602 0.046872 -1
0 -41.241562 42.710136 -84.310638 0.403394 0.046872 -1
0 -41.241562 36.039864 -84.310638 0.403394 0.120179 -1
0 -41.241562 36.039864 -109.685776 0.403394 0.120179 -1
0 -41.241562 42.710136 -109.685776 0.403394 0.046872 -1
0 -15.761444 36.039864 -109.685776 0.463802 0.120179 -1
0 -15.761444 42.710136 -109.685776 0.463802 0.046872 -1
0 -15.761436 36.039864 -84.310646 0.463802 0.120179 -1
0 -15.761436 42.710136 -84.310646 0.463802 0.046872 -1
0 -209.241562 42.710136 -70.310638 0.005105 0.046872 -1
0 -209.241562 36.039864 -70.310638 0.005105 0.120179 -1
0 -209.241562 36.039864 -95.685776 0.005105 0.120179 -1
0 -209.241562 42.710136 -95.685776 0.005105 0.046872 -1
0 -183.761444 36.039864 -95.685776 0.065513 0.120179 -1
0 -183.761444 42.710136 -95.685776 0.065513 0.046872 -1
0 -183.761444 36.039864 -70.310638 0.065513 0.120179 -1
0 -183.761444 42.710136 -70.310638 0.065513 0.046872 -1
0 -114.241562 42.710136 -171.310638 0.230328 0.046872 -1
0 -114.241562 36.039864 -171.310638 0.230328 0.120179 -1
0 -114.241562 36.039864 -196.685776 0.230328 0.120179 -1
0 -114.241562 42.710136 -196.685776 0.230328 0.046872 -1
0 -88.761444 36.039864 -196.685776 0.290736 0.120179 -1
0 -88.761444 42.710136 -196.685776 0.290736 0.046872 -1
0 -88.761444 36.039864 -171.310638 0.290736 0.120179 -1
0 -88.761444 42.710136 -171.310638 0.290736 0.046872 -1
14
-1 0 0
0 0 1
1 0 0
0 0 -1
1 0 0
1 0 -0
-1 0 -0
-0 0 1
-1 0 0
-0 0 -1
-0 0 1
-0 0 -1
1 0 0
1 0 -0
960
0 0 1 2 0 0 0 1
0 3 0 2 0 0 0 1
0 4 5 6 1 1 1 2
0 7 4 6 1 1 1 2
0 8 9 10 2 2 2 1
0 11 8 10 2 2 2 1
0 11 10 12 3 3 3 2
0 13 11 12 3 3 3 2
0 14 15 16 0 0 0 1
0 17 14 16 0 0 0 1
0 17 16 18 1 1 1 2
0 19 17 18 1 1 1 2
0 19 18 20 4 4 4 1
0 21 19 20 4 4 4 1
0 21 20 15 3 3 3 2
0 14 21 15 3 3 3 2
0 22 23 24 0 0 0 1
0 25 22 24 0 0 0 1
0 25 24 26 1 1 1 2
0 27 25 26 1 1 1 2
0 27 26 28 4 4 4 1
0 29 27 28 4 4 4 1
0 29 28 30 3 3 3 2
0 22 29 30 3 3 3 2
0 31 32 33 0 0 0 1
0 34 31 33 0 0 0 1
0 34 33 35 3 3 3 2
0 36 34 35 3 3 3 2
0 36 35 37 5 5 5 1
0 38 36 37 5 5 5 1
0 38 37 39 1 1 1 2
0 31 38 39 1 1 1 2
0 40 41 42 0 0 0 1
0 43 40 42 0 0 0 1
0 43 42 44 3 3 3 2
0 45 43 44 3 3 3 2
0 45 44 46 4 4 4 1
0 47 45 46 4 4 4 1
0 47 46 41 1 1 1 2
0 40 47 41 1 1 1 2
0 48 49 50 0 0 0 1
0 51 48 50 0 0 0 1
0 51 50 52 3 3 3 2
0 53 51 52 3 3 3 2
0 53 52 54 4 4 4 1
0 55 53 54 4 4 4 1
0 55 54 49 1 1 1 2
0 48 55 49 1 1 1 2
0 56 57 58 4 4 4 1
0 59 56 58 4 4 4 1
0 59 58 60 3 3 3 2
0 61 59 60 3 3 3 2
0 61 60 62 6 6 6 1
0 63 61 62 6 6 6 1
0 63 62 57 7 7 7 2
0 56 63 57 7 7 7 2
0 64 65 66 4 4 4 1
0 67 64 66 4 4 4 1
0 68 66 69 3 3 3 2
0 70 68 69 3 3 3 2
0 70 71 72 0 0 0 1
0 73 70 72 0 0 0 1
0 73 72 65 1 1 1 2
0 64 73 65 1 1 1 2
0 74 75 76 4 4 4 1
0 77 74 76 4 4 4 1
0 77 76 78 3 3 3 2
0 79 77 78 3 3 3 2
0 79 78 80 0 0 0 1
0 81 79 80 0 0 0 1
0 81 80 75 1 1 1 2
0 74 81 75 1 1 1 2
0 82 83 84 4 4 4 1
0 85 82 84 4 4 4 1
0 85 84 86 1 1 1 2
0 87 85 86 1 1 1 2
0 87 86 88 8 8 8 1
0 89 87 88 8 8 8 1
0 89 88 83 9 9 9 2
0 82 89 83 9 9 9 2
0 90 91 92 4 4 4 1
0 93 90 92 4 4 4 1
0 93 92 94 1 1 1 2
0 95 93 94 1 1 1 2
0 95 94 96 0 0 0 1
0 97 95 96 0 0 0 1
0 97 96 91 3 3 3 2
0 90 97 91 3 3 3 2
0 98 99 100 4 4 4 1
0 101 98 100 4 4 4 1
0 101 100 102 1 1 1 2
0 103 101 102 1 1 1 2
0 103 102 104 0 0 0 1
0 105 103 104 0 0 0 1
0 105 104 99 3 3 3 2
0 106 105 99 3 3 3 2
0 107 108 109 0 0 0 1
0 110 107 109 0 0 0 1
0 110 109 111 1 1 1 2
0 112 110 111 1 1 1 2
0 112 113 114 2 2 2 1
0 115 112 114 2 2 2 1
0 115 114 116 3 3 3 2
0 107 115 116 3 3 3 2
0 117 118 119 0 0 0 1
0 120 117 119 0 0 0 1
0 120 119 121 1 1 1 2
0 122 120 121 1 1 1 2
0 122 121 123 4 4 4 1
0 124 122 123 4 4 4 1
0 124 123 118 3 3 3 2
0 117 124 118 3 3 3 2
0 125 126 127 0 0 0 1
0 128 125 127 0 0 0 1
0 129 127 130 1 1 1 2
0 131 129 130 1 1 1 2
0 131 132 133 4 4 4 1
0 134 131 133 4 4 4 1
0 134 133 126 3 3 3 2
0 125 134 126 3 3 3 2
0 135 136 137 0 0 0 1
0 138 135 137 0 0 0 1
0 138 137 139 3 3 3 2
0 140 138 139 3 3 3 2
0 140 139 141 5 5 5 1
0 142 140 141 5 5 5 1
0 142 141 136 1 1 1 2
0 135 142 136 1 1 1 2
0 143 144 145 0 0 0 1
0 146 143 145 0 0 0 1
0 146 145 147 3 3 3 2
0 148 146 147 3 3 3 2
0 148 147 149 4 4 4 1
0 150 148 149 4 4 4 1
0 150 149 144 1 1 1 2
0 143 150 144 1 1 1 2
0 151 152 153 0 0 0 1
0 154 151 153 0 0 0 1
0 154 153 155 3 3 3 2
0 156 154 155 3 3 3 2
0 156 155 157 4 4 4 1
0 158 156 157 4 4 4 1
0 158 157 152 1 1 1 2
0 151 158 152 1 1 1 2
0 159 160 161 4 4 4 1
0 162 159 161 4 4 4 1
0 162 161 163 3 3 3 2
0 164 162 163 3 3 3 2
0 164 163 165 6 6 6 1
0 166 164 165 6 6 6 1
0 166 165 160 7 7 7 2
0 159 166 160 7 7 7 2
0 167 168 169 4 4 4 1
0 170 167 169 4 4 4 1
0 171 169 172 3 3 3 2
0 173 171 172 3 3 3 2
0 173 174 175 0 0 0 1
0 176 173 175 0 0 0 1
0 176 175 168 1 1 1 2
0 167 176 168 1 1 1 2
0 177 178 179 4 4 4 1
0 180 177 179 4 4 4 1
0 180 179 181 3 3 3 2
0 182 180 181 3 3 3 2
0 182 181 183 0 0 0 1
0 184 182 183 0 0 0 1
0 184 183 178 1 1 1 2
0 177 184 178 1 1 1 2
0 185 186 187 4 4 4 1
0 188 185 187 4 4 4 1
0 188 187 189 1 1 1 2
0 190 188 189 1 1 1 2
0 190 189 191 8 8 8 1
0 192 190 191 8 8 8 1
0 192 191 186 9 9 9 2
0 185 192 186 9 9 9 2
0 193 194 195 4 4 4 1
0 196 193 195 4 4 4 1
0 197 198 199 1 1 1 2
0 200 197 199 1 1 1 2
0 201 199 202 0 0 0 1
0 203 201 202 0 0 0 1
0 203 202 194 3 3 3 2
0 193 203 194 3 3 3 2
0 204 205 206 4 4 4 1
0 207 204 206 4 4 4 1
0 207 206 208 1 1 1 2
0 209 207 208 1 1 1 2
0 209 208 210 0 0 0 1
0 211 209 210 0 0 0 1
0 211 210 205 3 3 3 2
0 212 211 205 3 3 3 2
0 213 214 215 0 0 0 1
0 216 213 215 0 0 0 1
0 216 215 217 1 1 1 2
0 218 216 217 1 1 1 2
0 218 217 219 2 2 2 1
0 220 218 219 2 2 2 1
0 220 219 214 3 3 3 2
0 213 220 214 3 3 3 2
0 221 222 223 0 0 0 1
0 224 221 223 0 0 0 1
0 224 223 225 1 1 1 2
0 226 224 225 1 1 1 2
0 226 225 227 4 4 4 1
0 228 226 227 4 4 4 1
0 228 227 222 3 3 3 2
0 221 228 222 3 3 3 2
0 229 230 231 0 0 0 1
0 232 229 231 0 0 0 1
0 232 231 233 1 1 1 2
0 234 232 233 1 1 1 2
0 234 233 235 4 4 4 1
0 236 234 235 4 4 4 1
0 236 235 230 3 3 3 2
0 229 236 230 3 3 3 2
0 237 238 239 0 0 0 1
0 240 237 239 0 0 0 1
0 240 239 241 3 3 3 2
0 242 240 241 3 3 3 2
0 242 241 243 5 5 5 1
0 244 242 243 5 5 5 1
0 244 243 238 1 1 1 2
0 237 244 238 1 1 1 2
0 245 246 247 0 0 0 1
0 248 245 247 0 0 0 1
0 248 247 249 3 3 3 2
0 250 248 249 3 3 3 2
0 250 249 251 4 4 4 1
0 252 250 251 4 4 4 1
0 252 251 246 1 1 1 2
0 245 252 246 1 1 1 2
0 253 254 255 0 0 0 1
0 256 253 255 0 0 0 1
0 256 255 257 3 3 3 2
0 258 256 257 3 3 3 2
0 258 257 259 4 4 4 1
0 260 258 259 4 4 4 1
0 260 259 254 1 1 1 2
0 253 260 254 1 1 1 2
0 261 262 263 4 4 4 1
0 264 261 263 4 4 4 1
0 264 263 265 3 3 3 2
0 266 264 265 3 3 3 2
0 266 265 267 6 6 6 1
0 268 266 267 6 6 6 1
0 268 267 262 7 7 7 2
0 261 268 262 7 7 7 2
0 269 270 271 4 4 4 1
0 272 269 271 4 4 4 1
0 272 271 273 3 3 3 2
0 274 272 273 3 3 3 2
0 274 273 275 0 0 0 1
0 276 274 275 0 0 0 1
0 276 275 270 1 1 1 2
0 269 276 270 1 1 1 2
0 277 278 279 4 4 4 1
0 280 277 279 4 4 4 1
0 280 279 281 3 3 3 2
0 282 280 281 3 3 3 2
0 282 281 283 0 0 0 1
0 284 282 283 0 0 0 1
0 284 283 278 1 1 1 2
0 277 284 278 1 1 1 2
0 285 286 287 4 4 4 1
0 288 285 287 4 4 4 1
0 288 287 289 1 1 1 2
0 290 288 289 1 1 1 2
0 290 289 291 8 8 8 1
0 292 290 291 8 8 8 1
0 292 291 286 9 9 9 2
0 285 292 286 9 9 9 2
0 293 294 295 4 4 4 1
0 296 293 295 4 4 4 1
0 296 295 297 1 1 1 2
0 298 296 297 1 1 1 2
0 298 297 299 0 0 0 1
0 300 298 299 0 0 0 1
0 300 299 294 3 3 3 2
0 293 300 294 3 3 3 2
0 301 302 303 4 4 4 1
0 304 301 303 4 4 4 1
0 304 303 305 1 1 1 2
0 306 304 305 1 1 1 2
0 306 305 307 0 0 0 1
0 308 306 307 0 0 0 1
0 308 307 302 3 3 3 2
0 301 308 302 3 3 3 2
0 309 310 311 0 0 0 1
0 312 309 311 0 0 0 1
0 312 311 313 1 1 1 2
0 314 312 313 1 1 1 2
0 314 313 315 2 2 2 1
0 316 314 315 2 2 2 1
0 316 315 310 3 3 3 2
0 309 316 310 3 3 3 2
0 317 318 319 0 0 0 1
0 320 317 319 0 0 0 1
0 320 319 321 1 1 1 2
0 322 320 321 1 1 1 2
0 322 321 323 4 4 4 1
0 324 322 323 4 4 4 1
0 324 323 318 3 3 3 2
0 317 324 318 3 3 3 2
0 325 326 327 0 0 0 1
0 328 325 327 0 0 0 1
0 328 327 329 1 1 1 2
0 330 328 329 1 1 1 2
0 330 329 331 4 4 4 1
0 332 330 331 4 4 4 1
0 332 331 326 3 3 3 2
0 325 332 326 3 3 3 2
0 333 334 335 0 0 0 1
0 336 333 335 0 0 0 1
0 336 335 337 3 3 3 2
0 338 336 337 3 3 3 2
0 338 337 339 5 5 5 1
0 340 338 339 5 5 5 1
0 340 339 334 1 1 1 2
0 333 340 334 1 1 1 2
0 341 342 343 0 0 0 1
0 344 341 343 0 0 0 1
0 344 343 345 3 3 3 2
0 346 344 345 3 3 3 2
0 346 345 347 4 4 4 1
0 348 346 347 4 4 4 1
0 348 347 342 1 1 1 2
0 341 348 342 1 1 1 2
0 349 350 351 0 0 0 1
0 352 349 351 0 0 0 1
0 352 351 353 3 3 3 2
0 354 352 353 3 3 3 2
0 354 353 355 4 4 4 1
0 356 354 355 4 4 4 1
0 356 355 350 1 1 1 2
0 349 356 350 1 1 1 2
0 357 358 359 4 4 4 1
0 360 357 359 4 4 4 1
0 360 359 361 3 3 3 2
0 362 360 361 3 3 3 2
0 362 361 363 6 6 6 1
0 364 362 363 6 6 6 1
0 364 363 358 7 7 7 2
0 357 364 358 7 7 7 2
0 365 366 367 4 4 4 1
0 368 365 367 4 4 4 1
0 368 367 369 3 3 3 2
0 370 368 369 3 3 3 2
0 370 369 371 0 0 0 1
0 372 370 371 0 0 0 1
0 372 371 366 1 1 1 2
0 365 372 366 1 1 1 2
0 373 374 375 4 4 4 1
0 376 373 375 4 4 4 1
0 376 375 377 3 3 3 2
0 378 376 377 3 3 3 2
0 378 377 379 0 0 0 1
0 380 378 379 0 0 0 1
0 380 379 374 1 1 1 2
0 373 380 374 1 1 1 2
0 381 382 383 4 4 4 1
0 384 381 383 4 4 4 1
0 384 383 385 1 1 1 2
0 386 384 385 1 1 1 2
0 386 385 387 8 8 8 1
0 388 386 387 8 8 8 1
0 388 387 382 9 9 9 2
0 381 388 382 9 9 9 2
0 389 390 391 4 4 4 1
0 392 389 391 4 4 4 1
0 392 391 393 1 1 1 2
0 394 392 393 1 1 1 2
0 394 393 395 0 0 0 1
0 396 394 395 0 0 0 1
0 396 395 390 3 3 3 2
0 389 396 390 3 3 3 2
0 397 398 399 4 4 4 1
0 400 397 399 4 4 4 1
0 400 399 401 1 1 1 2
0 402 400 401 1 1 1 2
0 402 401 403 0 0 0 1
0 404 402 403 0 0 0 1
0 404 403 398 3 3 3 2
0 397 404 398 3 3 3 2
0 405 406 407 0 0 0 1
0 408 405 407 0 0 0 1
0 408 407 409 1 1 1 2
0 410 408 409 1 1 1 2
0 410 409 411 2 2 2 1
0 412 410 411 2 2 2 1
0 412 411 406 3 3 3 2
0 405 412 406 3 3 3 2
0 413 414 415 0 0 0 1
0 416 413 415 0 0 0 1
0 416 415 417 1 1 1 2
0 418 416 417 1 1 1 2
0 418 417 419 4 4 4 1
0 420 418 419 4 4 4 1
0 420 419 414 3 3 3 2
0 413 420 414 3 3 3 2
0 421 422 423 0 0 0 1
0 424 421 423 0 0 0 1
0 424 423 425 1 1 1 2
0 426 424 425 1 1 1 2
0 426 425 427 4 4 4 1
0 428 426 427 4 4 4 1
0 428 427 422 3 3 3 2
0 421 428 422 3 3 3 2
0 429 430 431 0 0 0 1
0 432 429 431 0 0 0 1
0 432 431 433 3 3 3 2
0 434 432 433 3 3 3 2
0 434 433 435 5 5 5 1
0 436 434 435 5 5 5 1
0 436 435 430 1 1 1 2
0 429 436 430 1 1 1 2
0 437 438 439 0 0 0 1
0 440 437 439 0 0 0 1
0 440 439 441 3 3 3 2
0 442 440 441 3 3 3 2
0 442 441 443 4 4 4 1
0 444 442 443 4 4 4 1
0 444 443 438 1 1 1 2
0 437 444 438 1 1 1 2
0 445 446 447 0 0 0 1
0 448 445 447 0 0 0 1
0 448 447 449 3 3 3 2
0 450 448 449 3 3 3 2
0 450 449 451 4 4 4 1
0 452 450 451 4 4 4 1
0 452 451 446 1 1 1 2
0 445 452 446 1 1 1 2
0 453 454 455 4 4 4 1
0 456 453 455 4 4 4 1
0 456 455 457 3 3 3 2
0 458 456 457 3 3 3 2
0 458 457 459 6 6 6 1
0 460 458 459 6 6 6 1
0 460 459 454 10 10 10 2
0 453 460 454 10 10 10 2
0 461 462 463 4 4 4 1
0 464 461 463 4 4 4 1
0 464 463 465 3 3 3 2
0 466 464 465 3 3 3 2
0 466 465 467 0 0 0 1
0 468 466 467 0 0 0 1
0 468 467 462 1 1 1 2
0 461 468 462 1 1 1 2
0 469 470 471 4 4 4 1
0 472 469 471 4 4 4 1
0 472 471 473 3 3 3 2
0 474 472 473 3 3 3 2
0 474 473 475 0 0 0 1
0 476 474 475 0 0 0 1
0 476 475 470 1 1 1 2
0 469 476 470 1 1 1 2
0 477 478 479 4 4 4 1
0 480 477 479 4 4 4 1
0 480 479 481 1 1 1 2
0 482 480 481 1 1 1 2
0 482 481 483 8 8 8 1
0 484 482 483 8 8 8 1
0 484 483 478 11 11 11 2
0 477 484 478 11 11 11 2
0 485 486 487 4 4 4 1
0 488 485 487 4 4 4 1
0 488 487 489 1 1 1 2
0 490 488 489 1 1 1 2
0 490 489 491 0 0 0 1
0 492 490 491 0 0 0 1
0 492 491 486 3 3 3 2
0 485 492 486 3 3 3 2
0 493 494 495 4 4 4 1
0 496 493 495 4 4 4 1
0 496 495 497 1 1 1 2
0 498 496 497 1 1 1 2
0 498 497 499 0 0 0 1
0 500 498 499 0 0 0 1
0 500 499 494 3 3 3 2
0 493 500 494 3 3 3 2
0 501 502 503 0 0 0 1
0 504 501 503 0 0 0 1
0 504 503 505 1 1 1 2
0 506 504 505 1 1 1 2
0 506 505 507 12 12 12 1
0 508 506 507 12 12 12 1
0 508 507 502 3 3 3 2
0 501 508 502 3 3 3 2
0 509 510 511 0 0 0 1
0 512 509 511 0 0 0 1
0 512 511 513 1 1 1 2
0 514 512 513 1 1 1 2
0 514 513 515 4 4 4 1
0 516 514 515 4 4 4 1
0 516 515 510 3 3 3 2
0 509 516 510 3 3 3 2
0 517 518 519 0 0 0 1
0 520 517 519 0 0 0 1
0 520 519 521 1 1 1 2
0 522 520 521 1 1 1 2
0 522 521 523 4 4 4 1
0 524 522 523 4 4 4 1
0 524 523 518 3 3 3 2
0 517 524 518 3 3 3 2
0 525 526 527 0 0 0 1
0 528 525 527 0 0 0 1
0 528 527 529 3 3 3 2
0 530 528 529 3 3 3 2
0 530 529 531 13 13 13 1
0 532 530 531 13 13 13 1
0 532 531 526 1 1 1 2
0 525 532 526 1 1 1 2
0 533 534 535 0 0 0 1
0 536 533 535 0 0 0 1
0 536 535 537 3 3 3 2
0 538 536 537 3 3 3 2
0 538 537 539 4 4 4 1
0 540 538 539 4 4 4 1
0 540 539 534 1 1 1 2
0 533 540 534 1 1 1 2
0 541 542 543 0 0 0 1
0 544 541 543 0 0 0 1
0 544 543 545 3 3 3 2
0 546 544 545 3 3 3 2
0 546 545 547 4 4 4 1
0 548 546 547 4 4 4 1
0 548 547 542 1 1 1 2
0 541 548 542 1 1 1 2
0 549 550 551 4 4 4 1
0 552 549 551 4 4 4 1
0 552 551 553 3 3 3 2
0 554 552 553 3 3 3 2
0 554 553 555 6 6 6 1
0 556 554 555 6 6 6 1
0 556 555 550 10 10 10 2
0 549 556 550 10 10 10 2
0 557 558 559 4 4 4 1
0 560 557 559 4 4 4 1
0 560 559 561 3 3 3 2
0 562 560 561 3 3 3 2
0 562 561 563 0 0 0 1
0 564 562 563 0 0 0 1
0 564 563 558 1 1 1 2
0 557 564 558 1 1 1 2
0 565 566 567 4 4 4 1
0 568 565 567 4 4 4 1
0 568 567 569 3 3 3 2
0 570 568 569 3 3 3 2
0 570 569 571 0 0 0 1
0 572 570 571 0 0 0 1
0 572 571 566 1 1 1 2
0 565 572 566 1 1 1 2
0 573 574 575 4 4 4 1
0 576 573 575 4 4 4 1
0 576 575 577 1 1 1 2
0 578 576 577 1 1 1 2
0 578 577 579 8 8 8 1
0 580 578 579 8 8 8 1
0 580 579 574 11 11 11 2
0 573 580 574 11 11 11 2
0 581 582 583 4 4 4 1
0 584 581 583 4 4 4 1
0 584 583 585 1 1 1 2
0 586 584 585 1 1 1 2
0 586 585 587 0 0 0 1
0 588 586 587 0 0 0 1
0 588 587 582 3 3 3 2
0 581 588 582 3 3 3 2
0 589 590 591 4 4 4 1
0 592 589 591 4 4 4 1
0 592 591 593 1 1 1 2
0 594 592 593 1 1 1 2
0 594 593 595 0 0 0 1
0 596 594 595 0 0 0 1
0 596 595 590 3 3 3 2
0 589 596 590 3 3 3 2
0 597 598 599 0 0 0 1
0 600 597 599 0 0 0 1
0 600 599 601 1 1 1 2
0 602 600 601 1 1 1 2
0 602 601 603 12 12 12 1
0 604 602 603 12 12 12 1
0 604 603 598 3 3 3 2
0 597 604 598 3 3 3 2
0 605 606 607 0 0 0 1
0 608 605 607 0 0 0 1
0 608 607 609 1 1 1 2
0 610 608 609 1 1 1 2
0 610 609 611 4 4 4 1
0 612 610 611 4 4 4 1
0 612 611 606 3 3 3 2
0 605 612 606 3 3 3 2
0 613 614 615 0 0 0 1
0 616 613 615 0 0 0 1
0 616 615 617 1 1 1 2
0 618 616 617 1 1 1 2
0 618 617 619 4 4 4 1
0 620 618 619 4 4 4 1
0 620 619 614 3 3 3 2
0 613 620 614 3 3 3 2
0 621 622 623 0 0 0 1
0 624 621 623 0 0 0 1
0 624 623 625 3 3 3 2
0 626 624 625 3 3 3 2
0 626 625 627 13 13 13 1
0 628 626 627 13 13 13 1
0 628 627 622 1 1 1 2
0 621 628 622 1 1 1 2
0 629 630 631 0 0 0 1
0 632 629 631 0 0 0 1
0 632 631 633 3 3 3 2
0 634 632 633 3 3 3 2
0 634 633 635 4 4 4 1
0 636 634 635 4 4 4 1
0 636 635 630 1 1 1 2
0 629 636 630 1 1 1 2
0 637 638 639 0 0 0 1
0 640 637 639 0 0 0 1
0 640 639 641 3 3 3 2
0 642 640 641 3 3 3 2
0 642 641 643 4 4 4 1
0 644 642 643 4 4 4 1
0 644 643 638 1 1 1 2
0 637 644 638 1 1 1 2
0 645 646 647 4 4 4 1
0 648 645 647 4 4 4 1
0 648 647 649 3 3 3 2
0 650 648 649 3 3 3 2
0 650 649 651 6 6 6 1
0 652 650 651 6 6 6 1
0 652 651 646 10 10 10 2
0 645 652 646 10 10 10 2
0 653 654 655 4 4 4 1
0 656 653 655 4 4 4 1
0 656 655 657 3 3 3 2
0 658 656 657 3 3 3 2
0 658 657 659 0 0 0 1
0 660 658 659 0 0 0 1
0 660 659 654 1 1 1 2
0 653 660 654 1 1 1 2
0 661 662 663 4 4 4 1
0 664 661 663 4 4 4 1
0 664 663 665 3 3 3 2
0 666 664 665 3 3 3 2
0 666 665 667 0 0 0 1
0 668 666 667 0 0 0 1
0 668 667 662 1 1 1 2
0 661 668 662 1 1 1 2
0 669 670 671 4 4 4 1
0 672 669 671 4 4 4 1
0 672 671 673 1 1 1 2
0 674 672 673 1 1 1 2
0 674 673 675 8 8 8 1
0 676 674 675 8 8 8 1
0 676 675 670 11 11 11 2
0 669 676 670 11 11 11 2
0 677 678 679 4 4 4 1
0 680 677 679 4 4 4 1
0 680 679 681 1 1 1 2
0 682 680 681 1 1 1 2
0 682 681 683 0 0 0 1
0 684 682 683 0 0 0 1
0 684 683 678 3 3 3 2
0 677 684 678 3 3 3 2
0 685 686 687 4 4 4 1
0 688 685 687 4 4 4 1
0 688 687 689 1 1 1 2
0 690 688 689 1 1 1 2
0 690 689 691 0 0 0 1
0 692 690 691 0 0 0 1
0 692 691 686 3 3 3 2
0 685 692 686 3 3 3 2
0 693 694 695 0 0 0 1
0 696 693 695 0 0 0 1
0 696 695 697 1 1 1 2
0 698 696 697 1 1 1 2
0 698 697 699 12 12 12 1
0 700 698 699 12 12 12 1
0 700 699 694 3 3 3 2
0 693 700 694 3 3 3 2
0 701 702 703 0 0 0 1
0 704 701 703 0 0 0 1
0 704 703 705 1 1 1 2
0 706 704 705 1 1 1 2
0 706 705 707 4 4 4 1
0 708 706 707 4 4 4 1
0 708 707 702 3 3 3 2
0 701 708 702 3 3 3 2
0 709 710 711 0 0 0 1
0 712 709 711 0 0 0 1
0 712 711 713 1 1 1 2
0 714 712 713 1 1 1 2
0 714 713 715 4 4 4 1
0 716 714 715 4 4 4 1
0 716 715 710 3 3 3 2
0 709 716 710 3 3 3 2
0 717 718 719 0 0 0 1
0 720 717 719 0 0 0 1
0 720 719 721 3 3 3 2
0 722 720 721 3 3 3 2
0 722 721 723 13 13 13 1
0 724 722 723 13 13 13 1
0 724 723 718 1 1 1 2
0 717 724 718 1 1 1 2
0 725 726 727 0 0 0 1
0 728 725 727 0 0 0 1
0 728 727 729 3 3 3 2
0 730 728 729 3 3 3 2
0 730 729 731 4 4 4 1
0 732 730 731 4 4 4 1
0 732 731 726 1 1 1 2
0 725 732 726 1 1 1 2
0 733 734 735 0 0 0 1
0 736 733 735 0 0 0 1
0 736 735 737 3 3 3 2
0 738 736 737 3 3 3 2
0 738 737 739 4 4 4 1
0 740 738 739 4 4 4 1
0 740 739 734 1 1 1 2
0 733 740 734 1 1 1 2
0 741 742 743 4 4 4 1
0 744 741 743 4 4 4 1
0 744 743 745 3 3 3 2
0 746 744 745 3 3 3 2
0 746 745 747 6 6 6 1
0 748 746 747 6 6 6 1
0 748 747 742 10 10 10 2
0 741 748 742 10 10 10 2
0 749 750 751 4 4 4 1
0 752 749 751 4 4 4 1
0 752 751 753 3 3 3 2
0 754 752 753 3 3 3 2
0 754 753 755 0 0 0 1
0 756 754 755 0 0 0 1
0 756 755 750 1 1 1 2
0 749 756 750 1 1 1 2
0 757 758 759 4 4 4 1
0 760 757 759 4 4 4 1
0 760 759 761 3 3 3 2
0 762 760 761 3 3 3 2
0 762 761 763 0 0 0 1
0 764 762 763 0 0 0 1
0 764 763 758 1 1 1 2
0 757 764 758 1 1 1 2
0 765 766 767 4 4 4 1
0 768 765 767 4 4 4 1
0 768 767 769 1 1 1 2
0 770 768 769 1 1 1 2
0 770 769 771 8 8 8 1
0 772 770 771 8 8 8 1
0 772 771 766 11 11 11 2
0 765 772 766 11 11 11 2
0 773 774 775 4 4 4 1
0 776 773 775 4 4 4 1
0 776 775 777 1 1 1 2
0 778 776 777 1 1 1 2
0 778 777 779 0 0 0 1
0 780 778 779 0 0 0 1
0 780 779 774 3 3 3 2
0 773 780 774 3 3 3 2
0 781 782 783 4 4 4 1
0 784 781 783 4 4 4 1
0 784 783 785 1 1 1 2
0 786 784 785 1 1 1 2
0 786 785 787 0 0 0 1
0 788 786 787 0 0 0 1
0 788 787 782 3 3 3 2
0 781 788 782 3 3 3 2
0 789 790 791 0 0 0 1
0 792 789 791 0 0 0 1
0 792 791 793 1 1 1 2
0 794 792 793 1 1 1 2
0 794 793 795 12 12 12 1
0 796 794 795 12 12 12 1
0 796 795 790 3 3 3 2
0 789 796 790 3 3 3 2
0 797 798 799 0 0 0 1
0 800 797 799 0 0 0 1
0 800 799 801 1 1 1 2
0 802 800 801 1 1 1 2
0 802 801 803 4 4 4 1
0 804 802 803 4 4 4 1
0 804 803 798 3 3 3 2
0 797 804 798 3 3 3 2
0 805 806 807 0 0 0 1
0 808 805 807 0 0 0 1
0 808 807 809 1 1 1 2
0 810 808 809 1 1 1 2
0 810 809 811 4 4 4 1
0 812 810 811 4 4 4 1
0 812 811 806 3 3 3 2
0 805 812 806 3 3 3 2
0 813 814 815 0 0 0 1
0 816 813 815 0 0 0 1
0 816 815 817 3 3 3 2
0 818 816 817 3 3 3 2
0 818 817 819 13 13 13 1
0 820 818 819 13 13 13 1
0 820 819 814 1 1 1 2
0 813 820 814 1 1 1 2
0 821 822 823 0 0 0 1
0 824 821 823 0 0 0 1
0 824 823 825 3 3 3 2
0 826 824 825 3 3 3 2
0 826 825 827 4 4 4 1
0 828 826 827 4 4 4 1
0 828 827 822 1 1 1 2
0 821 828 822 1 1 1 2
0 829 830 831 0 0 0 1
0 832 829 831 0 0 0 1
0 832 831 833 3 3 3 2
0 834 832 833 3 3 3 2
0 834 833 835 4 4 4 1
0 836 834 835 4 4 4 1
0 836 835 830 1 1 1 2
0 829 836 830 1 1 1 2
0 837 838 839 4 4 4 1
0 840 837 839 4 4 4 1
0 840 839 841 3 3 3 2
0 842 840 841 3 3 3 2
0 842 841 843 6 6 6 1
0 844 842 843 6 6 6 1
0 844 843 838 10 10 10 2
0 837 844 838 10 10 10 2
0 845 846 847 4 4 4 1
0 848 845 847 4 4 4 1
0 848 847 849 3 3 3 2
0 850 848 849 3 3 3 2
0 850 849 851 0 0 0 1
0 852 850 851 0 0 0 1
0 852 851 846 1 1 1 2
0 845 852 846 1 1 1 2
0 853 854 855 4 4 4 1
0 856 853 855 4 4 4 1
0 856 855 857 3 3 3 2
0 858 856 857 3 3 3 2
0 858 857 859 0 0 0 1
0 860 858 859 0 0 0 1
0 860 859 854 1 1 1 2
0 853 860 854 1 1 1 2
0 861 862 863 4 4 4 1
0 864 861 863 4 4 4 1
0 864 863 865 1 1 1 2
0 866 864 865 1 1 1 2
0 866 865 867 8 8 8 1
0 868 866 867 8 8 8 1
0 868 867 862 11 11 11 2
0 861 868 862 11 11 11 2
0 869 870 871 4 4 4 1
0 872 869 871 4 4 4 1
0 872 871 873 1 1 1 2
0 874 872 873 1 1 1 2
0 874 873 875 0 0 0 1
0 876 874 875 0 0 0 1
0 876 875 870 3 3 3 2
0 869 876 870 3 3 3 2
0 877 878 879 4 4 4 1
0 880 877 879 4 4 4 1
0 880 879 881 1 1 1 2
0 882 880 881 1 1 1 2
0 882 881 883 0 0 0 1
0 884 882 883 0 0 0 1
0 884 883 878 3 3 3 2
0 877 884 878 3 3 3 2
0 885 886 887 0 0 0 1
0 888 885 887 0 0 0 1
0 888 887 889 1 1 1 2
0 890 888 889 1 1 1 2
0 890 889 891 12 12 12 1
0 892 890 891 12 12 12 1
0 892 891 886 3 3 3 2
0 885 892 886 3 3 3 2
0 893 894 895 0 0 0 1
0 896 893 895 0 0 0 1
0 896 895 897 1 1 1 2
0 898 896 897 1 1 1 2
0 898 897 899 4 4 4 1
0 900 898 899 4 4 4 1
0 900 899 894 3 3 3 2
0 893 900 894 3 3 3 2
0 901 902 903 0 0 0 1
0 904 901 903 0 0 0 1
0 904 903 905 1 1 1 2
0 906 904 905 1 1 1 2
0 906 905 907 4 4 4 1
0 908 906 907 4 4 4 1
0 908 907 902 3 3 3 2
0 901 908 902 3 3 3 2
0 909 910 911 0 0 0 1
0 912 909 911 0 0 0 1
0 912 911 913 3 3 3 2
0 914 912 913 3 3 3 2
0 914 913 915 13 13 13 1
0 916 914 915 13 13 13 1
0 916 915 910 1 1 1 2
0 909 916 910 1 1 1 2
0 917 918 919 0 0 0 1
0 920 917 919 0 0 0 1
0 920 919 921 3 3 3 2
0 922 920 921 3 3 3 2
0 922 921 923 4 4 4 1
0 924 922 923 4 4 4 1
0 924 923 918 1 1 1 2
0 917 924 918 1 1 1 2
0 925 926 927 0 0 0 1
0 928 925 927 0 0 0 1
0 928 927 929 3 3 3 2
0 930 928 929 3 3 3 2
0 930 929 931 4 4 4 1
0 932 930 931 4 4 4 1
0 932 931 926 1 1 1 2
0 925 932 926 1 1 1 2
0 933 934 935 4 4 4 1
0 936 933 935 4 4 4 1
0 936 935 937 3 3 3 2
0 938 936 937 3 3 3 2
0 938 937 939 6 6 6 1
0 940 938 939 6 6 6 1
0 940 939 934 10 10 10 2
0 933 940 934 10 10 10 2
0 941 942 943 4 4 4 1
0 944 941 943 4 4 4 1
0 944 943 945 3 3 3 2
0 946 944 945 3 3 3 2
0 946 945 947 0 0 0 1
0 948 946 947 0 0 0 1
0 948 947 942 1 1 1 2
0 941 948 942 1 1 1 2
0 949 950 951 4 4 4 1
0 952 949 951 4 4 4 1
0 952 951 953 3 3 3 2
0 954 952 953 3 3 3 2
0 954 953 955 0 0 0 1
0 956 954 955 0 0 0 1
0 956 955 950 1 1 1 2
0 949 956 950 1 1 1 2
0 957 958 959 4 4 4 1
0 960 957 959 4 4 4 1
0 960 959 961 1 1 1 2
0 962 960 961 1 1 1 2
0 962 961 963 8 8 8 1
0 964 962 963 8 8 8 1
0 964 963 958 11 11 11 2
0 957 964 958 11 11 11 2
0 965 966 967 4 4 4 1
0 968 965 967 4 4 4 1
0 968 967 969 1 1 1 2
0 970 968 969 1 1 1 2
0 970 969 971 0 0 0 1
0 972 970 971 0 0 0 1
0 972 971 966 3 3 3 2
0 965 972 966 3 3 3 2
0 973 974 975 4 4 4 1
0 976 973 975 4 4 4 1
0 976 975 977 1 1 1 2
0 978 976 977 1 1 1 2
0 978 977 979 0 0 0 1
0 980 978 979 0 0 0 1
0 980 979 974 3 3 3 2
0 973 980 974 3 3 3 2

Materials: 1
"BAR"
0.200000 0.200000 0.200000 1
0.800000 0.800000 0.800000 1
0 0 0 1
1 1 1 1
0
1
"Bars.png"
""

Bones: 0
GroupComments: 0
MaterialComments: 0
BoneComments: 0
ModelComment: 0
