// MilkShape 3D ASCII

Frames: 120
Frame: 61

Meshes: 1
"PAT_ARROW" 0 0
24
0 -42.105766 112.234505 -177.088867 0.998047 1.049169 0
0 -42.105766 112.234505 -467.911133 0.998047 -0.984486 0
0 -82.667328 95 -467.911133 0.498047 -0.984486 0
0 -82.667328 95 -177.088867 0.498047 1.049169 0
0 -112.558350 62.165497 -467.911133 -0.001953 -0.984486 0
0 -112.558350 62.165497 -177.088867 -0.001953 1.049169 0
0 45.947075 112.234505 -177.088867 0.998047 1.049169 0
0 45.947075 112.234505 -467.911133 0.998047 -0.984486 0
0 86.508621 95 -467.911133 0.498047 -0.984486 0
0 86.508621 95 -177.088867 0.498047 1.049169 0
0 116.399643 62.165497 -467.911133 -0.001953 -0.984486 0
0 116.399643 62.165497 -177.088867 -0.001953 1.049169 0
0 42.072674 -112.234505 -177.088867 0.998047 1.049169 0
0 42.072674 -112.234505 -467.911133 0.998047 -0.984486 0
0 82.634247 -94.999985 -467.911133 0.498047 -0.984486 0
0 82.634247 -94.999985 -177.088867 0.498047 1.049169 0
0 112.525253 -62.165482 -467.911133 -0.001953 -0.984486 0
0 112.525253 -62.165482 -177.088867 -0.001953 1.049169 0
0 -45.980171 -112.234505 -177.088867 0.998047 1.049169 0
0 -45.980171 -112.234505 -467.911133 0.998047 -0.984486 0
0 -86.541702 -95.000015 -467.911133 0.498047 -0.984486 0
0 -86.541702 -95.000015 -177.088867 0.498047 1.049169 0
0 -116.432739 -62.165512 -467.911133 -0.001953 -0.984486 0
0 -116.432739 -62.165512 -177.088867 -0.001953 1.049169 0
14
-0.391061 0.920365 0
-0.578621 0.815596 0
-0.578621 0.815597 0
-0.739475 0.673184 0
-0.391061 -0.920365 0
-0.578621 -0.815596 0
-0.578621 -0.815596 0
-0.739475 -0.673184 0
0.391061 -0.920365 0
0.578621 -0.815596 0
0.739475 -0.673184 0
0.391061 0.920365 0
0.578621 0.815597 0
0.739475 0.673184 0
16
0 0 1 2 0 0 1 1
0 0 2 3 0 1 2 1
0 2 4 5 1 3 3 1
0 2 5 3 1 3 2 1
0 6 7 8 4 4 5 1
0 6 8 9 4 5 6 1
0 8 10 11 5 7 7 1
0 8 11 9 5 7 6 1
0 12 13 14 8 8 9 1
0 12 14 15 8 9 9 1
0 14 16 17 9 10 10 1
0 14 17 15 9 10 9 1
0 18 19 20 11 11 12 1
0 18 20 21 11 12 12 1
0 20 22 23 12 13 13 1
0 20 23 21 12 13 12 1

Materials: 1
"PAT_ARROW"
0.200000 0.200000 0.200000 1
0.800000 0.800000 0.800000 1
0 0 0 1
1 1 1 1
0
1
"ARROWS.png"
""

Bones: 1
"joint3"
""
8 0 0 0 0 -0 0
2
0 0 0 -1744
180 0 0 1800
1
0 0 -0 0
GroupComments: 0
MaterialComments: 0
BoneComments: 0
ModelComment: 0
