// MilkShape 3D ASCII

Frames: 120
Frame: 1

Meshes: 2
"EXTERNAL_SQUARES" 0 0
60
0 -0.233495 127.392860 -594.446289 8.139915 -5.048054 -1
0 -0.233477 127.392860 824.563354 8.139915 34.146950 -1
0 29.228106 124.608986 -594.446289 8.053740 -5.048054 -1
0 29.228125 124.608986 824.563354 8.053740 34.146950 -1
0 57.402092 116.379135 824.563354 7.798984 34.146950 -1
0 57.402084 116.379135 -594.446289 7.798984 -5.048054 -1
0 83.057144 103.063004 -594.446289 7.386770 -5.048054 -1
0 83.057159 103.063004 824.563354 7.386770 34.146950 -1
0 105.071983 85.242447 824.563354 6.835127 34.146950 -1
0 105.071945 85.242447 -594.446289 6.835127 -5.048054 -1
0 122.484444 63.696411 -594.446289 6.168157 -5.048054 -1
0 122.484444 63.696411 824.563354 6.168157 34.146950 -1
0 134.533569 39.366554 824.563354 5.415015 34.146950 -1
0 134.533569 39.366554 -594.446289 5.415015 -5.048054 -1
0 140.692719 13.316166 -594.446289 4.608609 -5.048054 -1
0 140.692719 13.316166 824.563354 4.608609 34.146950 -1
0 140.692719 -13.316196 824.563354 3.784189 34.146950 -1
0 140.692719 -13.316196 -594.446289 3.784189 -5.048054 -1
0 134.533569 -39.366577 -594.446289 2.977786 -5.048054 -1
0 134.533569 -39.366577 824.563354 2.977786 34.146950 -1
0 122.484444 -63.696449 824.563354 2.224641 34.146950 -1
0 122.484444 -63.696449 -594.446289 2.224641 -5.048054 -1
0 105.071983 -85.242485 -594.446289 1.557671 -5.048054 -1
0 105.071983 -85.242485 824.563354 1.557671 34.146950 -1
0 83.057167 -103.063042 824.563354 1.006027 34.146950 -1
0 83.057159 -103.063042 -594.446289 1.006027 -5.048054 -1
0 57.402092 -116.379173 -594.446289 0.593818 -5.048054 -1
0 57.402119 -116.379173 824.563354 0.593818 34.146950 -1
0 29.228132 -124.609032 824.563354 0.339058 34.146950 -1
0 29.228125 -124.609032 -594.446289 0.339058 -5.048054 -1
0 -0.233483 -127.392906 -594.446289 0.252883 -5.048054 -1
0 -0.233467 -127.392906 824.563354 0.252883 34.146950 -1
0 -29.695080 -124.609032 824.563354 0.339058 34.146950 -1
0 -29.695089 -124.609032 -594.446289 0.339058 -5.048054 -1
0 -57.869091 -116.379173 -594.446289 0.593818 -5.048054 -1
0 -57.869053 -116.379173 824.563354 0.593818 34.146950 -1
0 -83.524109 -103.063042 824.563354 1.006027 34.146950 -1
0 -83.524139 -103.063042 -594.446289 1.006027 -5.048054 -1
0 -105.538948 -85.242493 -594.446289 1.557671 -5.048054 -1
0 -105.538933 -85.242493 824.563354 1.557671 34.146950 -1
0 -122.951431 -63.696465 824.563354 2.224641 34.146950 -1
0 -122.951469 -63.696465 -594.446289 2.224641 -5.048054 -1
0 -135.000580 -39.366596 -594.446289 2.977786 -5.048054 -1
0 -135.000565 -39.366596 824.563354 2.977786 34.146950 -1
0 -141.159637 -13.316210 824.563354 3.784189 34.146950 -1
0 -141.159683 -13.316210 -594.446289 3.784189 -5.048054 -1
0 -141.159683 13.316149 -594.446289 4.608609 -5.048054 -1
0 -141.159637 13.316149 824.563354 4.608609 34.146950 -1
0 -135.000565 39.366539 824.563354 5.415015 34.146950 -1
0 -135.000580 39.366539 -594.446289 5.415015 -5.048054 -1
0 -122.951469 63.696404 -594.446289 6.168157 -5.048054 -1
0 -122.951431 63.696404 824.563354 6.168157 34.146950 -1
0 -105.538948 85.242439 824.563354 6.835127 34.146950 -1
0 -105.538963 85.242439 -594.446289 6.835127 -5.048054 -1
0 -83.524155 103.063004 -594.446289 7.386770 -5.048054 -1
0 -83.524139 103.063004 824.563354 7.386770 34.146950 -1
0 -57.869053 116.379135 824.563354 7.798984 34.146950 -1
0 -57.869099 116.379135 -594.446289 7.798984 -5.048054 -1
0 -29.695105 124.608986 -594.446289 8.053740 -5.048054 -1
0 -29.695089 124.608986 824.563354 8.053740 34.146950 -1
57
0 1 -0
0 1 -0
0.188080 0.982154 -0
0.188080 0.982154 -0
0.372298 0.928113 -0
0.372298 0.928113 -0
0.547715 0.836665 -0
0.547715 0.836665 -0
0.707391 0.706823 -0
0.707390 0.706823 -0
0.842029 0.539432 -0
0.842029 0.539432 0
0.940737 0.339138 0
0.993270 0.115824 0
0.993270 -0.115824 0
0.993270 -0.115824 0
0.940737 -0.339138 0
0.940737 -0.339138 0
0.842029 -0.539432 0
0.707391 -0.706823 -0
0.707391 -0.706823 0
0.547715 -0.836665 -0
0.547715 -0.836665 -0
0.372298 -0.928113 -0
0.372299 -0.928113 -0
0.188080 -0.982154 -0
0.188080 -0.982154 -0
0 -1 0
0 -1 -0
-0.188080 -0.982154 0
-0.188080 -0.982154 0
-0.372298 -0.928113 0
-0.372299 -0.928113 0
-0.547715 -0.836665 0
-0.547715 -0.836665 0
-0.707390 -0.706823 0
-0.707390 -0.706823 0
-0.842029 -0.539432 0
-0.842029 -0.539432 0
-0.940737 -0.339137 0
-0.940737 -0.339137 0
-0.993270 -0.115823 0
-0.993270 -0.115823 0
-0.993270 0.115823 0
-0.993270 0.115822 0
-0.940737 0.339137 0
-0.940737 0.339137 0
-0.842029 0.539432 0
-0.842029 0.539432 0
-0.707391 0.706823 0
-0.707390 0.706823 0
-0.547715 0.836665 0
-0.547715 0.836665 0
-0.372298 0.928113 0
-0.372298 0.928113 0
-0.188080 0.982154 0
-0.188080 0.982154 0
60
0 0 1 2 0 1 2 1
0 1 3 2 1 3 2 1
0 2 3 4 2 3 4 1
0 2 4 5 2 4 5 1
0 5 4 6 5 4 6 1
0 4 7 6 4 7 6 1
0 6 7 8 6 7 8 1
0 6 8 9 6 8 9 1
0 9 8 10 9 8 10 1
0 8 11 10 8 11 10 1
0 10 11 12 10 11 12 1
0 10 12 13 10 12 12 1
0 13 12 14 12 12 13 1
0 12 15 14 12 13 13 1
0 14 15 16 13 13 14 1
0 14 16 17 13 14 15 1
0 17 16 18 15 14 16 1
0 16 19 18 14 17 16 1
0 18 19 20 16 17 18 1
0 18 20 21 16 18 18 1
0 21 20 22 18 18 19 1
0 20 23 22 18 20 19 1
0 22 23 24 19 20 21 1
0 22 24 25 19 21 22 1
0 25 24 26 22 21 23 1
0 24 27 26 21 24 23 1
0 26 27 28 23 24 25 1
0 26 28 29 23 25 26 1
0 29 28 30 26 25 27 1
0 28 31 30 25 28 27 1
0 30 31 32 27 28 29 1
0 30 32 33 27 29 30 1
0 33 32 34 30 29 31 1
0 32 35 34 29 32 31 1
0 34 35 36 31 32 33 1
0 34 36 37 31 33 34 1
0 37 36 38 34 33 35 1
0 36 39 38 33 36 35 1
0 38 39 40 35 36 37 1
0 38 40 41 35 37 38 1
0 41 40 42 38 37 39 1
0 40 43 42 37 40 39 1
0 42 43 44 39 40 41 1
0 42 44 45 39 41 42 1
0 45 44 46 42 41 43 1
0 44 47 46 41 44 43 1
0 46 47 48 43 44 45 1
0 46 48 49 43 45 46 1
0 49 48 50 46 45 47 1
0 48 51 50 45 48 47 1
0 50 51 52 47 48 49 1
0 50 52 53 47 49 50 1
0 53 52 54 50 49 51 1
0 52 55 54 49 52 51 1
0 54 55 56 51 52 53 1
0 54 56 57 51 53 54 1
0 57 56 58 54 53 55 1
0 56 59 58 53 56 55 1
0 58 59 1 55 56 1 1
0 58 1 0 55 1 0 1
"LIGHT_DIF" 0 1
336
0 7.187210 120 -412.471741 0 0.651005 -1
0 7.187210 120 -577.528320 0 0.928790 -1
0 -7.187214 120 -577.528320 1 0.928790 -1
0 -7.187214 120 -412.471741 1 0.651005 -1
0 52.187210 115 -412.471741 0 0.034076 -1
0 52.187210 115 -577.528320 0 0.311861 -1
0 37.812786 115 -577.528320 1 0.311861 -1
0 37.812786 115 -412.471741 1 0.034076 -1
0 -37.812790 115 -412.471741 0 0.034076 -1
0 -37.812790 115 -577.528320 0 0.311861 -1
0 -52.187214 115 -577.528320 1 0.311861 -1
0 -52.187214 115 -412.471741 1 0.034076 -1
0 7.187210 -120 -412.471741 0 0.651005 -1
0 7.187210 -120 -577.528320 0 0.928790 -1
0 -7.187214 -120 -577.528320 1 0.928790 -1
0 -7.187214 -120 -412.471741 1 0.651005 -1
0 52.187210 -115 -412.471741 0 0.034076 -1
0 52.187210 -115 -577.528320 0 0.311861 -1
0 37.812786 -115 -577.528320 1 0.311861 -1
0 37.812786 -115 -412.471741 1 0.034076 -1
0 -37.812790 -115 -412.471741 0 0.034076 -1
0 -37.812790 -115 -577.528320 0 0.311861 -1
0 -52.187214 -115 -577.528320 1 0.311861 -1
0 -52.187214 -115 -412.471741 1 0.034076 -1
0 137 7.187225 -412.471741 0 0.034076 -1
0 137 7.187225 -577.528320 0 0.311861 -1
0 137 -7.187225 -577.528320 1 0.311861 -1
0 137 -7.187225 -412.471741 1 0.034076 -1
0 129 42.187195 -412.471741 0 0.651005 -1
0 129 42.187195 -577.528320 0 0.928790 -1
0 129 27.812805 -577.528320 1 0.928790 -1
0 129 27.812805 -412.471741 1 0.651005 -1
0 129 -27.812775 -412.471741 0 0.651005 -1
0 129 -27.812775 -577.528320 0 0.928790 -1
0 129 -42.187195 -577.528320 1 0.928790 -1
0 129 -42.187195 -412.471741 1 0.651005 -1
0 -137 7.187225 -412.471741 0 0.034076 -1
0 -137 7.187225 -577.528320 0 0.311861 -1
0 -137 -7.187225 -577.528320 1 0.311861 -1
0 -137 -7.187225 -412.471741 1 0.034076 -1
0 -129 42.187195 -412.471741 0 0.651005 -1
0 -129 42.187195 -577.528320 0 0.928790 -1
0 -129 27.812805 -577.528320 1 0.928790 -1
0 -129 27.812805 -412.471741 1 0.651005 -1
0 -129 -27.812775 -412.471741 0 0.651005 -1
0 -129 -27.812775 -577.528320 0 0.928790 -1
0 -129 -42.187195 -577.528320 1 0.928790 -1
0 -129 -42.187195 -412.471741 1 0.651005 -1
0 7.187210 120 -247.471741 0 0.651005 -1
0 7.187210 120 -412.528320 0 0.928790 -1
0 -7.187214 120 -412.528320 1 0.928790 -1
0 -7.187214 120 -247.471741 1 0.651005 -1
0 52.187210 115 -247.471741 0 0.034076 -1
0 52.187210 115 -412.528320 0 0.311861 -1
0 37.812786 115 -412.528320 1 0.311861 -1
0 37.812786 115 -247.471741 1 0.034076 -1
0 -37.812790 115 -247.471741 0 0.034076 -1
0 -37.812790 115 -412.528320 0 0.311861 -1
0 -52.187214 115 -412.528320 1 0.311861 -1
0 -52.187214 115 -247.471741 1 0.034076 -1
0 7.187210 -120 -247.471741 0 0.651005 -1
0 7.187210 -120 -412.528320 0 0.928790 -1
0 -7.187214 -120 -412.528320 1 0.928790 -1
0 -7.187214 -120 -247.471741 1 0.651005 -1
0 52.187210 -115 -247.471741 0 0.034076 -1
0 52.187210 -115 -412.528320 0 0.311861 -1
0 37.812786 -115 -412.528320 1 0.311861 -1
0 37.812786 -115 -247.471741 1 0.034076 -1
0 -37.812790 -115 -247.471741 0 0.034076 -1
0 -37.812790 -115 -412.528320 0 0.311861 -1
0 -52.187214 -115 -412.528320 1 0.311861 -1
0 -52.187214 -115 -247.471741 1 0.034076 -1
0 137 7.187225 -247.471741 0 0.034076 -1
0 137 7.187225 -412.528320 0 0.311861 -1
0 137 -7.187225 -412.528320 1 0.311861 -1
0 137 -7.187225 -247.471741 1 0.034076 -1
0 129 42.187195 -247.471741 0 0.651005 -1
0 129 42.187195 -412.528320 0 0.928790 -1
0 129 27.812805 -412.528320 1 0.928790 -1
0 129 27.812805 -247.471741 1 0.651005 -1
0 129 -27.812775 -247.471741 0 0.651005 -1
0 129 -27.812775 -412.528320 0 0.928790 -1
0 129 -42.187195 -412.528320 1 0.928790 -1
0 129 -42.187195 -247.471741 1 0.651005 -1
0 -137 7.187225 -247.471741 0 0.034076 -1
0 -137 7.187225 -412.528320 0 0.311861 -1
0 -137 -7.187225 -412.528320 1 0.311861 -1
0 -137 -7.187225 -247.471741 1 0.034076 -1
0 -129 42.187195 -247.471741 0 0.651005 -1
0 -129 42.187195 -412.528320 0 0.928790 -1
0 -129 27.812805 -412.528320 1 0.928790 -1
0 -129 27.812805 -247.471741 1 0.651005 -1
0 -129 -27.812775 -247.471741 0 0.651005 -1
0 -129 -27.812775 -412.528320 0 0.928790 -1
0 -129 -42.187195 -412.528320 1 0.928790 -1
0 -129 -42.187195 -247.471741 1 0.651005 -1
0 7.187210 120 -82.471741 0 0.651005 -1
0 7.187210 120 -247.528320 0 0.928790 -1
0 -7.187214 120 -247.528320 1 0.928790 -1
0 -7.187214 120 -82.471741 1 0.651005 -1
0 52.187210 115 -82.471741 0 0.034076 -1
0 52.187210 115 -247.528320 0 0.311861 -1
0 37.812786 115 -247.528320 1 0.311861 -1
0 37.812786 115 -82.471741 1 0.034076 -1
0 -37.812790 115 -82.471741 0 0.034076 -1
0 -37.812790 115 -247.528320 0 0.311861 -1
0 -52.187214 115 -247.528320 1 0.311861 -1
0 -52.187214 115 -82.471741 1 0.034076 -1
0 7.187210 -120 -82.471741 0 0.651005 -1
0 7.187210 -120 -247.528320 0 0.928790 -1
0 -7.187214 -120 -247.528320 1 0.928790 -1
0 -7.187214 -120 -82.471741 1 0.651005 -1
0 52.187210 -115 -82.471741 0 0.034076 -1
0 52.187210 -115 -247.528320 0 0.311861 -1
0 37.812786 -115 -247.528320 1 0.311861 -1
0 37.812786 -115 -82.471741 1 0.034076 -1
0 -37.812790 -115 -82.471741 0 0.034076 -1
0 -37.812790 -115 -247.528320 0 0.311861 -1
0 -52.187214 -115 -247.528320 1 0.311861 -1
0 -52.187214 -115 -82.471741 1 0.034076 -1
0 137 7.187225 -82.471741 0 0.034076 -1
0 137 7.187225 -247.528320 0 0.311861 -1
0 137 -7.187225 -247.528320 1 0.311861 -1
0 137 -7.187225 -82.471741 1 0.034076 -1
0 129 42.187195 -82.471741 0 0.651005 -1
0 129 42.187195 -247.528320 0 0.928790 -1
0 129 27.812805 -247.528320 1 0.928790 -1
0 129 27.812805 -82.471741 1 0.651005 -1
0 129 -27.812775 -82.471741 0 0.651005 -1
0 129 -27.812775 -247.528320 0 0.928790 -1
0 129 -42.187195 -247.528320 1 0.928790 -1
0 129 -42.187195 -82.471741 1 0.651005 -1
0 -137 7.187225 -82.471741 0 0.034076 -1
0 -137 7.187225 -247.528320 0 0.311861 -1
0 -137 -7.187225 -247.528320 1 0.311861 -1
0 -137 -7.187225 -82.471741 1 0.034076 -1
0 -129 42.187195 -82.471741 0 0.651005 -1
0 -129 42.187195 -247.528320 0 0.928790 -1
0 -129 27.812805 -247.528320 1 0.928790 -1
0 -129 27.812805 -82.471741 1 0.651005 -1
0 -129 -27.812775 -82.471741 0 0.651005 -1
0 -129 -27.812775 -247.528320 0 0.928790 -1
0 -129 -42.187195 -247.528320 1 0.928790 -1
0 -129 -42.187195 -82.471741 1 0.651005 -1
0 7.187210 120 82.528290 0 0.651005 -1
0 7.187210 120 -82.528320 0 0.928790 -1
0 -7.187214 120 -82.528320 1 0.928790 -1
0 -7.187214 120 82.528290 1 0.651005 -1
0 52.187210 115 82.528290 0 0.034076 -1
0 52.187210 115 -82.528320 0 0.311861 -1
0 37.812786 115 -82.528320 1 0.311861 -1
0 37.812786 115 82.528290 1 0.034076 -1
0 -37.812790 115 82.528290 0 0.034076 -1
0 -37.812790 115 -82.528320 0 0.311861 -1
0 -52.187214 115 -82.528320 1 0.311861 -1
0 -52.187214 115 82.528290 1 0.034076 -1
0 7.187210 -120 82.528290 0 0.651005 -1
0 7.187210 -120 -82.528320 0 0.928790 -1
0 -7.187214 -120 -82.528320 1 0.928790 -1
0 -7.187214 -120 82.528290 1 0.651005 -1
0 52.187210 -115 82.528290 0 0.034076 -1
0 52.187210 -115 -82.528320 0 0.311861 -1
0 37.812786 -115 -82.528320 1 0.311861 -1
0 37.812786 -115 82.528290 1 0.034076 -1
0 -37.812790 -115 82.528290 0 0.034076 -1
0 -37.812790 -115 -82.528320 0 0.311861 -1
0 -52.187214 -115 -82.528320 1 0.311861 -1
0 -52.187214 -115 82.528290 1 0.034076 -1
0 137 7.187225 82.528290 0 0.034076 -1
0 137 7.187225 -82.528320 0 0.311861 -1
0 137 -7.187225 -82.528320 1 0.311861 -1
0 137 -7.187225 82.528290 1 0.034076 -1
0 129 42.187195 82.528290 0 0.651005 -1
0 129 42.187195 -82.528320 0 0.928790 -1
0 129 27.812805 -82.528320 1 0.928790 -1
0 129 27.812805 82.528290 1 0.651005 -1
0 129 -27.812775 82.528290 0 0.651005 -1
0 129 -27.812775 -82.528320 0 0.928790 -1
0 129 -42.187195 -82.528320 1 0.928790 -1
0 129 -42.187195 82.528290 1 0.651005 -1
0 -137 7.187225 82.528290 0 0.034076 -1
0 -137 7.187225 -82.528320 0 0.311861 -1
0 -137 -7.187225 -82.528320 1 0.311861 -1
0 -137 -7.187225 82.528290 1 0.034076 -1
0 -129 42.187195 82.528290 0 0.651005 -1
0 -129 42.187195 -82.528320 0 0.928790 -1
0 -129 27.812805 -82.528320 1 0.928790 -1
0 -129 27.812805 82.528290 1 0.651005 -1
0 -129 -27.812775 82.528290 0 0.651005 -1
0 -129 -27.812775 -82.528320 0 0.928790 -1
0 -129 -42.187195 -82.528320 1 0.928790 -1
0 -129 -42.187195 82.528290 1 0.651005 -1
0 7.187210 120 247.528290 0 0.651005 -1
0 7.187210 120 82.471649 0 0.928790 -1
0 -7.187214 120 82.471649 1 0.928790 -1
0 -7.187214 120 247.528290 1 0.651005 -1
0 52.187210 115 247.528290 0 0.034076 -1
0 52.187210 115 82.471649 0 0.311861 -1
0 37.812786 115 82.471649 1 0.311861 -1
0 37.812786 115 247.528290 1 0.034076 -1
0 -37.812790 115 247.528290 0 0.034076 -1
0 -37.812790 115 82.471649 0 0.311861 -1
0 -52.187214 115 82.471649 1 0.311861 -1
0 -52.187214 115 247.528290 1 0.034076 -1
0 7.187210 -120 247.528290 0 0.651005 -1
0 7.187210 -120 82.471649 0 0.928790 -1
0 -7.187214 -120 82.471649 1 0.928790 -1
0 -7.187214 -120 247.528290 1 0.651005 -1
0 52.187210 -115 247.528290 0 0.034076 -1
0 52.187210 -115 82.471649 0 0.311861 -1
0 37.812786 -115 82.471649 1 0.311861 -1
0 37.812786 -115 247.528290 1 0.034076 -1
0 -37.812790 -115 247.528290 0 0.034076 -1
0 -37.812790 -115 82.471649 0 0.311861 -1
0 -52.187214 -115 82.471649 1 0.311861 -1
0 -52.187214 -115 247.528290 1 0.034076 -1
0 137 7.187225 247.528290 0 0.034076 -1
0 137 7.187225 82.471649 0 0.311861 -1
0 137 -7.187225 82.471649 1 0.311861 -1
0 137 -7.187225 247.528290 1 0.034076 -1
0 129 42.187195 247.528290 0 0.651005 -1
0 129 42.187195 82.471649 0 0.928790 -1
0 129 27.812805 82.471649 1 0.928790 -1
0 129 27.812805 247.528290 1 0.651005 -1
0 129 -27.812775 247.528290 0 0.651005 -1
0 129 -27.812775 82.471649 0 0.928790 -1
0 129 -42.187195 82.471649 1 0.928790 -1
0 129 -42.187195 247.528290 1 0.651005 -1
0 -137 7.187225 247.528290 0 0.034076 -1
0 -137 7.187225 82.471649 0 0.311861 -1
0 -137 -7.187225 82.471649 1 0.311861 -1
0 -137 -7.187225 247.528290 1 0.034076 -1
0 -129 42.187195 247.528290 0 0.651005 -1
0 -129 42.187195 82.471649 0 0.928790 -1
0 -129 27.812805 82.471649 1 0.928790 -1
0 -129 27.812805 247.528290 1 0.651005 -1
0 -129 -27.812775 247.528290 0 0.651005 -1
0 -129 -27.812775 82.471649 0 0.928790 -1
0 -129 -42.187195 82.471649 1 0.928790 -1
0 -129 -42.187195 247.528290 1 0.651005 -1
0 7.187210 120 412.528290 0 0.651005 -1
0 7.187210 120 247.471649 0 0.928790 -1
0 -7.187214 120 247.471649 1 0.928790 -1
0 -7.187214 120 412.528290 1 0.651005 -1
0 52.187210 115 412.528290 0 0.034076 -1
0 52.187210 115 247.471649 0 0.311861 -1
0 37.812786 115 247.471649 1 0.311861 -1
0 37.812786 115 412.528290 1 0.034076 -1
0 -37.812790 115 412.528290 0 0.034076 -1
0 -37.812790 115 247.471649 0 0.311861 -1
0 -52.187214 115 247.471649 1 0.311861 -1
0 -52.187214 115 412.528290 1 0.034076 -1
0 7.187210 -120 412.528290 0 0.651005 -1
0 7.187210 -120 247.471649 0 0.928790 -1
0 -7.187214 -120 247.471649 1 0.928790 -1
0 -7.187214 -120 412.528290 1 0.651005 -1
0 52.187210 -115 412.528290 0 0.034076 -1
0 52.187210 -115 247.471649 0 0.311861 -1
0 37.812786 -115 247.471649 1 0.311861 -1
0 37.812786 -115 412.528290 1 0.034076 -1
0 -37.812790 -115 412.528290 0 0.034076 -1
0 -37.812790 -115 247.471649 0 0.311861 -1
0 -52.187214 -115 247.471649 1 0.311861 -1
0 -52.187214 -115 412.528290 1 0.034076 -1
0 137 7.187225 412.528290 0 0.034076 -1
0 137 7.187225 247.471649 0 0.311861 -1
0 137 -7.187225 247.471649 1 0.311861 -1
0 137 -7.187225 412.528290 1 0.034076 -1
0 129 42.187195 412.528290 0 0.651005 -1
0 129 42.187195 247.471649 0 0.928790 -1
0 129 27.812805 247.471649 1 0.928790 -1
0 129 27.812805 412.528290 1 0.651005 -1
0 129 -27.812775 412.528290 0 0.651005 -1
0 129 -27.812775 247.471649 0 0.928790 -1
0 129 -42.187195 247.471649 1 0.928790 -1
0 129 -42.187195 412.528290 1 0.651005 -1
0 -137 7.187225 412.528290 0 0.034076 -1
0 -137 7.187225 247.471649 0 0.311861 -1
0 -137 -7.187225 247.471649 1 0.311861 -1
0 -137 -7.187225 412.528290 1 0.034076 -1
0 -129 42.187195 412.528290 0 0.651005 -1
0 -129 42.187195 247.471649 0 0.928790 -1
0 -129 27.812805 247.471649 1 0.928790 -1
0 -129 27.812805 412.528290 1 0.651005 -1
0 -129 -27.812775 412.528290 0 0.651005 -1
0 -129 -27.812775 247.471649 0 0.928790 -1
0 -129 -42.187195 247.471649 1 0.928790 -1
0 -129 -42.187195 412.528290 1 0.651005 -1
0 7.187210 120 577.528320 0 0.651005 -1
0 7.187210 120 412.471649 0 0.928790 -1
0 -7.187214 120 412.471649 1 0.928790 -1
0 -7.187214 120 577.528320 1 0.651005 -1
0 52.187210 115 577.528320 0 0.034076 -1
0 52.187210 115 412.471649 0 0.311861 -1
0 37.812786 115 412.471649 1 0.311861 -1
0 37.812786 115 577.528320 1 0.034076 -1
0 -37.812790 115 577.528320 0 0.034076 -1
0 -37.812790 115 412.471649 0 0.311861 -1
0 -52.187214 115 412.471649 1 0.311861 -1
0 -52.187214 115 577.528320 1 0.034076 -1
0 7.187210 -120 577.528320 0 0.651005 -1
0 7.187210 -120 412.471649 0 0.928790 -1
0 -7.187214 -120 412.471649 1 0.928790 -1
0 -7.187214 -120 577.528320 1 0.651005 -1
0 52.187210 -115 577.528320 0 0.034076 -1
0 52.187210 -115 412.471649 0 0.311861 -1
0 37.812786 -115 412.471649 1 0.311861 -1
0 37.812786 -115 577.528320 1 0.034076 -1
0 -37.812790 -115 577.528320 0 0.034076 -1
0 -37.812790 -115 412.471649 0 0.311861 -1
0 -52.187214 -115 412.471649 1 0.311861 -1
0 -52.187214 -115 577.528320 1 0.034076 -1
0 137 7.187225 577.528320 0 0.034076 -1
0 137 7.187225 412.471649 0 0.311861 -1
0 137 -7.187225 412.471649 1 0.311861 -1
0 137 -7.187225 577.528320 1 0.034076 -1
0 129 42.187195 577.528320 0 0.651005 -1
0 129 42.187195 412.471649 0 0.928790 -1
0 129 27.812805 412.471649 1 0.928790 -1
0 129 27.812805 577.528320 1 0.651005 -1
0 129 -27.812775 577.528320 0 0.651005 -1
0 129 -27.812775 412.471649 0 0.928790 -1
0 129 -42.187195 412.471649 1 0.928790 -1
0 129 -42.187195 577.528320 1 0.651005 -1
0 -137 7.187225 577.528320 0 0.034076 -1
0 -137 7.187225 412.471649 0 0.311861 -1
0 -137 -7.187225 412.471649 1 0.311861 -1
0 -137 -7.187225 577.528320 1 0.034076 -1
0 -129 42.187195 577.528320 0 0.651005 -1
0 -129 42.187195 412.471649 0 0.928790 -1
0 -129 27.812805 412.471649 1 0.928790 -1
0 -129 27.812805 577.528320 1 0.651005 -1
0 -129 -27.812775 577.528320 0 0.651005 -1
0 -129 -27.812775 412.471649 0 0.928790 -1
0 -129 -42.187195 412.471649 1 0.928790 -1
0 -129 -42.187195 577.528320 1 0.651005 -1
2
0 1 0
-1 0 0
168
0 0 1 2 0 0 0 1
0 0 2 3 0 0 0 1
0 4 5 6 0 0 0 1
0 4 6 7 0 0 0 1
0 8 9 10 0 0 0 1
0 8 10 11 0 0 0 1
0 12 13 14 0 0 0 1
0 12 14 15 0 0 0 1
0 16 17 18 0 0 0 1
0 16 18 19 0 0 0 1
0 20 21 22 0 0 0 1
0 20 22 23 0 0 0 1
0 24 25 26 1 1 1 1
0 24 26 27 1 1 1 1
0 28 29 30 1 1 1 1
0 28 30 31 1 1 1 1
0 32 33 34 1 1 1 1
0 32 34 35 1 1 1 1
0 36 37 38 1 1 1 1
0 36 38 39 1 1 1 1
0 40 41 42 1 1 1 1
0 40 42 43 1 1 1 1
0 44 45 46 1 1 1 1
0 44 46 47 1 1 1 1
0 48 49 50 0 0 0 1
0 48 50 51 0 0 0 1
0 52 53 54 0 0 0 1
0 52 54 55 0 0 0 1
0 56 57 58 0 0 0 1
0 56 58 59 0 0 0 1
0 60 61 62 0 0 0 1
0 60 62 63 0 0 0 1
0 64 65 66 0 0 0 1
0 64 66 67 0 0 0 1
0 68 69 70 0 0 0 1
0 68 70 71 0 0 0 1
0 72 73 74 1 1 1 1
0 72 74 75 1 1 1 1
0 76 77 78 1 1 1 1
0 76 78 79 1 1 1 1
0 80 81 82 1 1 1 1
0 80 82 83 1 1 1 1
0 84 85 86 1 1 1 1
0 84 86 87 1 1 1 1
0 88 89 90 1 1 1 1
0 88 90 91 1 1 1 1
0 92 93 94 1 1 1 1
0 92 94 95 1 1 1 1
0 96 97 98 0 0 0 1
0 96 98 99 0 0 0 1
0 100 101 102 0 0 0 1
0 100 102 103 0 0 0 1
0 104 105 106 0 0 0 1
0 104 106 107 0 0 0 1
0 108 109 110 0 0 0 1
0 108 110 111 0 0 0 1
0 112 113 114 0 0 0 1
0 112 114 115 0 0 0 1
0 116 117 118 0 0 0 1
0 116 118 119 0 0 0 1
0 120 121 122 1 1 1 1
0 120 122 123 1 1 1 1
0 124 125 126 1 1 1 1
0 124 126 127 1 1 1 1
0 128 129 130 1 1 1 1
0 128 130 131 1 1 1 1
0 132 133 134 1 1 1 1
0 132 134 135 1 1 1 1
0 136 137 138 1 1 1 1
0 136 138 139 1 1 1 1
0 140 141 142 1 1 1 1
0 140 142 143 1 1 1 1
0 144 145 146 0 0 0 1
0 144 146 147 0 0 0 1
0 148 149 150 0 0 0 1
0 148 150 151 0 0 0 1
0 152 153 154 0 0 0 1
0 152 154 155 0 0 0 1
0 156 157 158 0 0 0 1
0 156 158 159 0 0 0 1
0 160 161 162 0 0 0 1
0 160 162 163 0 0 0 1
0 164 165 166 0 0 0 1
0 164 166 167 0 0 0 1
0 168 169 170 1 1 1 1
0 168 170 171 1 1 1 1
0 172 173 174 1 1 1 1
0 172 174 175 1 1 1 1
0 176 177 178 1 1 1 1
0 176 178 179 1 1 1 1
0 180 181 182 1 1 1 1
0 180 182 183 1 1 1 1
0 184 185 186 1 1 1 1
0 184 186 187 1 1 1 1
0 188 189 190 1 1 1 1
0 188 190 191 1 1 1 1
0 192 193 194 0 0 0 1
0 192 194 195 0 0 0 1
0 196 197 198 0 0 0 1
0 196 198 199 0 0 0 1
0 200 201 202 0 0 0 1
0 200 202 203 0 0 0 1
0 204 205 206 0 0 0 1
0 204 206 207 0 0 0 1
0 208 209 210 0 0 0 1
0 208 210 211 0 0 0 1
0 212 213 214 0 0 0 1
0 212 214 215 0 0 0 1
0 216 217 218 1 1 1 1
0 216 218 219 1 1 1 1
0 220 221 222 1 1 1 1
0 220 222 223 1 1 1 1
0 224 225 226 1 1 1 1
0 224 226 227 1 1 1 1
0 228 229 230 1 1 1 1
0 228 230 231 1 1 1 1
0 232 233 234 1 1 1 1
0 232 234 235 1 1 1 1
0 236 237 238 1 1 1 1
0 236 238 239 1 1 1 1
0 240 241 242 0 0 0 1
0 240 242 243 0 0 0 1
0 244 245 246 0 0 0 1
0 244 246 247 0 0 0 1
0 248 249 250 0 0 0 1
0 248 250 251 0 0 0 1
0 252 253 254 0 0 0 1
0 252 254 255 0 0 0 1
0 256 257 258 0 0 0 1
0 256 258 259 0 0 0 1
0 260 261 262 0 0 0 1
0 260 262 263 0 0 0 1
0 264 265 266 1 1 1 1
0 264 266 267 1 1 1 1
0 268 269 270 1 1 1 1
0 268 270 271 1 1 1 1
0 272 273 274 1 1 1 1
0 272 274 275 1 1 1 1
0 276 277 278 1 1 1 1
0 276 278 279 1 1 1 1
0 280 281 282 1 1 1 1
0 280 282 283 1 1 1 1
0 284 285 286 1 1 1 1
0 284 286 287 1 1 1 1
0 288 289 290 0 0 0 1
0 288 290 291 0 0 0 1
0 292 293 294 0 0 0 1
0 292 294 295 0 0 0 1
0 296 297 298 0 0 0 1
0 296 298 299 0 0 0 1
0 300 301 302 0 0 0 1
0 300 302 303 0 0 0 1
0 304 305 306 0 0 0 1
0 304 306 307 0 0 0 1
0 308 309 310 0 0 0 1
0 308 310 311 0 0 0 1
0 312 313 314 1 1 1 1
0 312 314 315 1 1 1 1
0 316 317 318 1 1 1 1
0 316 318 319 1 1 1 1
0 320 321 322 1 1 1 1
0 320 322 323 1 1 1 1
0 324 325 326 1 1 1 1
0 324 326 327 1 1 1 1
0 328 329 330 1 1 1 1
0 328 330 331 1 1 1 1
0 332 333 334 1 1 1 1
0 332 334 335 1 1 1 1

Materials: 2
"SQ"
0.200000 0.200000 0.200000 1
0.800000 0.800000 0.800000 1
0 0 0 1
1 1 1 1
0
1
"SQ.ini"
""
"LIGHT_DIF"
0.200000 0.200000 0.200000 1
0.800000 0.800000 0.800000 1
0 0 0 1
1 1 1 1
0
1
"PATTERN_1.ini"
""

Bones: 0
GroupComments: 0
MaterialComments: 0
BoneComments: 0
ModelComment: 0
