// MilkShape 3D ASCII

Frames: 120
Frame: 1

Meshes: 3
"STAGE_SIDES_EXT" 0 0
60
0 20.837143 3.918478 -18.177952 0 0.200000 -1
0 20.837143 -0.084716 -30.260998 0 0 -1
0 25.884369 -0.084716 -30.260998 0.500000 0 -1
0 25.884369 3.918478 -18.177952 0.500000 0.200000 -1
0 33.762127 -0.003876 -23.048000 1 0 -1
0 33.762127 -0.002178 -13.850152 1 0.200000 -1
0 25.884369 3.918478 18.071186 0.500000 0.800000 -1
0 20.837143 3.918478 18.071186 0 0.800000 -1
0 33.762127 -0.002178 13.743396 1 0.800000 -1
0 20.837143 -0.084716 30.154240 0 1 -1
0 25.884369 -0.084716 30.154240 0.500000 1 -1
0 33.762127 -0.003876 22.941244 1 1 -1
0 25.884369 -3.845291 18.071186 0.500000 0.800000 -1
0 20.837143 -3.845291 18.071186 0 0.800000 -1
0 20.837143 -3.845291 -18.177952 0 0.200000 -1
0 25.884369 -3.845291 -18.177952 0.500000 0.200000 -1
0 33.762127 -0.005474 -13.850152 1 0.200000 -1
0 33.762127 -0.005474 13.743396 1 0.800000 -1
0 20.837143 3.918478 -18.177952 0.418403 0.972363 -1
0 20.837143 -0.084716 -30.260998 0.234732 0.998535 -1
0 20.837143 -3.845291 -18.177952 0.062193 0.972363 -1
0 20.837143 3.918478 18.071186 0.418403 0.372364 -1
0 20.837143 -3.845291 18.071186 0.062193 0.372364 -1
0 20.837143 -0.084716 30.154240 0.234732 0.172364 -1
0 33.762127 -0.002178 -13.850152 0.200000 0 -1
0 33.762127 -0.003876 -23.048000 0 0.515625 -1
0 33.762127 -0.005474 -13.850152 0.200000 1 -1
0 33.762127 -0.002178 13.743396 0.800000 0 -1
0 33.762127 -0.005474 13.743396 0.800000 1 -1
0 33.762127 -0.003876 22.941244 1 0.515625 -1
0 -20.638187 3.918478 -18.177952 0 0.200000 -1
0 -20.638187 -0.084716 -30.260998 0 0 -1
0 -25.685413 -0.084716 -30.260998 0.500000 0 -1
0 -25.685413 3.918478 -18.177952 0.500000 0.200000 -1
0 -33.563175 -0.003876 -23.048000 1 0 -1
0 -33.563175 -0.002178 -13.850152 1 0.200000 -1
0 -25.685413 3.918478 18.071186 0.500000 0.800000 -1
0 -20.638187 3.918478 18.071186 0 0.800000 -1
0 -33.563175 -0.002178 13.743396 1 0.800000 -1
0 -20.638187 -0.084716 30.154240 0 1 -1
0 -25.685413 -0.084716 30.154240 0.500000 1 -1
0 -33.563175 -0.003876 22.941244 1 1 -1
0 -25.685413 -3.845291 18.071186 0.500000 0.800000 -1
0 -20.638187 -3.845291 18.071186 0 0.800000 -1
0 -20.638187 -3.845291 -18.177952 0 0.200000 -1
0 -25.685413 -3.845291 -18.177952 0.500000 0.200000 -1
0 -33.563175 -0.005474 -13.850152 1 0.200000 -1
0 -33.563175 -0.005474 13.743396 1 0.800000 -1
0 -20.638187 3.918478 -18.177952 0.418403 0.972363 -1
0 -20.638187 -0.084716 -30.260998 0.234732 0.998535 -1
0 -20.638187 -3.845291 -18.177952 0.062193 0.972363 -1
0 -20.638187 3.918478 18.071186 0.418403 0.372364 -1
0 -20.638187 -3.845291 18.071186 0.062193 0.372364 -1
0 -20.638187 -0.084716 30.154240 0.234732 0.172364 -1
0 -33.563175 -0.002178 -13.850152 0.200000 0 -1
0 -33.563175 -0.003876 -23.048000 0 0.515625 -1
0 -33.563175 -0.005474 -13.850152 0.200000 1 -1
0 -33.563175 -0.002178 13.743396 0.800000 0 -1
0 -33.563175 -0.005474 13.743396 0.800000 1 -1
0 -33.563175 -0.003876 22.941244 1 0.515625 -1
39
0 -0.987233 0.159281
0 -0.999959 0.009100
0.042006 -0.999031 0.013138
-0.239704 -0.962409 0.127718
-0.241485 -0.964811 0.104039
-0.445580 -0.895242 0.000055
-0.213827 -0.967739 -0.133264
0 -0.987233 -0.159281
-0.339806 -0.935993 -0.091918
0 -0.999959 -0.009100
0.001921 -0.999983 -0.005448
0.010256 -0.999947 -0.000005
0.209608 -0.969648 0.125885
0 -0.988642 0.150291
0 -0.988642 -0.150291
0.253493 -0.956656 -0.143352
0.365386 -0.928596 -0.064829
0.339330 -0.936626 0.087102
0 0 0
-1 0 0
1 0 0
0 0.987233 -0.159281
0 0.999959 -0.009100
0.042006 0.999031 -0.013138
-0.239704 0.962409 -0.127718
-0.241485 0.964811 -0.104039
-0.445580 0.895242 -0.000055
-0.213827 0.967739 0.133264
0 0.987233 0.159281
-0.339805 0.935993 0.091918
0 0.999959 0.009100
0.001921 0.999983 0.005448
0.010256 0.999947 0.000005
0.209608 0.969648 -0.125885
0 0.988642 -0.150291
0 0.988642 0.150291
0.253493 0.956656 0.143352
0.365386 0.928596 0.064829
0.339330 0.936626 -0.087102
64
0 0 1 2 0 1 2 1
0 2 3 0 2 3 0 1
0 3 2 4 3 2 4 1
0 4 5 3 4 5 3 1
0 6 7 0 6 7 0 1
0 0 3 6 0 3 6 1
0 5 8 6 5 8 6 1
0 5 6 3 5 6 3 1
0 7 6 9 7 6 9 1
0 10 9 6 10 9 6 1
0 11 10 8 11 10 8 1
0 6 8 10 6 8 10 1
0 12 13 14 12 13 14 1
0 14 15 12 14 15 12 1
0 16 17 12 16 17 12 1
0 16 12 15 16 12 15 1
0 18 19 20 18 19 19 1
0 18 21 20 18 20 19 1
0 21 20 22 20 19 18 1
0 21 23 22 20 20 18 1
0 9 13 12 9 13 12 1
0 12 10 9 12 10 9 1
0 10 12 17 10 12 17 1
0 17 11 10 17 11 10 1
0 1 2 14 1 2 14 1
0 15 14 2 15 14 2 1
0 2 4 16 2 4 16 1
0 16 15 2 16 15 2 1
0 24 25 26 19 19 18 1
0 27 24 28 18 19 20 1
0 24 28 26 19 20 18 1
0 27 29 28 18 20 20 1
0 30 31 32 21 22 23 1
0 32 33 30 23 24 21 1
0 33 32 34 24 23 25 1
0 34 35 33 25 26 24 1
0 36 37 30 27 28 21 1
0 30 33 36 21 24 27 1
0 35 38 36 26 29 27 1
0 35 36 33 26 27 24 1
0 37 36 39 28 27 30 1
0 40 39 36 31 30 27 1
0 41 40 38 32 31 29 1
0 36 38 40 27 29 31 1
0 42 43 44 33 34 35 1
0 44 45 42 35 36 33 1
0 46 47 42 37 38 33 1
0 46 42 45 37 33 36 1
0 48 49 50 18 19 19 1
0 48 51 50 18 20 19 1
0 51 50 52 20 19 18 1
0 51 53 52 20 20 18 1
0 39 43 42 30 34 33 1
0 42 40 39 33 31 30 1
0 40 42 47 31 33 38 1
0 47 41 40 38 32 31 1
0 31 32 44 22 23 35 1
0 45 44 32 36 35 23 1
0 32 34 46 23 25 37 1
0 46 45 32 37 36 23 1
0 54 55 56 19 19 18 1
0 57 54 58 18 19 20 1
0 54 58 56 19 20 18 1
0 57 59 58 18 20 20 1
"STAGE_SIDES_INT" 0 2
8
0 -20.586893 2.124463 -7.806928 0 0 -1
0 -20.586893 -0.925953 -7.806928 0 1 -1
0 -20.586893 -0.925953 7.810580 1 1 -1
0 -20.586893 2.124463 7.810580 1 0 -1
0 20.790180 2.124463 7.806925 0 0 -1
0 20.790180 -0.925953 7.806925 0 1 -1
0 20.790180 -0.925953 -7.810580 1 1 -1
0 20.790180 2.124463 -7.810580 1 0 -1
2
-1 0 0
1 0 0
4
0 0 1 2 0 0 0 1
0 0 2 3 0 0 0 1
0 4 5 6 1 1 1 1
0 4 6 7 1 1 1 1
"PLATFORM" 0 1
281
0 -23.141598 -1.324023 0.000001 0.137975 0.502441 -1
0 0.000001 -1.324441 0.000001 0.504883 0.502441 -1
0 -22.856691 -1.324023 3.620144 0.142492 0.559838 -1
0 -31.536007 -1.333245 0.000001 0 0.500000 -1
0 -25.472124 1.140744 0.000001 0.096142 0.500000 -1
0 -25.158518 1.140744 3.984719 0.101114 0.563177 -1
0 -31.147743 -1.333245 4.933319 0.006156 0.578217 -1
0 -24.009918 1.137906 0.000001 0.119325 0.500000 -1
0 -23.714317 1.137906 3.755980 0.124012 0.559551 -1
0 -23.310600 1.128876 0.000001 0.130413 0.500000 -1
0 -23.023611 1.128876 3.646582 0.134963 0.557816 -1
0 -23.310600 1.128876 0.000001 0.121880 0.501233 -1
0 -22.422056 -1.324023 0.000001 0.143431 0.501233 -1
0 -23.023611 1.128876 3.646582 0.126544 0.560248 -1
0 -22.145998 -1.324023 3.507583 0.147829 0.556890 -1
0 -22.008970 -1.324023 7.151149 0.155933 0.615822 -1
0 -29.992517 -1.333245 9.745163 0.024472 0.654509 -1
0 -24.225426 1.140744 7.871320 0.115908 0.624799 -1
0 -22.834791 1.137906 7.419474 0.137957 0.617635 -1
0 -22.169701 1.128876 7.203373 0.148502 0.614209 -1
0 -21.324661 -1.324023 6.928801 0.160917 0.611178 -1
0 -22.169701 1.128876 7.203373 0.140421 0.617809 -1
0 -20.619316 -1.324023 10.506067 0.177966 0.669014 -1
0 -22.695827 1.140744 11.564102 0.140160 0.683348 -1
0 -28.098787 -1.333245 14.317049 0.054497 0.726995 -1
0 -21.392994 1.137906 10.900276 0.160816 0.672823 -1
0 -20.769899 1.128876 10.582793 0.170695 0.667789 -1
0 -20.769899 1.128876 10.582793 0.163170 0.672500 -1
0 -19.978186 -1.324023 10.179401 0.182372 0.662757 -1
0 -18.721947 -1.324023 13.602291 0.208048 0.718104 -1
0 -25.513161 -1.333245 18.536396 0.095492 0.793893 -1
0 -20.607378 1.140744 14.972137 0.173272 0.737382 -1
0 -19.424433 1.137906 14.112677 0.192028 0.723755 -1
0 -18.858673 1.128876 13.701628 0.200998 0.717238 -1
0 -18.139841 -1.324023 13.179354 0.211665 0.710360 -1
0 -18.858673 1.128876 13.701628 0.194230 0.722974 -1
0 -16.363583 -1.324023 16.363583 0.245440 0.761884 -1
0 -18.011507 1.140744 18.011511 0.214429 0.785571 -1
0 -22.299324 -1.333245 22.299328 0.146447 0.853553 -1
0 -16.977575 1.137906 16.977577 0.230822 0.769178 -1
0 -16.483086 1.128876 16.483086 0.238662 0.761338 -1
0 -16.483086 1.128876 16.483086 0.232837 0.767988 -1
0 -15.854810 -1.324023 15.854812 0.248075 0.752813 -1
0 -13.602288 -1.324023 18.721947 0.289220 0.799276 -1
0 -18.536396 -1.333243 25.513161 0.206107 0.904508 -1
0 -14.972137 1.140744 20.607380 0.262618 0.826728 -1
0 -14.112676 1.137906 19.424433 0.276245 0.807972 -1
0 -13.701627 1.128876 18.858673 0.282762 0.799002 -1
0 -13.179350 -1.324023 18.139839 0.290707 0.789071 -1
0 -13.701627 1.128876 18.858673 0.278039 0.806433 -1
0 -10.506065 -1.324023 20.619316 0.338310 0.829358 -1
0 -11.564101 1.140744 22.695827 0.316652 0.859840 -1
0 -14.317047 -1.333243 28.098787 0.273005 0.945503 -1
0 -10.900275 1.137906 21.392994 0.327177 0.839184 -1
0 -10.582791 1.128876 20.769899 0.332211 0.829305 -1
0 -10.582791 1.128876 20.769899 0.328725 0.837364 -1
0 -10.179399 -1.324023 19.978186 0.338509 0.818242 -1
0 -7.151147 -1.324021 22.008970 0.391502 0.851391 -1
0 -9.745161 -1.333243 29.992517 0.345492 0.975528 -1
0 -7.871318 1.140746 24.225426 0.375201 0.884091 -1
0 -7.419472 1.137907 22.834791 0.382365 0.862043 -1
0 -7.203372 1.128877 22.169701 0.385791 0.851498 -1
0 -6.928802 -1.324021 21.324659 0.390305 0.839607 -1
0 -7.203372 1.128877 22.169701 0.383645 0.860017 -1
0 -3.620142 -1.324021 22.856691 0.447486 0.864832 -1
0 -3.984717 1.140746 25.158518 0.436823 0.898886 -1
0 -4.933317 -1.333243 31.147743 0.421783 0.993844 -1
0 -3.755978 1.137907 23.714317 0.440449 0.875988 -1
0 -3.646580 1.128877 23.023611 0.442184 0.865037 -1
0 -3.646580 1.128877 23.023611 0.441448 0.873837 -1
0 -3.507582 -1.324021 22.146000 0.444819 0.852640 -1
0 0.000001 -1.324021 23.141598 0.504883 0.869349 -1
0 0.000001 -1.333243 31.536007 0.500000 1 -1
0 0.000001 1.140746 25.472124 0.500000 0.903858 -1
0 0.000001 1.137907 24.009918 0.500000 0.880675 -1
0 0.000001 1.128877 23.310600 0.500000 0.869587 -1
0 0.000001 -1.324021 22.422054 0.500709 0.857021 -1
0 0.000001 1.128877 23.310600 0.500709 0.878482 -1
0 3.620145 -1.324021 22.856691 0.562280 0.864832 -1
0 3.984718 1.140746 25.158518 0.563177 0.898886 -1
0 4.933318 -1.333243 31.147743 0.578217 0.993844 -1
0 3.755980 1.137907 23.714317 0.559551 0.875988 -1
0 3.646582 1.128877 23.023611 0.557816 0.865037 -1
0 3.646582 1.128877 23.023611 0.559972 0.873837 -1
0 3.507584 -1.324021 22.146000 0.556601 0.852640 -1
0 7.151149 -1.324021 22.008970 0.618264 0.851391 -1
0 9.745163 -1.333241 29.992517 0.654509 0.975528 -1
0 7.871320 1.140746 24.225426 0.624799 0.884091 -1
0 7.419474 1.137907 22.834791 0.617635 0.862043 -1
0 7.203373 1.128877 22.169701 0.614209 0.851498 -1
0 6.928799 -1.324021 21.324659 0.611115 0.839607 -1
0 7.203373 1.128877 22.169701 0.617775 0.860017 -1
0 10.506067 -1.324020 20.619316 0.671455 0.829358 -1
0 11.564101 1.140748 22.695827 0.683348 0.859840 -1
0 14.317048 -1.333241 28.098787 0.726995 0.945503 -1
0 10.900275 1.137909 21.392994 0.672823 0.839184 -1
0 10.582792 1.128879 20.769899 0.667789 0.829305 -1
0 10.582792 1.128879 20.769899 0.672695 0.837364 -1
0 10.179398 -1.324020 19.978186 0.662911 0.818242 -1
0 13.602292 -1.324020 18.721947 0.720546 0.799276 -1
0 18.536396 -1.333241 25.513161 0.793893 0.904508 -1
0 14.972137 1.140748 20.607380 0.737382 0.826728 -1
0 14.112675 1.137909 19.424433 0.723755 0.807972 -1
0 13.701627 1.128879 18.858673 0.717238 0.799002 -1
0 13.179354 -1.324020 18.139839 0.710714 0.789071 -1
0 13.701627 1.128879 18.858673 0.723381 0.806433 -1
0 16.363583 -1.324020 16.363583 0.764326 0.761884 -1
0 18.011509 1.140748 18.011511 0.785571 0.785571 -1
0 22.299324 -1.333241 22.299328 0.853553 0.853553 -1
0 16.977575 1.137909 16.977577 0.769178 0.769178 -1
0 16.483084 1.128879 16.483086 0.761338 0.761338 -1
0 16.483084 1.128879 16.483086 0.768584 0.767988 -1
0 15.854814 -1.324020 15.854812 0.753344 0.752813 -1
0 18.721949 -1.324020 13.602291 0.801717 0.718104 -1
0 25.513161 -1.333241 18.536396 0.904508 0.793893 -1
0 20.607380 1.140748 14.972137 0.826728 0.737382 -1
0 19.424433 1.137909 14.112677 0.807972 0.723755 -1
0 18.858673 1.128879 13.701628 0.799002 0.717238 -1
0 18.139837 -1.324020 13.179354 0.789755 0.710360 -1
0 18.858673 1.128879 13.701628 0.807190 0.722974 -1
0 20.619316 -1.324020 10.506067 0.831800 0.669014 -1
0 22.695827 1.140748 11.564102 0.859840 0.683348 -1
0 28.098787 -1.333241 14.317049 0.945503 0.726995 -1
0 21.392994 1.137909 10.900276 0.839184 0.672823 -1
0 20.769899 1.128879 10.582793 0.829305 0.667789 -1
0 20.769899 1.128879 10.582793 0.838250 0.672500 -1
0 19.978180 -1.324020 10.179401 0.819048 0.662757 -1
0 22.008970 -1.324020 7.151149 0.853833 0.615822 -1
0 29.992517 -1.333241 9.745163 0.975528 0.654509 -1
0 24.225426 1.140748 7.871320 0.884091 0.624799 -1
0 22.834791 1.137909 7.419474 0.862043 0.617635 -1
0 22.169701 1.128879 7.203373 0.851498 0.614209 -1
0 21.324661 -1.324020 6.928801 0.840503 0.611178 -1
0 22.169701 1.128879 7.203373 0.860999 0.617809 -1
0 22.856691 -1.324020 3.620144 0.867273 0.559838 -1
0 25.158518 1.140748 3.984719 0.898886 0.563177 -1
0 31.147743 -1.333241 4.933319 0.993844 0.578217 -1
0 23.714317 1.137909 3.755980 0.875988 0.559551 -1
0 23.023611 1.128879 3.646582 0.865037 0.557816 -1
0 23.023611 1.128879 3.646582 0.874876 0.560248 -1
0 22.146006 -1.324020 3.507583 0.853591 0.556890 -1
0 23.141598 -1.324020 0.000001 0.871790 0.502441 -1
0 31.536007 -1.333241 0.000001 1 0.500000 -1
0 25.472122 1.140748 0.000001 0.903858 0.500000 -1
0 24.009918 1.137909 0.000001 0.880675 0.500000 -1
0 23.310600 1.128879 0.000001 0.869587 0.500000 -1
0 22.422056 -1.324020 0.000001 0.857989 0.501233 -1
0 23.310600 1.128879 0.000001 0.879540 0.501233 -1
0 22.856691 -1.324020 -3.620143 0.867273 0.445044 -1
0 25.158518 1.140748 -3.984716 0.898886 0.436823 -1
0 31.147743 -1.333241 -4.933316 0.993844 0.421783 -1
0 23.714317 1.137909 -3.755977 0.875988 0.440449 -1
0 23.023611 1.128879 -3.646580 0.865037 0.442184 -1
0 23.023611 1.128879 -3.646580 0.874876 0.442218 -1
0 22.146006 -1.324020 -3.507584 0.853591 0.445576 -1
0 22.008970 -1.324020 -7.151147 0.853833 0.389061 -1
0 29.992517 -1.333241 -9.745158 0.975528 0.345492 -1
0 24.225426 1.140748 -7.871317 0.884091 0.375201 -1
0 22.834791 1.137909 -7.419472 0.862043 0.382365 -1
0 22.169701 1.128879 -7.203372 0.851498 0.385791 -1
0 21.324661 -1.324020 -6.928799 0.840503 0.391289 -1
0 22.169701 1.128879 -7.203372 0.860999 0.384657 -1
0 20.619316 -1.324020 -10.506065 0.831800 0.335869 -1
0 22.695827 1.140748 -11.564100 0.859840 0.316652 -1
0 28.098787 -1.333241 -14.317045 0.945503 0.273005 -1
0 21.392994 1.137909 -10.900274 0.839184 0.327177 -1
0 20.769899 1.128879 -10.582790 0.829305 0.332211 -1
0 20.769899 1.128879 -10.582790 0.838250 0.329966 -1
0 19.978180 -1.324020 -10.179397 0.819048 0.339709 -1
0 18.721949 -1.324020 -13.602289 0.801717 0.286779 -1
0 25.513161 -1.333241 -18.536396 0.904508 0.206107 -1
0 20.607380 1.140748 -14.972137 0.826728 0.262618 -1
0 19.424433 1.137909 -14.112675 0.807972 0.276245 -1
0 18.858673 1.128879 -13.701626 0.799002 0.282762 -1
0 18.139837 -1.324020 -13.179351 0.789755 0.292106 -1
0 18.858673 1.128879 -13.701626 0.807190 0.279492 -1
0 16.363583 -1.324020 -16.363581 0.764326 0.242999 -1
0 18.011509 1.140748 -18.011507 0.785571 0.214429 -1
0 22.299324 -1.333241 -22.299322 0.853553 0.146447 -1
0 16.977575 1.137909 -16.977573 0.769178 0.230822 -1
0 16.483084 1.128879 -16.483084 0.761338 0.238662 -1
0 16.483084 1.128879 -16.483084 0.768584 0.234478 -1
0 15.854814 -1.324020 -15.854808 0.753344 0.249653 -1
0 13.602292 -1.324020 -18.721947 0.720546 0.205607 -1
0 18.536396 -1.333241 -25.513161 0.793893 0.095492 -1
0 14.972137 1.140748 -20.607378 0.737382 0.173272 -1
0 14.112675 1.137909 -19.424433 0.723755 0.192028 -1
0 13.701627 1.128879 -18.858673 0.717238 0.200998 -1
0 13.179354 -1.324020 -18.139837 0.710714 0.213395 -1
0 13.701627 1.128879 -18.858673 0.723381 0.196033 -1
0 10.506067 -1.324020 -20.619316 0.671455 0.175524 -1
0 11.564101 1.140748 -22.695827 0.683348 0.140160 -1
0 14.317048 -1.333241 -28.098787 0.726995 0.054497 -1
0 10.900275 1.137909 -21.392994 0.672823 0.160816 -1
0 10.582792 1.128879 -20.769899 0.667789 0.170695 -1
0 10.582792 1.128879 -20.769899 0.672695 0.165102 -1
0 10.179398 -1.324020 -19.978186 0.662911 0.184224 -1
0 7.151149 -1.324021 -22.008970 0.618264 0.153492 -1
0 9.745163 -1.333241 -29.992517 0.654509 0.024472 -1
0 7.871320 1.140746 -24.225426 0.624799 0.115908 -1
0 7.419474 1.137907 -22.834791 0.617635 0.137957 -1
0 7.203373 1.128877 -22.169701 0.614209 0.148502 -1
0 6.928799 -1.324021 -21.324661 0.611115 0.162859 -1
0 7.203373 1.128877 -22.169701 0.617775 0.142449 -1
0 3.620145 -1.324021 -22.856691 0.562280 0.140051 -1
0 3.984718 1.140746 -25.158518 0.563177 0.101114 -1
0 4.933318 -1.333243 -31.147743 0.578217 0.006156 -1
0 3.755980 1.137907 -23.714317 0.559551 0.124012 -1
0 3.646582 1.128877 -23.023611 0.557816 0.134963 -1
0 3.646582 1.128877 -23.023611 0.559972 0.128629 -1
0 3.507584 -1.324021 -22.146000 0.556601 0.149826 -1
0 0.000001 -1.324021 -23.141598 0.504883 0.135534 -1
0 0.000001 -1.333243 -31.536007 0.500000 0 -1
0 0.000001 1.140746 -25.472124 0.500000 0.096142 -1
0 0.000001 1.137907 -24.009918 0.500000 0.119325 -1
0 0.000001 1.128877 -23.310600 0.500000 0.130413 -1
0 0.000001 -1.324021 -22.422054 0.500709 0.145445 -1
0 0.000001 1.128877 -23.310600 0.500709 0.123985 -1
0 -3.620142 -1.324021 -22.856691 0.447486 0.140051 -1
0 -3.984717 1.140746 -25.158518 0.436823 0.101114 -1
0 -4.933317 -1.333243 -31.147743 0.421783 0.006156 -1
0 -3.755978 1.137907 -23.714317 0.440449 0.124012 -1
0 -3.646580 1.128877 -23.023611 0.442184 0.134963 -1
0 -3.646580 1.128877 -23.023611 0.441448 0.128629 -1
0 -3.507582 -1.324021 -22.146000 0.444819 0.149826 -1
0 -7.151147 -1.324021 -22.008970 0.391502 0.153492 -1
0 -9.745161 -1.333243 -29.992517 0.345492 0.024472 -1
0 -7.871318 1.140746 -24.225426 0.375201 0.115908 -1
0 -7.419472 1.137907 -22.834791 0.382365 0.137957 -1
0 -7.203372 1.128877 -22.169701 0.385791 0.148502 -1
0 -6.928802 -1.324021 -21.324661 0.390305 0.162859 -1
0 -7.203372 1.128877 -22.169701 0.383645 0.142449 -1
0 -10.506065 -1.324023 -20.619316 0.338310 0.175524 -1
0 -11.564101 1.140744 -22.695827 0.316652 0.140160 -1
0 -14.317047 -1.333243 -28.098787 0.273005 0.054497 -1
0 -10.900275 1.137906 -21.392994 0.327177 0.160816 -1
0 -10.582791 1.128876 -20.769899 0.332211 0.170695 -1
0 -10.582791 1.128876 -20.769899 0.328725 0.165102 -1
0 -10.179399 -1.324023 -19.978186 0.338509 0.184224 -1
0 -13.602288 -1.324023 -18.721947 0.289220 0.205607 -1
0 -18.536396 -1.333243 -25.513161 0.206107 0.095492 -1
0 -14.972137 1.140744 -20.607378 0.262618 0.173272 -1
0 -14.112676 1.137906 -19.424433 0.276245 0.192028 -1
0 -13.701627 1.128876 -18.858673 0.282762 0.200998 -1
0 -13.179350 -1.324023 -18.139837 0.290707 0.213395 -1
0 -13.701627 1.128876 -18.858673 0.278039 0.196033 -1
0 -16.363583 -1.324023 -16.363581 0.245440 0.242999 -1
0 -18.011507 1.140744 -18.011507 0.214429 0.214429 -1
0 -22.299324 -1.333245 -22.299322 0.146447 0.146447 -1
0 -16.977575 1.137906 -16.977573 0.230822 0.230822 -1
0 -16.483086 1.128876 -16.483084 0.238662 0.238662 -1
0 -16.483086 1.128876 -16.483084 0.232837 0.234478 -1
0 -15.854810 -1.324023 -15.854808 0.248075 0.249653 -1
0 -18.721947 -1.324023 -13.602289 0.208048 0.286779 -1
0 -25.513161 -1.333245 -18.536396 0.095492 0.206107 -1
0 -20.607378 1.140744 -14.972137 0.173272 0.262618 -1
0 -19.424433 1.137906 -14.112675 0.192028 0.276245 -1
0 -18.858673 1.128876 -13.701626 0.200998 0.282762 -1
0 -18.139841 -1.324023 -13.179351 0.211665 0.292106 -1
0 -18.858673 1.128876 -13.701626 0.194230 0.279492 -1
0 -20.619316 -1.324023 -10.506065 0.177966 0.335869 -1
0 -22.695827 1.140744 -11.564100 0.140160 0.316652 -1
0 -28.098787 -1.333245 -14.317045 0.054497 0.273005 -1
0 -21.392994 1.137906 -10.900274 0.160816 0.327177 -1
0 -20.769899 1.128876 -10.582790 0.170695 0.332211 -1
0 -20.769899 1.128876 -10.582790 0.163170 0.329966 -1
0 -19.978186 -1.324023 -10.179397 0.182372 0.339709 -1
0 -22.008970 -1.324023 -7.151147 0.155933 0.389061 -1
0 -29.992517 -1.333245 -9.745158 0.024472 0.345492 -1
0 -24.225426 1.140744 -7.871317 0.115908 0.375201 -1
0 -22.834791 1.137906 -7.419472 0.137957 0.382365 -1
0 -22.169701 1.128876 -7.203372 0.148502 0.385791 -1
0 -21.324661 -1.324023 -6.928799 0.160917 0.391289 -1
0 -22.169701 1.128876 -7.203372 0.140421 0.384657 -1
0 -22.856691 -1.324023 -3.620143 0.142492 0.445044 -1
0 -25.158518 1.140744 -3.984716 0.101114 0.436823 -1
0 -31.147743 -1.333245 -4.933316 0.006156 0.421783 -1
0 -23.714317 1.137906 -3.755977 0.124012 0.440449 -1
0 -23.023611 1.128876 -3.646580 0.134963 0.442184 -1
0 -23.023611 1.128876 -3.646580 0.126544 0.442218 -1
0 -22.145998 -1.324023 -3.507584 0.147829 0.445576 -1
281
-0.000018 -1 0
0 -1 0
-0.000018 -1 0.000003
0.377758 -0.925905 0
0.191483 -0.981496 0
0.189125 -0.981496 -0.029955
0.373107 -0.925905 -0.059095
-0.007426 -0.999972 -0
-0.007335 -0.999972 0.001162
-0.012911 -0.999917 0
-0.012753 -0.999917 0.002020
-0.940214 -0.340585 0
-0.940213 -0.340587 0
-0.928638 -0.340585 0.147080
-0.928637 -0.340588 0.147079
-0.000017 -1 0.000006
0.359269 -0.925905 -0.116733
0.182111 -0.981496 -0.059171
-0.007063 -0.999972 0.002295
-0.012280 -0.999917 0.003990
-0.894196 -0.340585 0.290542
-0.894198 -0.340580 0.290543
-0.000016 -1 0.000008
0.170612 -0.981496 -0.086931
0.336584 -0.925905 -0.171498
-0.006617 -0.999972 0.003371
-0.011504 -0.999917 0.005862
-0.837736 -0.340585 0.426848
-0.837735 -0.340590 0.426848
-0.000015 -1 0.000011
0.305612 -0.925905 -0.222040
0.154913 -0.981496 -0.112551
-0.006008 -0.999972 0.004365
-0.010446 -0.999917 0.007589
-0.760651 -0.340582 0.552642
-0.760650 -0.340581 0.552645
-0.000013 -1 0.000013
0.135399 -0.981496 -0.135399
0.267115 -0.925905 -0.267115
-0.005251 -0.999972 0.005251
-0.009130 -0.999917 0.009130
-0.664833 -0.340579 0.664833
-0.664834 -0.340575 0.664834
-0.000011 -1 0.000015
0.222040 -0.925905 -0.305612
0.112551 -0.981496 -0.154913
-0.004365 -0.999972 0.006008
-0.007589 -0.999917 0.010446
-0.552642 -0.340583 0.760651
-0.552644 -0.340582 0.760650
-0.000008 -1 0.000016
0.086931 -0.981496 -0.170612
0.171498 -0.925905 -0.336584
-0.003371 -0.999972 0.006617
-0.005862 -0.999917 0.011504
-0.426848 -0.340586 0.837736
-0.426848 -0.340590 0.837734
-0.000005 -1 0.000017
0.116734 -0.925905 -0.359269
0.059172 -0.981496 -0.182111
-0.002295 -0.999972 0.007063
-0.003990 -0.999917 0.012280
-0.290543 -0.340585 0.894196
-0.290543 -0.340580 0.894198
-0.000003 -1 0.000018
0.029955 -0.981496 -0.189125
0.059095 -0.925905 -0.373107
-0.001162 -0.999972 0.007335
-0.002020 -0.999917 0.012753
-0.147080 -0.340585 0.928638
-0.147079 -0.340588 0.928638
-0 -1 0.000018
-0 -0.925905 -0.377758
-0 -0.981496 -0.191482
0 -0.999972 0.007427
0 -0.999917 0.012911
0 -0.340587 0.940213
0 -0.340586 0.940213
0.000003 -1 0.000018
-0.029955 -0.981496 -0.189125
-0.059094 -0.925905 -0.373107
0.001162 -0.999972 0.007335
0.002020 -0.999917 0.012753
0.147080 -0.340585 0.928638
0.147079 -0.340588 0.928638
0.000006 -1 0.000017
-0.116733 -0.925905 -0.359269
-0.059171 -0.981496 -0.182111
0.002295 -0.999972 0.007063
0.003990 -0.999917 0.012279
0.290543 -0.340585 0.894196
0.290543 -0.340581 0.894198
0.000008 -1 0.000016
-0.086931 -0.981496 -0.170612
-0.171498 -0.925905 -0.336584
0.003372 -0.999972 0.006617
0.005862 -0.999917 0.011504
0.426848 -0.340586 0.837736
0.426848 -0.340590 0.837735
0.000011 -1 0.000015
-0.222040 -0.925905 -0.305612
-0.112551 -0.981496 -0.154913
0.004365 -0.999972 0.006008
0.007589 -0.999917 0.010446
0.552642 -0.340582 0.760652
0.552645 -0.340582 0.760650
0.000013 -1 0.000013
-0.135399 -0.981496 -0.135399
-0.267115 -0.925905 -0.267115
0.005251 -0.999972 0.005251
0.009130 -0.999917 0.009130
0.664833 -0.340578 0.664833
0.664834 -0.340574 0.664834
0.000015 -1 0.000011
-0.305612 -0.925905 -0.222040
-0.154913 -0.981496 -0.112551
0.006008 -0.999972 0.004365
0.010446 -0.999917 0.007589
0.760651 -0.340583 0.552642
0.760650 -0.340582 0.552644
0.000016 -1 0.000008
-0.170612 -0.981496 -0.086931
-0.336584 -0.925905 -0.171498
0.006617 -0.999972 0.003372
0.011504 -0.999917 0.005862
0.837736 -0.340586 0.426849
0.837734 -0.340592 0.426848
0.000017 -1 0.000006
-0.359269 -0.925905 -0.116733
-0.182111 -0.981496 -0.059171
0.007063 -0.999972 0.002295
0.012280 -0.999917 0.003990
0.894196 -0.340584 0.290543
0.894198 -0.340580 0.290543
0.000018 -1 0.000003
-0.189125 -0.981496 -0.029955
-0.373107 -0.925905 -0.059095
0.007335 -0.999972 0.001162
0.012753 -0.999917 0.002020
0.928639 -0.340584 0.147080
0.928638 -0.340586 0.147079
0.000018 -1 0
-0.377758 -0.925905 0
-0.191482 -0.981496 0
0.007427 -0.999972 -0
0.012912 -0.999917 0
0.940214 -0.340585 0
0.940214 -0.340585 0
0.000018 -1 -0.000003
-0.189125 -0.981496 0.029955
-0.373107 -0.925905 0.059095
0.007335 -0.999972 -0.001162
0.012753 -0.999917 -0.002020
0.928639 -0.340584 -0.147081
0.928638 -0.340585 -0.147079
0.000017 -1 -0.000006
-0.359269 -0.925905 0.116733
-0.182111 -0.981496 0.059171
0.007063 -0.999972 -0.002295
0.012280 -0.999917 -0.003990
0.894196 -0.340584 -0.290543
0.894198 -0.340580 -0.290543
0.000016 -1 -0.000008
-0.170612 -0.981496 0.086931
-0.336584 -0.925905 0.171498
0.006617 -0.999972 -0.003372
0.011504 -0.999917 -0.005862
0.837736 -0.340587 -0.426849
0.837734 -0.340592 -0.426848
0.000015 -1 -0.000011
-0.305612 -0.925905 0.222040
-0.154913 -0.981496 0.112551
0.006008 -0.999972 -0.004365
0.010446 -0.999917 -0.007589
0.760651 -0.340583 -0.552642
0.760650 -0.340583 -0.552644
0.000013 -1 -0.000013
-0.135399 -0.981496 0.135399
-0.267115 -0.925905 0.267115
0.005252 -0.999972 -0.005252
0.009130 -0.999917 -0.009130
0.664833 -0.340578 -0.664833
0.664834 -0.340574 -0.664834
0.000011 -1 -0.000015
-0.222040 -0.925905 0.305612
-0.112551 -0.981496 0.154913
0.004365 -0.999972 -0.006008
0.007589 -0.999917 -0.010446
0.552642 -0.340582 -0.760651
0.552645 -0.340582 -0.760650
0.000008 -1 -0.000016
-0.086931 -0.981496 0.170612
-0.171498 -0.925905 0.336584
0.003372 -0.999972 -0.006617
0.005862 -0.999917 -0.011504
0.426849 -0.340586 -0.837736
0.426848 -0.340590 -0.837734
0.000006 -1 -0.000017
-0.116733 -0.925905 0.359269
-0.059171 -0.981496 0.182111
0.002295 -0.999972 -0.007063
0.003990 -0.999917 -0.012279
0.290543 -0.340585 -0.894196
0.290543 -0.340580 -0.894198
0.000003 -1 -0.000018
-0.029955 -0.981496 0.189125
-0.059094 -0.925905 0.373107
0.001162 -0.999972 -0.007335
0.002020 -0.999917 -0.012753
0.147080 -0.340585 -0.928638
0.147079 -0.340588 -0.928638
-0 -1 -0.000018
-0 -0.925905 0.377758
-0 -0.981496 0.191482
0 -0.999972 -0.007427
0 -0.999917 -0.012911
0 -0.340587 -0.940213
0 -0.340586 -0.940213
-0.000003 -1 -0.000018
0.029955 -0.981496 0.189125
0.059095 -0.925905 0.373107
-0.001162 -0.999972 -0.007335
-0.002020 -0.999917 -0.012753
-0.147080 -0.340585 -0.928638
-0.147079 -0.340587 -0.928638
-0.000005 -1 -0.000017
0.116734 -0.925905 0.359269
0.059172 -0.981496 0.182111
-0.002295 -0.999972 -0.007063
-0.003990 -0.999917 -0.012280
-0.290543 -0.340584 -0.894196
-0.290543 -0.340580 -0.894198
-0.000008 -1 -0.000016
0.086931 -0.981496 0.170612
0.171498 -0.925905 0.336584
-0.003371 -0.999972 -0.006617
-0.005862 -0.999917 -0.011504
-0.426849 -0.340586 -0.837736
-0.426849 -0.340590 -0.837734
-0.000011 -1 -0.000015
0.222040 -0.925905 0.305612
0.112551 -0.981496 0.154913
-0.004365 -0.999972 -0.006008
-0.007589 -0.999917 -0.010446
-0.552642 -0.340583 -0.760651
-0.552644 -0.340583 -0.760650
-0.000013 -1 -0.000013
0.135399 -0.981496 0.135399
0.267115 -0.925905 0.267115
-0.005251 -0.999972 -0.005251
-0.009130 -0.999917 -0.009130
-0.664833 -0.340579 -0.664833
-0.664834 -0.340576 -0.664834
-0.000015 -1 -0.000011
0.305612 -0.925905 0.222040
0.154913 -0.981496 0.112551
-0.006008 -0.999972 -0.004365
-0.010446 -0.999917 -0.007589
-0.760651 -0.340582 -0.552642
-0.760650 -0.340581 -0.552644
-0.000016 -1 -0.000008
0.170612 -0.981496 0.086931
0.336584 -0.925905 0.171498
-0.006617 -0.999972 -0.003371
-0.011504 -0.999917 -0.005862
-0.837736 -0.340585 -0.426849
-0.837734 -0.340590 -0.426848
-0.000017 -1 -0.000006
0.359269 -0.925905 0.116733
0.182111 -0.981496 0.059171
-0.007063 -0.999972 -0.002295
-0.012280 -0.999917 -0.003990
-0.894196 -0.340585 -0.290543
-0.894198 -0.340580 -0.290543
-0.000018 -1 -0.000003
0.189125 -0.981496 0.029955
0.373107 -0.925905 0.059095
-0.007335 -0.999972 -0.001162
-0.012753 -0.999917 -0.002020
-0.928638 -0.340585 -0.147080
-0.928637 -0.340588 -0.147079
360
0 0 1 2 0 1 2 2
0 3 4 5 3 4 5 1
0 3 5 6 3 5 6 1
0 4 7 5 4 7 5 1
0 7 8 5 7 8 5 1
0 7 9 10 7 9 10 1
0 7 10 8 7 10 8 1
0 11 12 13 11 12 13 1
0 12 14 13 12 14 13 1
0 2 1 15 2 1 15 2
0 6 5 16 6 5 16 1
0 5 17 16 5 17 16 1
0 5 8 18 5 8 18 1
0 5 18 17 5 18 17 1
0 8 10 18 8 10 18 1
0 10 19 18 10 19 18 1
0 13 14 20 13 14 20 1
0 13 20 21 13 20 21 1
0 15 1 22 15 1 22 2
0 16 17 23 16 17 23 1
0 16 23 24 16 23 24 1
0 17 18 23 17 18 23 1
0 18 25 23 18 25 23 1
0 18 19 26 18 19 26 1
0 18 26 25 18 26 25 1
0 21 20 27 21 20 27 1
0 20 28 27 20 28 27 1
0 22 1 29 22 1 29 2
0 24 23 30 24 23 30 1
0 23 31 30 23 31 30 1
0 23 25 32 23 25 32 1
0 23 32 31 23 32 31 1
0 25 26 32 25 26 32 1
0 26 33 32 26 33 32 1
0 27 28 34 27 28 34 1
0 27 34 35 27 34 35 1
0 29 1 36 29 1 36 2
0 30 31 37 30 31 37 1
0 30 37 38 30 37 38 1
0 31 32 37 31 32 37 1
0 32 39 37 32 39 37 1
0 32 33 40 32 33 40 1
0 32 40 39 32 40 39 1
0 35 34 41 35 34 41 1
0 34 42 41 34 42 41 1
0 36 1 43 36 1 43 2
0 38 37 44 38 37 44 1
0 37 45 44 37 45 44 1
0 37 39 46 37 39 46 1
0 37 46 45 37 46 45 1
0 39 40 46 39 40 46 1
0 40 47 46 40 47 46 1
0 41 42 48 41 42 48 1
0 41 48 49 41 48 49 1
0 43 1 50 43 1 50 2
0 44 45 51 44 45 51 1
0 44 51 52 44 51 52 1
0 45 46 51 45 46 51 1
0 46 53 51 46 53 51 1
0 46 47 54 46 47 54 1
0 46 54 53 46 54 53 1
0 49 48 55 49 48 55 1
0 48 56 55 48 56 55 1
0 50 1 57 50 1 57 2
0 52 51 58 52 51 58 1
0 51 59 58 51 59 58 1
0 51 53 60 51 53 60 1
0 51 60 59 51 60 59 1
0 53 54 60 53 54 60 1
0 54 61 60 54 61 60 1
0 55 56 62 55 56 62 1
0 55 62 63 55 62 63 1
0 57 1 64 57 1 64 2
0 58 59 65 58 59 65 1
0 58 65 66 58 65 66 1
0 59 60 65 59 60 65 1
0 60 67 65 60 67 65 1
0 60 61 68 60 61 68 1
0 60 68 67 60 68 67 1
0 63 62 69 63 62 69 1
0 62 70 69 62 70 69 1
0 64 1 71 64 1 71 2
0 66 65 72 66 65 72 1
0 65 73 72 65 73 72 1
0 65 67 74 65 67 74 1
0 65 74 73 65 74 73 1
0 67 68 74 67 68 74 1
0 68 75 74 68 75 74 1
0 69 70 76 69 70 76 1
0 69 76 77 69 76 77 1
0 71 1 78 71 1 78 2
0 72 73 79 72 73 79 1
0 72 79 80 72 79 80 1
0 73 74 79 73 74 79 1
0 74 81 79 74 81 79 1
0 74 75 82 74 75 82 1
0 74 82 81 74 82 81 1
0 77 76 83 77 76 83 1
0 76 84 83 76 84 83 1
0 78 1 85 78 1 85 2
0 80 79 86 80 79 86 1
0 79 87 86 79 87 86 1
0 79 81 88 79 81 88 1
0 79 88 87 79 88 87 1
0 81 82 88 81 82 88 1
0 82 89 88 82 89 88 1
0 83 84 90 83 84 90 1
0 83 90 91 83 90 91 1
0 85 1 92 85 1 92 2
0 86 87 93 86 87 93 1
0 86 93 94 86 93 94 1
0 87 88 93 87 88 93 1
0 88 95 93 88 95 93 1
0 88 89 96 88 89 96 1
0 88 96 95 88 96 95 1
0 91 90 97 91 90 97 1
0 90 98 97 90 98 97 1
0 92 1 99 92 1 99 2
0 94 93 100 94 93 100 1
0 93 101 100 93 101 100 1
0 93 95 102 93 95 102 1
0 93 102 101 93 102 101 1
0 95 96 102 95 96 102 1
0 96 103 102 96 103 102 1
0 97 98 104 97 98 104 1
0 97 104 105 97 104 105 1
0 99 1 106 99 1 106 2
0 100 101 107 100 101 107 1
0 100 107 108 100 107 108 1
0 101 102 107 101 102 107 1
0 102 109 107 102 109 107 1
0 102 103 110 102 103 110 1
0 102 110 109 102 110 109 1
0 105 104 111 105 104 111 1
0 104 112 111 104 112 111 1
0 106 1 113 106 1 113 2
0 108 107 114 108 107 114 1
0 107 115 114 107 115 114 1
0 107 109 116 107 109 116 1
0 107 116 115 107 116 115 1
0 109 110 116 109 110 116 1
0 110 117 116 110 117 116 1
0 111 112 118 111 112 118 1
0 111 118 119 111 118 119 1
0 113 1 120 113 1 120 2
0 114 115 121 114 115 121 1
0 114 121 122 114 121 122 1
0 115 116 121 115 116 121 1
0 116 123 121 116 123 121 1
0 116 117 124 116 117 124 1
0 116 124 123 116 124 123 1
0 119 118 125 119 118 125 1
0 118 126 125 118 126 125 1
0 120 1 127 120 1 127 2
0 122 121 128 122 121 128 1
0 121 129 128 121 129 128 1
0 121 123 130 121 123 130 1
0 121 130 129 121 130 129 1
0 123 124 130 123 124 130 1
0 124 131 130 124 131 130 1
0 125 126 132 125 126 132 1
0 125 132 133 125 132 133 1
0 127 1 134 127 1 134 2
0 128 129 135 128 129 135 1
0 128 135 136 128 135 136 1
0 129 130 135 129 130 135 1
0 130 137 135 130 137 135 1
0 130 131 138 130 131 138 1
0 130 138 137 130 138 137 1
0 133 132 139 133 132 139 1
0 132 140 139 132 140 139 1
0 134 1 141 134 1 141 2
0 136 135 142 136 135 142 1
0 135 143 142 135 143 142 1
0 135 137 144 135 137 144 1
0 135 144 143 135 144 143 1
0 137 138 144 137 138 144 1
0 138 145 144 138 145 144 1
0 139 140 146 139 140 146 1
0 139 146 147 139 146 147 1
0 141 1 148 141 1 148 2
0 142 143 149 142 143 149 1
0 142 149 150 142 149 150 1
0 143 144 149 143 144 149 1
0 144 151 149 144 151 149 1
0 144 145 152 144 145 152 1
0 144 152 151 144 152 151 1
0 147 146 153 147 146 153 1
0 146 154 153 146 154 153 1
0 148 1 155 148 1 155 2
0 150 149 156 150 149 156 1
0 149 157 156 149 157 156 1
0 149 151 158 149 151 158 1
0 149 158 157 149 158 157 1
0 151 152 158 151 152 158 1
0 152 159 158 152 159 158 1
0 153 154 160 153 154 160 1
0 153 160 161 153 160 161 1
0 155 1 162 155 1 162 2
0 156 157 163 156 157 163 1
0 156 163 164 156 163 164 1
0 157 158 163 157 158 163 1
0 158 165 163 158 165 163 1
0 158 159 166 158 159 166 1
0 158 166 165 158 166 165 1
0 161 160 167 161 160 167 1
0 160 168 167 160 168 167 1
0 162 1 169 162 1 169 2
0 164 163 170 164 163 170 1
0 163 171 170 163 171 170 1
0 163 165 172 163 165 172 1
0 163 172 171 163 172 171 1
0 165 166 172 165 166 172 1
0 166 173 172 166 173 172 1
0 167 168 174 167 168 174 1
0 167 174 175 167 174 175 1
0 169 1 176 169 1 176 2
0 170 171 177 170 171 177 1
0 170 177 178 170 177 178 1
0 171 172 177 171 172 177 1
0 172 179 177 172 179 177 1
0 172 173 180 172 173 180 1
0 172 180 179 172 180 179 1
0 175 174 181 175 174 181 1
0 174 182 181 174 182 181 1
0 176 1 183 176 1 183 2
0 178 177 184 178 177 184 1
0 177 185 184 177 185 184 1
0 177 179 186 177 179 186 1
0 177 186 185 177 186 185 1
0 179 180 186 179 180 186 1
0 180 187 186 180 187 186 1
0 181 182 188 181 182 188 1
0 181 188 189 181 188 189 1
0 183 1 190 183 1 190 2
0 184 185 191 184 185 191 1
0 184 191 192 184 191 192 1
0 185 186 191 185 186 191 1
0 186 193 191 186 193 191 1
0 186 187 194 186 187 194 1
0 186 194 193 186 194 193 1
0 189 188 195 189 188 195 1
0 188 196 195 188 196 195 1
0 190 1 197 190 1 197 2
0 192 191 198 192 191 198 1
0 191 199 198 191 199 198 1
0 191 193 200 191 193 200 1
0 191 200 199 191 200 199 1
0 193 194 200 193 194 200 1
0 194 201 200 194 201 200 1
0 195 196 202 195 196 202 1
0 195 202 203 195 202 203 1
0 197 1 204 197 1 204 2
0 198 199 205 198 199 205 1
0 198 205 206 198 205 206 1
0 199 200 205 199 200 205 1
0 200 207 205 200 207 205 1
0 200 201 208 200 201 208 1
0 200 208 207 200 208 207 1
0 203 202 209 203 202 209 1
0 202 210 209 202 210 209 1
0 204 1 211 204 1 211 2
0 206 205 212 206 205 212 1
0 205 213 212 205 213 212 1
0 205 207 214 205 207 214 1
0 205 214 213 205 214 213 1
0 207 208 214 207 208 214 1
0 208 215 214 208 215 214 1
0 209 210 216 209 210 216 1
0 209 216 217 209 216 217 1
0 211 1 218 211 1 218 2
0 212 213 219 212 213 219 1
0 212 219 220 212 219 220 1
0 213 214 219 213 214 219 1
0 214 221 219 214 221 219 1
0 214 215 222 214 215 222 1
0 214 222 221 214 222 221 1
0 217 216 223 217 216 223 1
0 216 224 223 216 224 223 1
0 218 1 225 218 1 225 2
0 220 219 226 220 219 226 1
0 219 227 226 219 227 226 1
0 219 221 228 219 221 228 1
0 219 228 227 219 228 227 1
0 221 222 228 221 222 228 1
0 222 229 228 222 229 228 1
0 223 224 230 223 224 230 1
0 223 230 231 223 230 231 1
0 225 1 232 225 1 232 2
0 226 227 233 226 227 233 1
0 226 233 234 226 233 234 1
0 227 228 233 227 228 233 1
0 228 235 233 228 235 233 1
0 228 229 236 228 229 236 1
0 228 236 235 228 236 235 1
0 231 230 237 231 230 237 1
0 230 238 237 230 238 237 1
0 232 1 239 232 1 239 2
0 234 233 240 234 233 240 1
0 233 241 240 233 241 240 1
0 233 235 242 233 235 242 1
0 233 242 241 233 242 241 1
0 235 236 242 235 236 242 1
0 236 243 242 236 243 242 1
0 237 238 244 237 238 244 1
0 237 244 245 237 244 245 1
0 239 1 246 239 1 246 2
0 240 241 247 240 241 247 1
0 240 247 248 240 247 248 1
0 241 242 247 241 242 247 1
0 242 249 247 242 249 247 1
0 242 243 250 242 243 250 1
0 242 250 249 242 250 249 1
0 245 244 251 245 244 251 1
0 244 252 251 244 252 251 1
0 246 1 253 246 1 253 2
0 248 247 254 248 247 254 1
0 247 255 254 247 255 254 1
0 247 249 256 247 249 256 1
0 247 256 255 247 256 255 1
0 249 250 256 249 250 256 1
0 250 257 256 250 257 256 1
0 251 252 258 251 252 258 1
0 251 258 259 251 258 259 1
0 253 1 260 253 1 260 2
0 254 255 261 254 255 261 1
0 254 261 262 254 261 262 1
0 255 256 261 255 256 261 1
0 256 263 261 256 263 261 1
0 256 257 264 256 257 264 1
0 256 264 263 256 264 263 1
0 259 258 265 259 258 265 1
0 258 266 265 258 266 265 1
0 260 1 267 260 1 267 2
0 262 261 268 262 261 268 1
0 261 269 268 261 269 268 1
0 261 263 270 261 263 270 1
0 261 270 269 261 270 269 1
0 263 264 270 263 264 270 1
0 264 271 270 264 271 270 1
0 265 266 272 265 266 272 1
0 265 272 273 265 272 273 1
0 267 1 274 267 1 274 2
0 268 269 275 268 269 275 1
0 268 275 276 268 275 276 1
0 269 270 275 269 270 275 1
0 270 277 275 270 277 275 1
0 270 271 278 270 271 278 1
0 270 278 277 270 278 277 1
0 273 272 279 273 272 279 1
0 272 280 279 272 280 279 1
0 274 1 0 274 1 0 2
0 276 275 3 276 275 3 1
0 275 4 3 275 4 3 1
0 275 277 7 275 277 7 1
0 275 7 4 275 7 4 1
0 277 278 7 277 278 7 1
0 278 9 7 278 9 7 1
0 279 280 12 279 280 12 1
0 279 12 11 279 12 11 1

Materials: 3
"SIDES"
0.200000 0.200000 0.200000 1
0.800000 0.800000 0.800000 1
0 0 0 1
1 1 1 1
0
1
"SIDE_ON.png"
""
"PLATFORM"
0.200000 0.200000 0.200000 1
0.800000 0.800000 0.800000 1
0 0 0 1
1 1 1 1
0
1
"PLATFORM_1.png"
""
"LIGHT_SIDES"
0.200000 0.200000 0.200000 1
0.800000 0.800000 0.800000 1
0 0 0 1
1 1 1 1
0
1
"SIDELIGHT_ON.png"
""

Bones: 0
GroupComments: 0
MaterialComments: 0
BoneComments: 0
ModelComment: 0
