// MilkShape 3D ASCII

Frames: 200
Frame: 1

Meshes: 1
"HELIX_2" 0 0
162
0 -52.154469 -0.000004 -334.000549 0.015625 0.027023 1
0 -51.499722 8.318974 -326.205353 0.021781 0.038288 1
0 -51.499722 8.318974 -281.838043 0.021781 0.102401 1
0 -52.154469 -0.000004 -289.633545 0.015625 0.091137 1
0 -49.551781 16.433125 -318.409698 0.040096 0.049553 1
0 -49.551781 16.433125 -274.042511 0.040096 0.113666 1
0 -46.358322 24.142593 -310.614227 0.070122 0.060818 1
0 -46.358322 24.142593 -266.247070 0.070122 0.124931 1
0 -41.998260 31.257650 -302.818787 0.111117 0.072083 1
0 -41.998260 31.257650 -258.451874 0.111117 0.136196 1
0 -36.578766 37.602955 -295.023376 0.162072 0.083348 1
0 -36.578766 37.602955 -250.656189 0.162072 0.147461 1
0 -30.233431 43.022476 -287.228119 0.221733 0.094613 1
0 -30.233431 43.022476 -242.860611 0.221733 0.158726 1
0 -23.118534 47.382515 -279.432526 0.288629 0.105877 1
0 -23.118534 47.382553 -235.065384 0.288629 0.169990 1
0 -15.408910 50.575844 -271.637054 0.361117 0.117142 1
0 -15.408910 50.575844 -227.269928 0.361117 0.181255 1
0 -7.294769 52.523945 -263.841736 0.437408 0.128407 1
0 -7.294769 52.523945 -219.474411 0.437408 0.192520 1
0 1.024049 53.178707 -256.046143 0.515624 0.139672 1
0 1.024049 53.178707 -211.679123 0.515624 0.203785 1
0 9.343044 52.523945 -248.250900 0.593842 0.150937 1
0 9.343044 52.523945 -203.883636 0.593842 0.215050 1
0 17.457190 50.575844 -240.455582 0.670133 0.162202 1
0 17.457190 50.575844 -196.088150 0.670133 0.226315 1
0 25.166813 47.382561 -232.659882 0.742621 0.173466 1
0 25.166813 47.382561 -188.292709 0.742621 0.237580 1
0 32.281715 43.022484 -224.864624 0.809518 0.184731 1
0 32.281715 43.022484 -180.497360 0.809518 0.248844 1
0 38.627041 37.602962 -217.068878 0.869178 0.195996 1
0 38.627041 37.602962 -172.701904 0.869178 0.260109 1
0 44.046539 31.257658 -209.273697 0.920134 0.207261 1
0 44.046539 31.257658 -164.906723 0.920134 0.271374 1
0 48.406601 24.142601 -201.478256 0.961128 0.218526 1
0 48.406601 24.142601 -157.111069 0.961128 0.282639 1
0 51.600079 16.433132 -193.682983 0.991154 0.229790 1
0 51.600079 16.433132 -149.315826 0.991154 0.293903 1
0 53.548023 8.318983 -185.887543 1.009469 0.241055 1
0 53.548023 8.318983 -141.520432 1.009469 0.305168 1
0 54.202747 0.000006 -178.092178 1.015625 0.252320 1
0 54.202747 0.000006 -133.725052 1.015625 0.316433 1
0 53.548023 -8.319023 -170.296722 1.009469 0.263585 1
0 53.548023 -8.318969 -125.929588 1.009469 0.327698 1
0 51.600079 -16.433126 -162.501297 0.991154 0.274850 1
0 51.600079 -16.433126 -118.134216 0.991154 0.338963 1
0 48.406609 -24.142593 -154.705872 0.961128 0.286115 1
0 48.406609 -24.142593 -110.338608 0.961128 0.350228 1
0 44.046547 -31.257650 -146.910431 0.920134 0.297379 1
0 44.046547 -31.257650 -102.543243 0.920134 0.361492 1
0 38.627048 -37.603020 -139.115021 0.869178 0.308644 1
0 38.627048 -37.603020 -94.747887 0.869178 0.372757 1
0 32.281723 -43.022476 -131.319565 0.809517 0.319909 1
0 32.281723 -43.022476 -86.952415 0.809517 0.384022 1
0 25.166643 -47.382553 -123.524071 0.742620 0.331174 1
0 25.166643 -47.382553 -79.156998 0.742620 0.395287 1
0 17.457197 -50.575844 -115.728737 0.670133 0.342439 1
0 17.457197 -50.575844 -71.361504 0.670133 0.406552 1
0 9.343054 -52.523945 -107.933220 0.593842 0.353703 1
0 9.343054 -52.523945 -63.566109 0.593842 0.417817 1
0 1.024058 -53.178707 -100.137894 0.515624 0.364968 1
0 1.024058 -53.178707 -55.770744 0.515624 0.429081 1
0 -7.294937 -52.523945 -92.342453 0.437407 0.376233 1
0 -7.294937 -52.523945 -47.975246 0.437407 0.440346 1
0 -15.408900 -50.575844 -84.547020 0.361117 0.387498 1
0 -15.408900 -50.575844 -40.179848 0.361117 0.451611 1
0 -23.118526 -47.382561 -76.751503 0.288629 0.398763 1
0 -23.118526 -47.382561 -32.384357 0.288629 0.462876 1
0 -30.233423 -43.022484 -68.956123 0.221733 0.410028 1
0 -30.233423 -43.022484 -24.588964 0.221733 0.474141 1
0 -36.578941 -37.603027 -61.160686 0.162070 0.421292 1
0 -36.578941 -37.603027 -16.793545 0.162070 0.485406 1
0 -41.998253 -31.257658 -53.365337 0.111117 0.432557 1
0 -41.998253 -31.257658 -8.998159 0.111117 0.496670 1
0 -46.358315 -24.142601 -45.569851 0.070122 0.443822 1
0 -46.358315 -24.142601 -1.202684 0.070122 0.507935 1
0 -49.551781 -16.433134 -37.774456 0.040096 0.455087 1
0 -49.551781 -16.433134 6.592792 0.040096 0.519200 1
0 -51.499722 -8.318978 -29.978960 0.021781 0.466352 1
0 -51.499722 -8.318978 14.388201 0.021781 0.530465 1
0 -52.154469 -0.000004 -22.183561 0.015625 0.477617 1
0 -52.154469 -0.000004 22.183586 0.015625 0.541730 1
0 -51.499722 8.318974 -14.388169 0.021781 0.488882 1
0 -51.499722 8.318974 29.979004 0.021781 0.552995 1
0 -49.551781 16.433125 -6.592694 0.040096 0.500146 1
0 -49.551781 16.433125 37.774475 0.040096 0.564259 1
0 -46.358322 24.142593 1.202712 0.070122 0.511411 1
0 -46.358322 24.142593 45.569870 0.070122 0.575524 1
0 -41.998260 31.257650 8.998185 0.111117 0.522676 1
0 -41.998260 31.257650 53.365353 0.111117 0.586789 1
0 -36.578766 37.603020 16.793592 0.162072 0.533941 1
0 -36.578766 37.603020 61.160789 0.162072 0.598054 1
0 -30.233431 43.022476 24.588984 0.221733 0.545206 1
0 -30.233431 43.022476 68.956131 0.221733 0.609319 1
0 -23.118361 47.382553 32.384453 0.288631 0.556471 1
0 -23.118361 47.382553 76.751686 0.288631 0.620584 1
0 -15.408910 50.575844 40.179867 0.361117 0.567735 1
0 -15.408910 50.575844 84.547058 0.361117 0.631849 1
0 -7.294769 52.523945 47.975357 0.437408 0.579000 1
0 -7.294769 52.523945 92.342476 0.437408 0.643113 1
0 1.024227 53.178707 55.770752 0.515626 0.590265 1
0 1.024227 53.178707 100.137932 0.515626 0.654378 1
0 9.343044 52.523945 63.565960 0.593842 0.601530 1
0 9.343044 52.523945 107.933174 0.593842 0.665643 1
0 17.457190 50.575844 71.361542 0.670133 0.612795 1
0 17.457190 50.575844 115.728745 0.670133 0.676908 1
0 25.166813 47.382561 79.157059 0.742621 0.624060 1
0 25.166813 47.382561 123.524277 0.742621 0.688173 1
0 32.281715 43.022484 86.952209 0.809517 0.635324 1
0 32.281715 43.022484 131.319427 0.809517 0.699437 1
0 38.627228 37.603027 94.747635 0.869180 0.646589 1
0 38.627228 37.603027 139.114792 0.869180 0.710702 1
0 44.046539 31.257658 102.543121 0.920134 0.657854 1
0 44.046539 31.257658 146.910202 0.920134 0.721967 1
0 48.406601 24.142601 110.338585 0.961128 0.669119 1
0 48.406601 24.142601 154.705841 0.961128 0.733232 1
0 51.600079 16.433132 118.133965 0.991154 0.680384 1
0 51.600079 16.433132 162.501083 0.991154 0.744497 1
0 53.548023 8.318983 125.929375 1.009469 0.691648 1
0 53.548023 8.318983 170.296585 1.009469 0.755761 1
0 54.202747 0.000006 133.724777 1.015625 0.702913 1
0 54.202747 0.000006 178.091904 1.015625 0.767026 1
0 53.548023 -8.318969 141.520279 1.009469 0.714178 1
0 53.548023 -8.318969 185.887482 1.009469 0.778291 1
0 51.600079 -16.433126 149.315674 0.991154 0.725443 1
0 51.600079 -16.433126 193.682831 0.991154 0.789556 1
0 48.406609 -24.142593 157.111206 0.961128 0.736708 1
0 48.406609 -24.142593 201.478287 0.961128 0.800821 1
0 44.046547 -31.257650 164.906540 0.920134 0.747973 1
0 44.046547 -31.257650 209.273682 0.920134 0.812086 1
0 38.627048 -37.603020 172.702011 0.869178 0.759237 1
0 38.627048 -37.603020 217.069016 0.869178 0.823350 1
0 32.281723 -43.022476 180.497360 0.809517 0.770502 1
0 32.281723 -43.022476 224.864624 0.809517 0.834615 1
0 25.166643 -47.382553 188.292877 0.742620 0.781767 1
0 25.166643 -47.382553 232.659973 0.742620 0.845880 1
0 17.457197 -50.575844 196.088120 0.670133 0.793032 1
0 17.457197 -50.575844 240.455521 0.670133 0.857145 1
0 9.343054 -52.523945 203.883682 0.593842 0.804297 1
0 9.343054 -52.523945 248.250748 0.593842 0.868410 1
0 1.024058 -53.178707 211.679184 0.515624 0.815561 1
0 1.024058 -53.178707 256.046112 0.515624 0.879675 1
0 -7.294760 -52.523945 219.474350 0.437408 0.826826 1
0 -7.294760 -52.523945 263.841736 0.437408 0.890939 1
0 -15.409081 -50.575844 227.269897 0.361115 0.838091 1
0 -15.409081 -50.575844 271.637024 0.361115 0.902204 1
0 -23.118526 -47.382561 235.065353 0.288629 0.849356 1
0 -23.118526 -47.382561 279.432556 0.288629 0.913469 1
0 -30.233614 -43.022327 242.860794 0.221731 0.860621 1
0 -30.233614 -43.022327 287.227905 0.221731 0.924734 1
0 -36.578758 -37.603027 250.656097 0.162072 0.871886 1
0 -36.578758 -37.603027 295.023438 0.162072 0.935999 1
0 -41.998253 -31.257658 258.451843 0.111116 0.883151 1
0 -41.998253 -31.257658 302.819031 0.111116 0.947264 1
0 -46.358482 -24.142601 266.247070 0.070120 0.894415 1
0 -46.358482 -24.142601 310.614227 0.070120 0.958529 1
0 -49.551781 -16.433134 274.042511 0.040096 0.905680 1
0 -49.551781 -16.433134 318.409576 0.040096 0.969793 1
0 -51.499722 -8.318978 281.837921 0.021781 0.916945 1
0 -51.499722 -8.318978 326.205200 0.021781 0.981058 1
0 -52.154469 -0.000004 289.633392 0.015625 0.928210 1
0 -52.154469 -0.000004 334.000488 0.015625 0.992323 1
134
0.996917 -0.078463 0
0.972372 -0.233435 0
0.923876 -0.382693 0
0.878794 -0.477201 0
0.902604 -0.430472 0
0.793322 -0.608803 0
0.824154 -0.566366 0
0.688322 -0.725405 0
0.725405 -0.688322 0
0.566371 -0.824150 0
0.608806 -0.793319 0
0.430460 -0.902610 0.000001
0.477199 -0.878796 0.000001
0.283971 -0.958833 0
0.333846 -0.942628 0
0.130486 -0.991450 0
0.182290 -0.983245 0
-0.026226 -0.999656 0
0.026228 -0.999656 0
-0.182290 -0.983245 0
-0.130485 -0.991450 0
-0.333844 -0.942628 0
-0.283969 -0.958833 0
-0.477200 -0.878795 0
-0.430460 -0.902610 0
-0.608806 -0.793319 0
-0.566373 -0.824149 0
-0.725405 -0.688322 0
-0.688322 -0.725405 0
-0.824154 -0.566366 0
-0.793322 -0.608803 0
-0.902603 -0.430474 0
-0.878794 -0.477201 0
-0.958834 -0.283967 0
-0.942624 -0.333856 0
-0.991452 -0.130476 0
-0.983247 -0.182276 0
-0.999656 0.026225 -0
-0.999656 -0.026225 0
-0.983247 0.182276 -0
-0.991452 0.130475 -0
-0.942624 0.333856 0
-0.958834 0.283967 -0
-0.878794 0.477201 0
-0.902603 0.430473 0
-0.793324 0.608800 0
-0.824155 0.566365 0
-0.688321 0.725407 0
-0.725406 0.688321 0
-0.566365 0.824155 0
-0.608800 0.793324 0
-0.430462 0.902609 0
-0.477196 0.878797 0
-0.283972 0.958833 0
-0.333850 0.942626 0
-0.130485 0.991450 0
-0.182290 0.983245 0
0.026227 0.999656 0
-0.026227 0.999656 0
0.182293 0.983244 0
0.130486 0.991450 0
0.333846 0.942628 0
0.283972 0.958832 0
0.477200 0.878795 0
0.430460 0.902610 0
0.608795 0.793328 0
0.566367 0.824153 0
0.725411 0.688316 0
0.688317 0.725410 0
0.824158 0.566360 0
0.793331 0.608791 0
0.902604 0.430473 0
0.878794 0.477201 0
0.958834 0.283966 0
0.942624 0.333856 0
0.991451 0.130477 0
0.983247 0.182277 0
0.999656 -0.026226 0
0.999656 0.026226 0
0.983247 -0.182277 0
0.991451 -0.130477 0
0.942624 -0.333855 0
0.958834 -0.283966 0
0.902604 -0.430472 0
0.793324 -0.608800 0
0.824155 -0.566365 0
0.688320 -0.725407 0
0.725406 -0.688321 0
0.566365 -0.824155 0
0.608800 -0.793324 0
0.430462 -0.902609 0
0.477196 -0.878797 0
0.283972 -0.958833 0
0.333850 -0.942626 0
0.130485 -0.991450 0
0.182290 -0.983245 0
-0.026228 -0.999656 0
0.026226 -0.999656 0
-0.182290 -0.983245 0
-0.130486 -0.991450 0
-0.430460 -0.902610 0
-0.608795 -0.793327 0
-0.566367 -0.824153 0
-0.725411 -0.688316 0
-0.688318 -0.725409 0
-0.824158 -0.566360 0
-0.793331 -0.608791 0
-0.999656 0.026225 0
-0.983247 0.182276 0
-0.991452 0.130476 0
-0.942624 0.333856 0
-0.958834 0.283966 0
-0.477196 0.878797 0
-0.283972 0.958833 0
0.026228 0.999656 0
-0.026226 0.999656 0
0.182287 0.983245 0
0.130484 0.991450 0
0.333848 0.942627 0
0.283969 0.958834 0
0.477205 0.878792 0
0.430466 0.902607 0
0.608804 0.793321 0
0.566373 0.824149 0
0.725407 0.688321 0
0.688321 0.725407 0
0.824148 0.566374 0
0.793320 0.608804 0
0.902606 0.430467 0
0.878792 0.477206 0
0.958836 0.283960 0
0.942628 0.333844 0
0.972373 0.233435 0
0.996917 0.078463 0
160
0 0 1 2 0 0 0 1
0 0 2 3 0 0 0 1
0 1 4 5 1 1 1 3
0 1 5 2 1 1 1 3
0 4 6 7 2 3 4 2
0 4 7 5 2 4 2 2
0 6 8 9 3 5 6 2
0 6 9 7 3 6 4 2
0 8 10 11 5 7 8 2
0 8 11 9 5 8 6 2
0 10 12 13 7 9 10 2
0 10 13 11 7 10 8 2
0 12 14 15 9 11 12 2
0 12 15 13 9 12 10 2
0 14 16 17 11 13 14 2
0 14 17 15 11 14 12 2
0 16 18 19 13 15 16 2
0 16 19 17 13 16 14 2
0 18 20 21 15 17 18 2
0 18 21 19 15 18 16 2
0 20 22 23 17 19 20 2
0 20 23 21 17 20 18 2
0 22 24 25 19 21 22 2
0 22 25 23 19 22 20 2
0 24 26 27 21 23 24 2
0 24 27 25 21 24 22 2
0 26 28 29 23 25 26 2
0 26 29 27 23 26 24 2
0 28 30 31 25 27 28 2
0 28 31 29 25 28 26 2
0 30 32 33 27 29 30 2
0 30 33 31 27 30 28 2
0 32 34 35 29 31 32 2
0 32 35 33 29 32 30 2
0 34 36 37 31 33 34 2
0 34 37 35 31 34 32 2
0 36 38 39 33 35 36 2
0 36 39 37 33 36 34 2
0 38 40 41 35 37 38 2
0 38 41 39 35 38 36 2
0 40 42 43 37 39 40 2
0 40 43 41 37 40 38 2
0 42 44 45 39 41 42 2
0 42 45 43 39 42 40 2
0 44 46 47 41 43 44 2
0 44 47 45 41 44 42 2
0 46 48 49 43 45 46 2
0 46 49 47 43 46 44 2
0 48 50 51 45 47 48 2
0 48 51 49 45 48 46 2
0 50 52 53 47 49 50 2
0 50 53 51 47 50 48 2
0 52 54 55 49 51 52 2
0 52 55 53 49 52 50 2
0 54 56 57 51 53 54 2
0 54 57 55 51 54 52 2
0 56 58 59 53 55 56 2
0 56 59 57 53 56 54 2
0 58 60 61 55 57 58 2
0 58 61 59 55 58 56 2
0 60 62 63 57 59 60 2
0 60 63 61 57 60 58 2
0 62 64 65 59 61 62 2
0 62 65 63 59 62 60 2
0 64 66 67 61 63 64 2
0 64 67 65 61 64 62 2
0 66 68 69 63 65 66 2
0 66 69 67 63 66 64 2
0 68 70 71 65 67 68 2
0 68 71 69 65 68 66 2
0 70 72 73 67 69 70 2
0 70 73 71 67 70 68 2
0 72 74 75 69 71 72 2
0 72 75 73 69 72 70 2
0 74 76 77 71 73 74 2
0 74 77 75 71 74 72 2
0 76 78 79 73 75 76 2
0 76 79 77 73 76 74 2
0 78 80 81 75 77 78 2
0 78 81 79 75 78 76 2
0 80 82 83 77 79 80 2
0 80 83 81 77 80 78 2
0 82 84 85 79 81 82 2
0 82 85 83 79 82 80 2
0 84 86 87 81 3 83 2
0 84 87 85 81 83 82 2
0 86 88 89 3 84 85 2
0 86 89 87 3 85 83 2
0 88 90 91 84 86 87 2
0 88 91 89 84 87 85 2
0 90 92 93 86 88 89 2
0 90 93 91 86 89 87 2
0 92 94 95 88 90 91 2
0 92 95 93 88 91 89 2
0 94 96 97 90 92 93 2
0 94 97 95 90 93 91 2
0 96 98 99 92 94 95 2
0 96 99 97 92 95 93 2
0 98 100 101 94 96 97 2
0 98 101 99 94 97 95 2
0 100 102 103 96 98 99 2
0 100 103 101 96 99 97 2
0 102 104 105 98 21 22 2
0 102 105 103 98 22 99 2
0 104 106 107 21 23 100 2
0 104 107 105 21 100 22 2
0 106 108 109 23 101 102 2
0 106 109 107 23 102 100 2
0 108 110 111 101 103 104 2
0 108 111 109 101 104 102 2
0 110 112 113 103 105 106 2
0 110 113 111 103 106 104 2
0 112 114 115 105 31 32 2
0 112 115 113 105 32 106 2
0 114 116 117 31 33 34 2
0 114 117 115 31 34 32 2
0 116 118 119 33 35 36 2
0 116 119 117 33 36 34 2
0 118 120 121 35 107 38 2
0 118 121 119 35 38 36 2
0 120 122 123 107 108 109 2
0 120 123 121 107 109 38 2
0 122 124 125 108 110 111 2
0 122 125 123 108 111 109 2
0 124 126 127 110 43 44 2
0 124 127 125 110 44 111 2
0 126 128 129 43 45 46 2
0 126 129 127 43 46 44 2
0 128 130 131 45 47 48 2
0 128 131 129 45 48 46 2
0 130 132 133 47 49 50 2
0 130 133 131 47 50 48 2
0 132 134 135 49 51 112 2
0 132 135 133 49 112 50 2
0 134 136 137 51 113 54 2
0 134 137 135 51 54 112 2
0 136 138 139 113 55 56 2
0 136 139 137 113 56 54 2
0 138 140 141 55 114 115 2
0 138 141 139 55 115 56 2
0 140 142 143 114 116 117 2
0 140 143 141 114 117 115 2
0 142 144 145 116 118 119 2
0 142 145 143 116 119 117 2
0 144 146 147 118 120 121 2
0 144 147 145 118 121 119 2
0 146 148 149 120 122 123 2
0 146 149 147 120 123 121 2
0 148 150 151 122 124 125 2
0 148 151 149 122 125 123 2
0 150 152 153 124 126 127 2
0 150 153 151 124 127 125 2
0 152 154 155 126 128 129 2
0 152 155 153 126 129 127 2
0 154 156 157 128 130 131 2
0 154 157 155 128 131 129 2
0 156 158 159 130 132 132 2
0 156 159 157 130 132 131 2
0 158 160 161 133 133 133 3
0 158 161 159 133 133 133 3

Materials: 1
"SHADOW"
0.200000 0.200000 0.200000 1
0.800000 0.800000 0.800000 1
0 0 0 1
1 1 1 1
0
1
"SHADOW.png"
""

Bones: 2
"joint1"
""
8 0 0 0 0 -0 0
2
0 0 0 -600
400 0 0 1000
2
0 0 -0 0
200 0 -0 0
"joint2"
"joint1"
8 0 0 0 0 -0 0
13
0 0 0 0
16.666666 0 0 0
33.333332 0 0 0
50 0 0 0
66.666664 0 0 0
83.333328 0 0 0
100 0 0 0
116.666672 0 0 0
133.333328 0 0 0
150 0 0 0
166.666656 0 0 0
183.333328 0 0 0
200 0 0 0
33
0 0 -0 0
12.500000 0 0 -1.570796
25 0 -0 -3.141592
37.500000 0 -0 1.570797
50 0 -0 0.000001
62.500000 0 0 -1.570795
75 0 -0 -3.141591
87.500000 0 -0 1.570799
100 0 -0 0.000003
112.500000 0 0 -1.570793
125 0 -0 -3.141589
137.500000 0 -0 1.570800
150 0 -0 0.000004
162.500000 0 0 -1.570793
175 0 -0 -3.141589
187.500000 0 -0 1.570800
200 0 -0 0.000004
212.500000 0 0 -1.570796
225 0 -0 -3.141592
237.500000 0 -0 1.570797
250 0 -0 0.000001
262.500000 0 0 -1.570795
275 0 -0 -3.141591
287.500000 0 -0 1.570799
300 0 -0 0.000003
312.500000 0 0 -1.570793
325 0 -0 -3.141589
337.500000 0 -0 1.570800
350 0 -0 0.000004
362.500000 0 0 -1.570793
375 0 -0 -3.141589
387.500000 0 -0 1.570800
400 0 -0 0.000004
GroupComments: 0
MaterialComments: 0
BoneComments: 0
ModelComment: 0
