// MilkShape 3D ASCII

Frames: 120
Frame: 61

Meshes: 1
"PAT_DIAG" 0 0
82
0 -128.174576 0.000087 -1286.186035 0.502655 1 0
0 -128.174576 0.000107 -884.186157 0.502655 0 0
0 -126.596542 18.406256 -1286.186035 0.652383 1 0
0 -126.596512 18.406277 -884.186157 0.652383 0 0
0 -121.901230 36.359280 -884.186157 0.802113 0 0
0 -121.901268 36.359253 -1286.186035 0.802113 1 0
0 -114.204369 53.416672 -1286.186035 0.951844 1 0
0 -114.204361 53.416691 -884.186157 0.951844 0 0
0 -103.695396 69.159134 -884.186157 1.101571 0 0
0 -103.695396 69.159126 -1286.186035 1.101571 1 0
0 -90.633110 83.198471 -1286.186035 1.251298 1 0
0 -90.633102 83.198486 -884.186157 1.251298 0 0
0 -75.339127 95.189438 -884.186157 1.401028 0 0
0 -75.339127 95.189423 -1286.186035 1.401028 1 0
0 -58.190044 104.836143 -1286.186035 1.550758 1 0
0 -58.190025 104.836151 -884.186157 1.550758 0 0
0 -39.608112 111.901596 -884.186157 1.700486 0 0
0 -39.608128 111.901573 -1286.186035 1.700486 1 0
0 -20.050930 116.211784 -1286.186035 1.850215 1 0
0 -20.050907 116.211792 -884.186157 1.850215 0 0
0 0.000007 117.660431 -884.186157 1.999944 0 0
0 -0.000014 117.660423 -1286.186035 1.999944 1 0
0 20.050907 116.211784 -1286.186035 2.149673 1 0
0 20.050924 116.211792 -884.186157 2.149673 0 0
0 39.608128 111.901596 -884.186157 2.299402 0 0
0 39.608101 111.901573 -1286.186035 2.299402 1 0
0 58.190018 104.836143 -1286.186035 2.449131 1 0
0 58.190025 104.836151 -884.186157 2.449131 0 0
0 75.339127 95.189445 -884.186157 2.598860 0 0
0 75.339111 95.189430 -1286.186035 2.598860 1 0
0 90.633080 83.198471 -1286.186035 2.748588 1 0
0 90.633102 83.198486 -884.186157 2.748588 0 0
0 103.695396 69.159142 -884.186157 2.898317 0 0
0 103.695396 69.159134 -1286.186035 2.898317 1 0
0 114.204361 53.416679 -1286.186035 3.048046 1 0
0 114.204369 53.416698 -884.186157 3.048046 0 0
0 121.901268 36.359295 -884.186157 3.197775 0 0
0 121.901230 36.359268 -1286.186035 3.197775 1 0
0 126.596512 18.406267 -1286.186035 3.347503 1 0
0 126.596542 18.406284 -884.186157 3.347503 0 0
0 128.174576 0.000117 -884.186157 3.497232 0 0
0 128.174576 0.000098 -1286.186035 3.497232 1 0
0 126.596512 -18.406071 -1286.186035 3.646962 1 0
0 126.596542 -18.406050 -884.186157 3.646962 0 0
0 121.901268 -36.359051 -884.186157 3.796688 0 0
0 121.901230 -36.359066 -1286.186035 3.796688 1 0
0 114.204361 -53.416473 -1286.186035 3.946419 1 0
0 114.204369 -53.416466 -884.186157 3.946419 0 0
0 103.695396 -69.158928 -884.186157 4.096148 0 0
0 103.695396 -69.158943 -1286.186035 4.096148 1 0
0 90.633080 -83.198280 -1286.186035 4.245876 1 0
0 90.633102 -83.198257 -884.186157 4.245876 0 0
0 75.339127 -95.189209 -884.186157 4.395605 0 0
0 75.339127 -95.189240 -1286.186035 4.395605 1 0
0 58.190025 -104.835953 -1286.186035 4.545333 1 0
0 58.190037 -104.835930 -884.186157 4.545333 0 0
0 39.608135 -111.901375 -884.186157 4.695061 0 0
0 39.608109 -111.901398 -1286.186035 4.695061 1 0
0 20.050909 -116.211601 -1286.186035 4.844790 1 0
0 20.050941 -116.211594 -884.186157 4.844790 0 0
0 0.000018 -117.660210 -884.186157 4.994519 0 0
0 -0.000003 -117.660217 -1286.186035 4.994519 1 0
0 -20.050926 -116.211601 -1286.186035 5.144249 1 0
0 -20.050903 -116.211594 -884.186157 5.144249 0 0
0 -39.608109 -111.901375 -884.186157 5.293978 0 0
0 -39.608112 -111.901398 -1286.186035 5.293978 1 0
0 -58.190025 -104.835953 -1286.186035 5.443710 1 0
0 -58.190025 -104.835930 -884.186157 5.443710 0 0
0 -75.339111 -95.189209 -884.186157 5.593437 0 0
0 -75.339127 -95.189240 -1286.186035 5.593437 1 0
0 -90.633110 -83.198280 -1286.186035 5.743165 1 0
0 -90.633102 -83.198265 -884.186157 5.743165 0 0
0 -103.695396 -69.158936 -884.186157 5.892894 0 0
0 -103.695396 -69.158943 -1286.186035 5.892894 1 0
0 -114.204369 -53.416485 -1286.186035 6.042621 1 0
0 -114.204361 -53.416466 -884.186157 6.042621 0 0
0 -121.901230 -36.359058 -884.186157 6.192349 0 0
0 -121.901268 -36.359085 -1286.186035 6.192349 1 0
0 -126.596542 -18.406082 -1286.186035 6.342080 1 0
0 -126.596512 -18.406063 -884.186157 6.342080 0 0
0 -128.174576 0.000107 -884.186157 6.491807 0 0
0 -128.174576 0.000087 -1286.186035 6.491807 1 0
82
-0.996345 0.085421 -0
-0.996345 0.085421 0
-0.985472 0.169837 0
-0.985472 0.169837 0
-0.942808 0.333337 0
-0.942808 0.333337 0
-0.874570 0.484900 0
-0.874570 0.484900 -0
-0.784448 0.620194 -0
-0.784448 0.620194 -0
-0.676633 0.736320 -0
-0.676633 0.736320 -0
-0.555252 0.831682 -0
-0.555252 0.831682 -0
-0.424018 0.905654 -0
-0.424018 0.905654 0
-0.286082 0.958205 -0
-0.286082 0.958205 -0
-0.144020 0.989575 -0
-0.144019 0.989575 -0
-0 1 -0
-0 1 -0
0.144020 0.989575 -0
0.144020 0.989575 -0
0.286082 0.958205 -0
0.286082 0.958205 -0
0.424018 0.905654 -0
0.424018 0.905654 -0
0.555252 0.831682 -0
0.555252 0.831682 -0
0.676633 0.736320 -0
0.676634 0.736320 -0
0.784448 0.620194 -0
0.784448 0.620195 -0
0.874570 0.484900 -0
0.874569 0.484901 -0
0.942808 0.333337 -0
0.942808 0.333337 -0
0.985472 0.169837 -0
0.985472 0.169836 -0
1 -0 -0
1 -0 0
0.985472 -0.169837 -0
0.985472 -0.169836 -0
0.942808 -0.333337 -0
0.942808 -0.333337 -0
0.874570 -0.484900 -0
0.874569 -0.484900 -0
0.784448 -0.620194 0
0.784448 -0.620194 0
0.676633 -0.736320 0
0.676633 -0.736320 0
0.555253 -0.831682 0
0.555253 -0.831682 0
0.424018 -0.905654 0
0.424018 -0.905654 0
0.286083 -0.958205 0
0.286083 -0.958205 0
0.144019 -0.989575 0
0.144020 -0.989575 0
0 -1 0
0 -1 0
-0.144019 -0.989575 0
-0.144019 -0.989575 0
-0.286083 -0.958205 0
-0.286083 -0.958205 0
-0.424018 -0.905654 0
-0.424018 -0.905654 0
-0.555252 -0.831682 0
-0.555252 -0.831682 0
-0.676633 -0.736320 0
-0.676633 -0.736321 0
-0.784448 -0.620194 0
-0.784448 -0.620194 0
-0.874570 -0.484900 0
-0.874570 -0.484899 0
-0.942808 -0.333337 0
-0.942808 -0.333337 0
-0.985472 -0.169837 0
-0.985472 -0.169837 0
-0.996345 -0.085421 0
-0.996345 -0.085421 0
80
0 0 1 2 0 1 2 1
0 1 3 2 1 3 2 1
0 2 3 4 2 3 4 1
0 2 4 5 2 4 5 1
0 5 4 6 5 4 6 1
0 4 7 6 4 7 6 1
0 6 7 8 6 7 8 1
0 6 8 9 6 8 9 1
0 9 8 10 9 8 10 1
0 8 11 10 8 11 10 1
0 10 11 12 10 11 12 1
0 10 12 13 10 12 13 1
0 13 12 14 13 12 14 1
0 12 15 14 12 15 14 1
0 14 15 16 14 15 16 1
0 14 16 17 14 16 17 1
0 17 16 18 17 16 18 1
0 16 19 18 16 19 18 1
0 18 19 20 18 19 20 1
0 18 20 21 18 20 21 1
0 21 20 22 21 20 22 1
0 20 23 22 20 23 22 1
0 22 23 24 22 23 24 1
0 22 24 25 22 24 25 1
0 25 24 26 25 24 26 1
0 24 27 26 24 27 26 1
0 26 27 28 26 27 28 1
0 26 28 29 26 28 29 1
0 29 28 30 29 28 30 1
0 28 31 30 28 31 30 1
0 30 31 32 30 31 32 1
0 30 32 33 30 32 33 1
0 33 32 34 33 32 34 1
0 32 35 34 32 35 34 1
0 34 35 36 34 35 36 1
0 34 36 37 34 36 37 1
0 37 36 38 37 36 38 1
0 36 39 38 36 39 38 1
0 38 39 40 38 39 40 1
0 38 40 41 38 40 41 1
0 41 40 42 41 40 42 1
0 40 43 42 40 43 42 1
0 42 43 44 42 43 44 1
0 42 44 45 42 44 45 1
0 45 44 46 45 44 46 1
0 44 47 46 44 47 46 1
0 46 47 48 46 47 48 1
0 46 48 49 46 48 49 1
0 49 48 50 49 48 50 1
0 48 51 50 48 51 50 1
0 50 51 52 50 51 52 1
0 50 52 53 50 52 53 1
0 53 52 54 53 52 54 1
0 52 55 54 52 55 54 1
0 54 55 56 54 55 56 1
0 54 56 57 54 56 57 1
0 57 56 58 57 56 58 1
0 56 59 58 56 59 58 1
0 58 59 60 58 59 60 1
0 58 60 61 58 60 61 1
0 61 60 62 61 60 62 1
0 60 63 62 60 63 62 1
0 62 63 64 62 63 64 1
0 62 64 65 62 64 65 1
0 65 64 66 65 64 66 1
0 64 67 66 64 67 66 1
0 66 67 68 66 67 68 1
0 66 68 69 66 68 69 1
0 69 68 70 69 68 70 1
0 68 71 70 68 71 70 1
0 70 71 72 70 71 72 1
0 70 72 73 70 72 73 1
0 73 72 74 73 72 74 1
0 72 75 74 72 75 74 1
0 74 75 76 74 75 76 1
0 74 76 77 74 76 77 1
0 77 76 78 77 76 78 1
0 76 79 78 76 79 78 1
0 78 79 80 78 79 80 1
0 78 80 81 78 80 81 1

Materials: 1
"PAT_DIAG"
0.200000 0.200000 0.200000 1
0.800000 0.800000 0.800000 1
0 0 0 1
1 1 1 1
0
1
"PATTERN.png"
""

Bones: 1
"joint3"
""
8 0 0 0 0 -0 0
2
0 0 0 -1744
180 0 0 1800
1
0 0 -0 0
GroupComments: 0
MaterialComments: 0
BoneComments: 0
ModelComment: 0
