// MilkShape 3D ASCII

Frames: 30
Frame: 15

Meshes: 1
"Regroup05" 0 0
16
0 -29.904341 29.902897 -121.409508 0 0 1
0 -29.904341 -29.902897 -121.409508 0 1 1
0 29.904341 -29.902897 -121.409508 1 1 1
0 29.904341 29.902897 -121.409508 1 0 1
0 29.904348 29.902897 121.871429 0 0 1
0 29.904348 -29.902897 121.871429 0 1 1
0 -29.904333 -29.902897 121.871429 1 1 1
0 -29.904333 29.902897 121.871429 1 0 1
0 -33.910728 33.909096 -119.099991 0 0 0
0 -33.910728 -33.909096 -119.099991 0 1 0
0 33.910728 -33.909096 -119.099991 1 1 0
0 33.910728 33.909096 -119.099991 1 0 0
0 33.910736 33.909096 119.099991 0 0 0
0 33.910736 -33.909096 119.099991 0 1 0
0 -33.910721 -33.909096 119.099991 1 1 0
0 -33.910721 33.909096 119.099991 1 0 0
2
0 0 1
0 0 -1
8
0 0 1 2 0 0 0 1
0 0 2 3 0 0 0 1
0 4 5 6 1 1 1 1
0 4 6 7 1 1 1 1
0 8 9 10 0 0 0 1
0 8 10 11 0 0 0 1
0 12 13 14 1 1 1 1
0 12 14 15 1 1 1 1

Materials: 1
"ROTATE_1"
0.200000 0.200000 0.200000 1
0.800000 0.800000 0.800000 1
0 0 0 1
1 1 1 1
0
1
"ROTATE_1.png"
""

Bones: 2
"joint1"
""
8 0 0 0 0 -0 0
1
1 0 0 0
5
0.000001 0 -0 0
30 0 -0 1.570797
60 0 -0 3.141592
90 0 0 -1.570797
120 0 0 -0.000001
"joint2"
""
8 0 0 0 0 -0 0
1
1 0 0 0
5
0.000001 0 -0 0
30 0 0 -1.570797
60 0 -0 3.141592
90 0 -0 1.570798
120 0 -0 0.000002
GroupComments: 0
MaterialComments: 0
BoneComments: 0
ModelComment: 0
