// MilkShape 3D ASCII

Frames: 30
Frame: 15

Meshes: 1
"SQUARED_2" 0 0
800
0 -0.181982 -198.136765 -0.156470 1 0 -1
0 5.914474 -195.701263 19.784134 1.078217 0.061559 -1
0 -0.545902 -195.701263 20.692078 0.921782 0.061559 -1
0 -0.181982 197.499557 -0.156470 1 10 -1
0 -0.545905 195.064102 20.692078 0.921782 9.938442 -1
0 5.914473 195.064102 19.784134 1.078217 9.938442 -1
0 11.860811 -188.454849 39.233734 1.154508 0.244717 -1
0 -0.900852 -188.454849 41.027275 0.845491 0.244717 -1
0 17.510618 -176.575912 57.713440 1.226995 0.544967 -1
0 -1.238080 -176.575912 60.348373 0.773005 0.544967 -1
0 22.724766 -160.356903 74.768135 1.293892 0.954915 -1
0 -1.549353 -160.356903 78.179642 0.706107 0.954915 -1
0 27.374882 -140.197144 89.977966 1.353553 1.464466 -1
0 -1.826940 -140.197144 94.081993 0.646446 1.464466 -1
0 31.346455 -116.593170 102.968384 1.404508 2.061074 -1
0 -2.063993 -116.593170 107.663918 0.595492 2.061074 -1
0 34.541706 -90.126160 113.419624 1.445503 2.730047 -1
0 -2.254711 -90.126160 118.591034 0.554497 2.730047 -1
0 36.881954 -61.447765 121.074234 1.475528 3.454915 -1
0 -2.394404 -61.447765 126.594147 0.524472 3.454915 -1
0 38.309513 -31.264187 125.743553 1.493844 4.217828 -1
0 -2.479653 -31.264187 131.476044 0.506155 4.217828 -1
0 38.789345 -0.318590 127.312988 1.500000 5 -1
0 -2.508270 -0.318590 133.116943 0.500000 5 -1
0 38.309513 30.626972 125.743553 1.493844 5.782172 -1
0 -2.479653 30.626972 131.476044 0.506155 5.782172 -1
0 36.881954 60.810585 121.074234 1.475528 6.545085 -1
0 -2.394407 60.810585 126.594139 0.524472 6.545085 -1
0 34.541710 89.488991 113.419617 1.445503 7.269953 -1
0 -2.254711 89.488991 118.591026 0.554497 7.269953 -1
0 31.346455 115.955994 102.968384 1.404508 7.938926 -1
0 -2.063993 115.955994 107.663918 0.595492 7.938926 -1
0 27.374882 139.559921 89.977966 1.353553 8.535534 -1
0 -1.826940 139.559921 94.081993 0.646446 8.535534 -1
0 22.724766 159.719696 74.768127 1.293892 9.045085 -1
0 -1.549355 159.719696 78.179634 0.706107 9.045085 -1
0 17.510622 175.938705 57.713451 1.226995 9.455032 -1
0 -1.238110 175.938705 60.348373 0.773004 9.455032 -1
0 11.860816 187.817642 39.233734 1.154509 9.755282 -1
0 -0.900851 187.817642 41.027275 0.845491 9.755282 -1
0 -0.181979 -198.136765 -0.156470 1 0 -1
0 -0.545890 -195.701263 20.692087 1.078217 0.061559 -1
0 -6.970647 -195.701263 19.559238 0.921782 0.061559 -1
0 -0.181979 197.499557 -0.156470 1 10 -1
0 -6.970649 195.064102 19.559231 0.921782 9.938442 -1
0 -0.545892 195.064102 20.692080 1.078217 9.938442 -1
0 -0.900843 -188.454849 41.027283 1.154508 0.244717 -1
0 -13.592146 -188.454849 38.789467 0.845491 0.244717 -1
0 -1.238097 -176.575912 60.348404 1.226995 0.544967 -1
0 -19.883417 -176.575912 57.060711 0.773005 0.544967 -1
0 -1.549340 -160.356903 78.179642 1.293892 0.954915 -1
0 -25.689613 -160.356903 73.923096 0.706107 0.954915 -1
0 -1.826917 -140.197144 94.082016 1.353553 1.464466 -1
0 -30.867750 -140.197144 88.961342 0.646446 1.464466 -1
0 -2.063990 -116.593170 107.663933 1.404508 2.061074 -1
0 -35.290222 -116.593170 101.805313 0.595492 2.061074 -1
0 -2.254731 -90.126160 118.591087 1.445503 2.730047 -1
0 -38.848274 -90.126160 112.138626 0.554497 2.730047 -1
0 -2.394424 -61.447765 126.594223 1.475528 3.454915 -1
0 -41.454208 -61.447765 119.706879 0.524472 3.454915 -1
0 -2.479630 -31.264187 131.476074 1.493844 4.217828 -1
0 -43.043900 -31.264187 124.323532 0.506155 4.217828 -1
0 -2.508280 -0.318590 133.117065 1.500000 5 -1
0 -43.578190 -0.318590 125.875259 0.500000 5 -1
0 -2.479630 30.626972 131.476074 1.493844 5.782172 -1
0 -43.043900 30.626972 124.323532 0.506155 5.782172 -1
0 -2.394424 60.810585 126.594223 1.475528 6.545085 -1
0 -41.454216 60.810585 119.706863 0.524472 6.545085 -1
0 -2.254726 89.488991 118.591057 1.445503 7.269953 -1
0 -38.848270 89.488991 112.138626 0.554497 7.269953 -1
0 -2.063990 115.955994 107.663933 1.404508 7.938926 -1
0 -35.290222 115.955994 101.805313 0.595492 7.938926 -1
0 -1.826917 139.559921 94.082016 1.353553 8.535534 -1
0 -30.867750 139.559921 88.961342 0.646446 8.535534 -1
0 -1.549338 159.719696 78.179634 1.293892 9.045085 -1
0 -25.689621 159.719696 73.923080 0.706107 9.045085 -1
0 -1.238096 175.938705 60.348419 1.226995 9.455032 -1
0 -19.883451 175.938705 57.060699 0.773004 9.455032 -1
0 -0.900841 187.817642 41.027287 1.154509 9.755282 -1
0 -13.592145 187.817642 38.789478 0.845491 9.755282 -1
0 -0.181984 -198.136765 -0.156469 1 0 -1
0 11.778084 -195.701263 16.924274 1.078217 0.061559 -1
0 5.914470 -195.701263 19.784153 0.921782 0.061559 -1
0 -0.181984 197.499557 -0.156469 1 10 -1
0 5.914467 195.064102 19.784149 0.921782 9.938442 -1
0 11.778079 195.064102 16.924273 1.078217 9.938442 -1
0 23.443659 -188.454849 33.584442 1.154508 0.244717 -1
0 11.860823 -188.454849 39.233765 0.845491 0.244717 -1
0 34.527485 -176.575912 49.413799 1.226995 0.544967 -1
0 17.510643 -176.575912 57.713463 0.773005 0.544967 -1
0 44.756626 -160.356903 64.022537 1.293892 0.954915 -1
0 22.724792 -160.356903 74.768204 0.706107 0.954915 -1
0 53.879261 -140.197144 77.050980 1.353553 1.464466 -1
0 27.374870 -140.197144 89.978043 0.646446 1.464466 -1
0 61.670715 -116.593170 88.178322 1.404508 2.061074 -1
0 31.346462 -116.593170 102.968468 0.595492 2.061074 -1
0 67.939201 -90.126160 97.130661 1.445503 2.730047 -1
0 34.541740 -90.126160 113.419731 0.554497 2.730047 -1
0 72.530289 -61.447765 103.687462 1.475528 3.454915 -1
0 36.881992 -61.447765 121.074318 0.524472 3.454915 -1
0 75.330864 -31.264187 107.687073 1.493844 4.217828 -1
0 38.309528 -31.264187 125.743652 0.506155 4.217828 -1
0 76.272270 -0.318590 109.031502 1.500000 5 -1
0 38.789356 -0.318590 127.313049 0.500000 5 -1
0 75.330864 30.626972 107.687073 1.493844 5.782172 -1
0 38.309528 30.626972 125.743652 0.506155 5.782172 -1
0 72.530289 60.810585 103.687462 1.475528 6.545085 -1
0 36.881992 60.810585 121.074310 0.524472 6.545085 -1
0 67.939194 89.488991 97.130653 1.445503 7.269953 -1
0 34.541748 89.488991 113.419716 0.554497 7.269953 -1
0 61.670715 115.955994 88.178322 1.404508 7.938926 -1
0 31.346462 115.955994 102.968468 0.595492 7.938926 -1
0 53.879261 139.559921 77.050980 1.353553 8.535534 -1
0 27.374870 139.559921 89.978043 0.646446 8.535534 -1
0 44.756618 159.719696 64.022530 1.293892 9.045085 -1
0 22.724779 159.719696 74.768204 0.706107 9.045085 -1
0 34.527489 175.938705 49.413799 1.226995 9.455032 -1
0 17.510616 175.938705 57.713478 0.773004 9.455032 -1
0 23.443663 187.817642 33.584446 1.154509 9.755282 -1
0 11.860822 187.817642 39.233768 0.845491 9.755282 -1
0 -0.181977 -198.136765 -0.156469 1 0 -1
0 -12.730862 -195.701263 16.496469 1.078217 0.061559 -1
0 -17.262726 -195.701263 11.803586 0.921782 0.061559 -1
0 -0.181977 197.499557 -0.156469 1 10 -1
0 -17.262726 195.064102 11.803582 0.921782 9.938442 -1
0 -12.730862 195.064102 16.496468 1.078217 9.938442 -1
0 -24.970764 -188.454849 32.739365 1.154508 0.244717 -1
0 -33.922890 -188.454849 23.469170 0.845491 0.244717 -1
0 -36.600277 -176.575912 48.172245 1.226995 0.544967 -1
0 -49.752216 -176.575912 34.553005 0.773005 0.544967 -1
0 -47.333012 -160.356903 62.415070 1.293892 0.954915 -1
0 -64.360977 -160.356903 44.782150 0.706107 0.954915 -1
0 -56.904778 -140.197144 75.117226 1.353553 1.464466 -1
0 -77.389420 -140.197144 53.904770 0.646446 1.464466 -1
0 -65.079842 -116.593170 85.965866 1.404508 2.061074 -1
0 -88.516777 -116.593170 61.696228 0.595492 2.061074 -1
0 -71.656921 -90.126160 94.694016 1.445503 2.730047 -1
0 -97.469093 -90.126160 67.964722 0.554497 2.730047 -1
0 -76.474030 -61.447765 101.086517 1.475528 3.454915 -1
0 -104.025833 -61.447765 72.555817 0.524472 3.454915 -1
0 -79.412506 -31.264187 104.985985 1.493844 4.217828 -1
0 -108.025520 -31.264187 75.356415 0.506155 4.217828 -1
0 -80.400192 -0.318590 106.296715 1.500000 5 -1
0 -109.369881 -0.318590 76.297722 0.500000 5 -1
0 -79.412506 30.626972 104.985985 1.493844 5.782172 -1
0 -108.025520 30.626972 75.356415 0.506155 5.782172 -1
0 -76.474030 60.810585 101.086517 1.475528 6.545085 -1
0 -104.025818 60.810585 72.555771 0.524472 6.545085 -1
0 -71.656914 89.488991 94.694023 1.445503 7.269953 -1
0 -97.469093 89.488991 67.964722 0.554497 7.269953 -1
0 -65.079842 115.955994 85.965866 1.404508 7.938926 -1
0 -88.516777 115.955994 61.696228 0.595492 7.938926 -1
0 -56.904778 139.559921 75.117226 1.353553 8.535534 -1
0 -77.389420 139.559921 53.904770 0.646446 8.535534 -1
0 -47.333000 159.719696 62.415077 1.293892 9.045085 -1
0 -64.360985 159.719696 44.782150 0.706107 9.045085 -1
0 -36.600281 175.938705 48.172264 1.226995 9.455032 -1
0 -49.752216 175.938705 34.552971 0.773004 9.455032 -1
0 -24.970766 187.817642 32.739368 1.154509 9.755282 -1
0 -33.922890 187.817642 23.469181 0.845491 9.755282 -1
0 -0.181976 -198.136765 -0.156468 1 0 -1
0 -17.262720 -195.701263 11.803599 1.078217 0.061559 -1
0 -20.122599 -195.701263 5.939990 0.921782 0.061559 -1
0 -0.181976 197.499557 -0.156468 1 10 -1
0 -20.122601 195.064102 5.939987 0.921782 9.938442 -1
0 -17.262720 195.064102 11.803593 1.078217 9.938442 -1
0 -33.922897 -188.454849 23.469191 1.154508 0.244717 -1
0 -39.572201 -188.454849 11.886337 0.845491 0.244717 -1
0 -49.752239 -176.575912 34.552998 1.226995 0.544967 -1
0 -58.051903 -176.575912 17.536173 0.773005 0.544967 -1
0 -64.360962 -160.356903 44.782158 1.293892 0.954915 -1
0 -75.106636 -160.356903 22.750309 0.706107 0.954915 -1
0 -77.389435 -140.197144 53.904774 1.353553 1.464466 -1
0 -90.316521 -140.197144 27.400385 0.646446 1.464466 -1
0 -88.516792 -116.593170 61.696232 1.404508 2.061074 -1
0 -103.306946 -116.593170 31.372007 0.595492 2.061074 -1
0 -97.469162 -90.126160 67.964745 1.445503 2.730047 -1
0 -113.758141 -90.126160 34.567280 0.554497 2.730047 -1
0 -104.025925 -61.447765 72.555840 1.475528 3.454915 -1
0 -121.412750 -61.447765 36.907536 0.524472 3.454915 -1
0 -108.025536 -31.264187 75.356445 1.493844 4.217828 -1
0 -126.082016 -31.264187 38.335068 0.506155 4.217828 -1
0 -109.369926 -0.318590 76.297745 1.500000 5 -1
0 -127.651482 -0.318590 38.814880 0.500000 5 -1
0 -108.025536 30.626972 75.356445 1.493844 5.782172 -1
0 -126.082016 30.626972 38.335068 0.506155 5.782172 -1
0 -104.025925 60.810585 72.555840 1.475528 6.545085 -1
0 -121.412735 60.810585 36.907528 0.524472 6.545085 -1
0 -97.469147 89.488991 67.964737 1.445503 7.269953 -1
0 -113.758125 89.488991 34.567287 0.554497 7.269953 -1
0 -88.516792 115.955994 61.696232 1.404508 7.938926 -1
0 -103.306946 115.955994 31.372007 0.595492 7.938926 -1
0 -77.389435 139.559921 53.904774 1.353553 8.535534 -1
0 -90.316521 139.559921 27.400385 0.646446 8.535534 -1
0 -64.360962 159.719696 44.782150 1.293892 9.045085 -1
0 -75.106613 159.719696 22.750303 0.706107 9.045085 -1
0 -49.752243 175.938705 34.553009 1.226995 9.455032 -1
0 -58.051903 175.938705 17.536131 0.773004 9.455032 -1
0 -33.922894 187.817642 23.469196 1.154509 9.755282 -1
0 -39.572201 187.817642 11.886337 0.845491 9.755282 -1
0 -0.181978 -198.136765 -0.156469 1 0 -1
0 -6.970641 -195.701263 19.559240 1.078217 0.061559 -1
0 -12.730880 -195.701263 16.496479 0.921782 0.061559 -1
0 -0.181978 197.499557 -0.156469 1 10 -1
0 -12.730877 195.064102 16.496473 0.921782 9.938442 -1
0 -6.970640 195.064102 19.559238 1.078217 9.938442 -1
0 -13.592152 -188.454849 38.789516 1.154508 0.244717 -1
0 -24.970781 -188.454849 32.739388 0.845491 0.244717 -1
0 -19.883463 -176.575912 57.060768 1.226995 0.544967 -1
0 -36.600281 -176.575912 48.172283 0.773005 0.544967 -1
0 -25.689636 -160.356903 73.923149 1.293892 0.954915 -1
0 -47.333042 -160.356903 62.415146 0.706107 0.954915 -1
0 -30.867710 -140.197144 88.961403 1.353553 1.464466 -1
0 -56.904835 -140.197144 75.117264 0.646446 1.464466 -1
0 -35.290237 -116.593170 101.805359 1.404508 2.061074 -1
0 -65.079872 -116.593170 85.965950 0.595492 2.061074 -1
0 -38.848347 -90.126160 112.138725 1.445503 2.730047 -1
0 -71.656982 -90.126160 94.694099 0.554497 2.730047 -1
0 -41.454281 -61.447765 119.706978 1.475528 3.454915 -1
0 -76.474098 -61.447765 101.086601 0.524472 3.454915 -1
0 -43.043892 -31.264187 124.323593 1.493844 4.217828 -1
0 -79.412567 -31.264187 104.986069 0.506155 4.217828 -1
0 -43.578259 -0.318590 125.875488 1.500000 5 -1
0 -80.400253 -0.318590 106.296806 0.500000 5 -1
0 -43.043892 30.626972 124.323593 1.493844 5.782172 -1
0 -79.412567 30.626972 104.986069 0.506155 5.782172 -1
0 -41.454281 60.810585 119.706978 1.475528 6.545085 -1
0 -76.474083 60.810585 101.086601 0.524472 6.545085 -1
0 -38.848343 89.488991 112.138733 1.445503 7.269953 -1
0 -71.656967 89.488991 94.694092 0.554497 7.269953 -1
0 -35.290237 115.955994 101.805359 1.404508 7.938926 -1
0 -65.079872 115.955994 85.965950 0.595492 7.938926 -1
0 -30.867710 139.559921 88.961403 1.353553 8.535534 -1
0 -56.904835 139.559921 75.117264 0.646446 8.535534 -1
0 -25.689638 159.719696 73.923134 1.293892 9.045085 -1
0 -47.333054 159.719696 62.415134 0.706107 9.045085 -1
0 -19.883467 175.938705 57.060768 1.226995 9.455032 -1
0 -36.600296 175.938705 48.172272 0.773004 9.455032 -1
0 -13.592152 187.817642 38.789516 1.154509 9.755282 -1
0 -24.970781 187.817642 32.739395 0.845491 9.755282 -1
0 -0.181974 -198.136765 -0.156463 1 0 -1
0 -21.030590 -195.701263 -0.520379 1.078217 0.061559 -1
0 -19.897707 -195.701263 -6.945138 0.921782 0.061559 -1
0 -0.181974 197.499557 -0.156463 1 10 -1
0 -19.897713 195.064102 -6.945137 0.921782 9.938442 -1
0 -21.030588 195.064102 -0.520379 1.078217 9.938442 -1
0 -41.365860 -188.454849 -0.875326 1.154508 0.244717 -1
0 -39.128017 -188.454849 -13.566674 0.845491 0.244717 -1
0 -60.687004 -176.575912 -1.212590 1.226995 0.544967 -1
0 -57.399345 -176.575912 -19.857956 0.773005 0.544967 -1
0 -78.518295 -160.356903 -1.523818 1.293892 0.954915 -1
0 -74.261742 -160.356903 -25.664160 0.706107 0.954915 -1
0 -94.420715 -140.197144 -1.801439 1.353553 1.464466 -1
0 -89.300056 -140.197144 -30.842264 0.646446 1.464466 -1
0 -108.002686 -116.593170 -2.038476 1.404508 2.061074 -1
0 -102.144051 -116.593170 -35.264820 0.595492 2.061074 -1
0 -118.929893 -90.126160 -2.229250 1.445503 2.730047 -1
0 -112.477432 -90.126160 -38.822826 0.554497 2.730047 -1
0 -126.932968 -61.447765 -2.368927 1.475528 3.454915 -1
0 -120.045647 -61.447765 -41.428837 0.524472 3.454915 -1
0 -131.814865 -31.264187 -2.454147 1.493844 4.217828 -1
0 -124.662262 -31.264187 -43.018501 0.506155 4.217828 -1
0 -133.455948 -0.318590 -2.482808 1.500000 5 -1
0 -126.214165 -0.318590 -43.552887 0.500000 5 -1
0 -131.814865 30.626972 -2.454147 1.493844 5.782172 -1
0 -124.662262 30.626972 -43.018501 0.506155 5.782172 -1
0 -126.932968 60.810585 -2.368927 1.475528 6.545085 -1
0 -120.045616 60.810585 -41.428829 0.524472 6.545085 -1
0 -118.929932 89.488991 -2.229218 1.445503 7.269953 -1
0 -112.477432 89.488991 -38.822838 0.554497 7.269953 -1
0 -108.002686 115.955994 -2.038476 1.404508 7.938926 -1
0 -102.144051 115.955994 -35.264820 0.595492 7.938926 -1
0 -94.420715 139.559921 -1.801439 1.353553 8.535534 -1
0 -89.300056 139.559921 -30.842264 0.646446 8.535534 -1
0 -78.518272 159.719696 -1.523828 1.293892 9.045085 -1
0 -74.261757 159.719696 -25.664165 0.706107 9.045085 -1
0 -60.687027 175.938705 -1.212591 1.226995 9.455032 -1
0 -57.399303 175.938705 -19.857998 0.773004 9.455032 -1
0 -41.365871 187.817642 -0.875325 1.154509 9.755282 -1
0 -39.128029 187.817642 -13.566660 0.845491 9.755282 -1
0 -0.181974 -198.136765 -0.156462 1 0 -1
0 -19.897734 -195.701263 -6.945142 1.078217 0.061559 -1
0 -16.834961 -195.701263 -12.705393 0.921782 0.061559 -1
0 -0.181974 197.499557 -0.156462 1 10 -1
0 -16.834969 195.064102 -12.705401 0.921782 9.938442 -1
0 -19.897705 195.064102 -6.945136 1.078217 9.938442 -1
0 -39.128044 -188.454849 -13.566664 1.154508 0.244717 -1
0 -33.077900 -188.454849 -24.945324 0.845491 0.244717 -1
0 -57.399330 -176.575912 -19.857986 1.226995 0.544967 -1
0 -48.510853 -176.575912 -36.574844 0.773005 0.544967 -1
0 -74.261765 -160.356903 -25.664146 1.293892 0.954915 -1
0 -62.753742 -160.356903 -47.307644 0.706107 0.954915 -1
0 -89.300087 -140.197144 -30.842260 1.353553 1.464466 -1
0 -75.455879 -140.197144 -56.879498 0.646446 1.464466 -1
0 -102.144096 -116.593170 -35.264828 1.404508 2.061074 -1
0 -86.304626 -116.593170 -65.054497 0.595492 2.061074 -1
0 -112.477509 -90.126160 -38.822937 1.445503 2.730047 -1
0 -95.032761 -90.126160 -71.631660 0.554497 2.730047 -1
0 -120.045708 -61.447765 -41.428864 1.475528 3.454915 -1
0 -101.425301 -61.447765 -76.448746 0.524472 3.454915 -1
0 -124.662308 -31.264187 -43.018494 1.493844 4.217828 -1
0 -105.324669 -31.264187 -79.387123 0.506155 4.217828 -1
0 -126.214218 -0.318590 -43.552906 1.500000 5 -1
0 -106.635506 -0.318590 -80.374954 0.500000 5 -1
0 -124.662308 30.626972 -43.018494 1.493844 5.782172 -1
0 -105.324669 30.626972 -79.387123 0.506155 5.782172 -1
0 -120.045708 60.810585 -41.428864 1.475528 6.545085 -1
0 -101.425293 60.810585 -76.448723 0.524472 6.545085 -1
0 -112.477478 89.488991 -38.822887 1.445503 7.269953 -1
0 -95.032738 89.488991 -71.631645 0.554497 7.269953 -1
0 -102.144096 115.955994 -35.264828 1.404508 7.938926 -1
0 -86.304626 115.955994 -65.054497 0.595492 7.938926 -1
0 -89.300087 139.559921 -30.842260 1.353553 8.535534 -1
0 -75.455879 139.559921 -56.879498 0.646446 8.535534 -1
0 -74.261734 159.719696 -25.664150 1.293892 9.045085 -1
0 -62.753712 159.719696 -47.307621 0.706107 9.045085 -1
0 -57.399330 175.938705 -19.857986 1.226995 9.455032 -1
0 -48.510807 175.938705 -36.574856 0.773004 9.455032 -1
0 -39.128036 187.817642 -13.566664 1.154509 9.755282 -1
0 -33.077900 187.817642 -24.945324 0.845491 9.755282 -1
0 -0.181974 -198.136765 -0.156465 1 0 -1
0 -20.122656 -195.701263 5.940016 1.078217 0.061559 -1
0 -21.030609 -195.701263 -0.520379 0.921782 0.061559 -1
0 -0.181974 197.499557 -0.156465 1 10 -1
0 -21.030607 195.064102 -0.520385 0.921782 9.938442 -1
0 -20.122637 195.064102 5.940005 1.078217 9.938442 -1
0 -39.572350 -188.454849 11.886388 1.154508 0.244717 -1
0 -41.365906 -188.454849 -0.875337 0.845491 0.244717 -1
0 -58.052113 -176.575912 17.536215 1.226995 0.544967 -1
0 -60.687031 -176.575912 -1.212580 0.773005 0.544967 -1
0 -75.106926 -160.356903 22.750401 1.293892 0.954915 -1
0 -78.518379 -160.356903 -1.523833 0.706107 0.954915 -1
0 -90.316772 -140.197144 27.400501 1.353553 1.464466 -1
0 -94.420845 -140.197144 -1.801465 0.646446 1.464466 -1
0 -103.307144 -116.593170 31.372055 1.404508 2.061074 -1
0 -108.002724 -116.593170 -2.038460 0.595492 2.061074 -1
0 -113.758560 -90.126160 34.567383 1.445503 2.730047 -1
0 -118.930000 -90.126160 -2.229219 0.554497 2.730047 -1
0 -121.413139 -61.447765 36.907585 1.475528 3.454915 -1
0 -126.933128 -61.447765 -2.368889 0.524472 3.454915 -1
0 -126.082397 -31.264187 38.335175 1.493844 4.217828 -1
0 -131.815002 -31.264187 -2.454108 0.506155 4.217828 -1
0 -127.652115 -0.318590 38.815056 1.500000 5 -1
0 -133.456146 -0.318590 -2.482744 0.500000 5 -1
0 -126.082397 30.626972 38.335175 1.493844 5.782172 -1
0 -131.815002 30.626972 -2.454108 0.506155 5.782172 -1
0 -121.413139 60.810585 36.907585 1.475528 6.545085 -1
0 -126.933105 60.810585 -2.368879 0.524472 6.545085 -1
0 -113.758575 89.488991 34.567390 1.445503 7.269953 -1
0 -118.930016 89.488991 -2.229226 0.554497 7.269953 -1
0 -103.307144 115.955994 31.372055 1.404508 7.938926 -1
0 -108.002724 115.955994 -2.038460 0.595492 7.938926 -1
0 -90.316772 139.559921 27.400501 1.353553 8.535534 -1
0 -94.420845 139.559921 -1.801465 0.646446 8.535534 -1
0 -75.106850 159.719696 22.750387 1.293892 9.045085 -1
0 -78.518402 159.719696 -1.523854 0.706107 9.045085 -1
0 -58.052124 175.938705 17.536215 1.226995 9.455032 -1
0 -60.687057 175.938705 -1.212601 0.773004 9.455032 -1
0 -39.572361 187.817642 11.886395 1.154509 9.755282 -1
0 -41.365913 187.817642 -0.875322 0.845491 9.755282 -1
0 -0.181977 -198.136765 -0.156459 1 0 -1
0 -12.142086 -195.701263 -17.237267 1.078217 0.061559 -1
0 -6.278447 -195.701263 -20.097116 0.921782 0.061559 -1
0 -0.181977 197.499557 -0.156459 1 10 -1
0 -6.278450 195.064102 -20.097118 0.921782 9.938442 -1
0 -12.142080 195.064102 -17.237261 1.078217 9.938442 -1
0 -23.807701 -188.454849 -33.897480 1.154508 0.244717 -1
0 -12.224818 -188.454849 -39.546833 0.845491 0.244717 -1
0 -34.891533 -176.575912 -49.726852 1.226995 0.544967 -1
0 -17.874670 -176.575912 -58.026585 0.773005 0.544967 -1
0 -45.120716 -160.356903 -64.335594 1.293892 0.954915 -1
0 -23.088808 -160.356903 -75.081314 0.706107 0.954915 -1
0 -54.243336 -140.197144 -77.364120 1.353553 1.464466 -1
0 -27.738953 -140.197144 -90.291222 0.646446 1.464466 -1
0 -62.034874 -116.593170 -88.491539 1.404508 2.061074 -1
0 -31.710546 -116.593170 -103.281738 0.595492 2.061074 -1
0 -68.303383 -90.126160 -97.443977 1.445503 2.730047 -1
0 -34.905849 -90.126160 -113.732948 0.554497 2.730047 -1
0 -72.894470 -61.447765 -104.000725 1.475528 3.454915 -1
0 -37.246048 -61.447765 -121.387589 0.524472 3.454915 -1
0 -75.695038 -31.264187 -108.000298 1.493844 4.217828 -1
0 -38.673569 -31.264187 -126.056862 0.506155 4.217828 -1
0 -76.636444 -0.318590 -109.344795 1.500000 5 -1
0 -39.153431 -0.318590 -127.626465 0.500000 5 -1
0 -75.695038 30.626972 -108.000298 1.493844 5.782172 -1
0 -38.673569 30.626972 -126.056862 0.506155 5.782172 -1
0 -72.894470 60.810585 -104.000725 1.475528 6.545085 -1
0 -37.246010 60.810585 -121.387589 0.524472 6.545085 -1
0 -68.303391 89.488991 -97.443993 1.445503 7.269953 -1
0 -34.905834 89.488991 -113.732948 0.554497 7.269953 -1
0 -62.034874 115.955994 -88.491539 1.404508 7.938926 -1
0 -31.710546 115.955994 -103.281738 0.595492 7.938926 -1
0 -54.243336 139.559921 -77.364120 1.353553 8.535534 -1
0 -27.738953 139.559921 -90.291222 0.646446 8.535534 -1
0 -45.120701 159.719696 -64.335594 1.293892 9.045085 -1
0 -23.088812 159.719696 -75.081322 0.706107 9.045085 -1
0 -34.891552 175.938705 -49.726871 1.226995 9.455032 -1
0 -17.874630 175.938705 -58.026554 0.773004 9.455032 -1
0 -23.807709 187.817642 -33.897484 1.154509 9.755282 -1
0 -12.224830 187.817642 -39.546837 0.845491 9.755282 -1
0 -0.181978 -198.136765 -0.156458 1 0 -1
0 -6.278456 -195.701263 -20.097137 1.078217 0.061559 -1
0 0.181938 -195.701263 -21.005093 0.921782 0.061559 -1
0 -0.181978 197.499557 -0.156458 1 10 -1
0 0.181939 195.064102 -21.005108 0.921782 9.938442 -1
0 -6.278447 195.064102 -20.097115 1.078217 9.938442 -1
0 -12.224846 -188.454849 -39.546852 1.154508 0.244717 -1
0 0.536890 -188.454849 -41.340385 0.845491 0.244717 -1
0 -17.874653 -176.575912 -58.026581 1.226995 0.544967 -1
0 0.874105 -176.575912 -60.661572 0.773005 0.544967 -1
0 -23.088848 -160.356903 -75.081345 1.293892 0.954915 -1
0 1.185361 -160.356903 -78.492882 0.706107 0.954915 -1
0 -27.738962 -140.197144 -90.291237 1.353553 1.464466 -1
0 1.463011 -140.197144 -94.395340 0.646446 1.464466 -1
0 -31.710550 -116.593170 -103.281784 1.404508 2.061074 -1
0 1.700027 -116.593170 -107.977325 0.595492 2.061074 -1
0 -34.905869 -90.126160 -113.733116 1.445503 2.730047 -1
0 1.890780 -90.126160 -118.904549 0.554497 2.730047 -1
0 -37.246044 -61.447765 -121.387611 1.475528 3.454915 -1
0 2.030444 -61.447765 -126.907600 0.524472 3.454915 -1
0 -38.673615 -31.264187 -126.056908 1.493844 4.217828 -1
0 2.115644 -31.264187 -131.789368 0.506155 4.217828 -1
0 -39.153465 -0.318590 -127.626549 1.500000 5 -1
0 2.144325 -0.318590 -133.430481 0.500000 5 -1
0 -38.673615 30.626972 -126.056908 1.493844 5.782172 -1
0 2.115644 30.626972 -131.789368 0.506155 5.782172 -1
0 -37.246044 60.810585 -121.387611 1.475528 6.545085 -1
0 2.030433 60.810585 -126.907532 0.524472 6.545085 -1
0 -34.905834 89.488991 -113.733032 1.445503 7.269953 -1
0 1.890786 89.488991 -118.904518 0.554497 7.269953 -1
0 -31.710550 115.955994 -103.281784 1.404508 7.938926 -1
0 1.700027 115.955994 -107.977325 0.595492 7.938926 -1
0 -27.738962 139.559921 -90.291237 1.353553 8.535534 -1
0 1.463011 139.559921 -94.395340 0.646446 8.535534 -1
0 -23.088825 159.719696 -75.081299 1.293892 9.045085 -1
0 1.185364 159.719696 -78.492836 0.706107 9.045085 -1
0 -17.874653 175.938705 -58.026581 1.226995 9.455032 -1
0 0.874137 175.938705 -60.661549 0.773004 9.455032 -1
0 -12.224845 187.817642 -39.546852 1.154509 9.755282 -1
0 0.536890 187.817642 -41.340385 0.845491 9.755282 -1
0 -0.181976 -198.136765 -0.156461 1 0 -1
0 -16.834986 -195.701263 -12.705395 1.078217 0.061559 -1
0 -12.142095 -195.701263 -17.237282 0.921782 0.061559 -1
0 -0.181976 197.499557 -0.156461 1 10 -1
0 -12.142088 195.064102 -17.237278 0.921782 9.938442 -1
0 -16.834969 195.064102 -12.705390 1.078217 9.938442 -1
0 -33.077976 -188.454849 -24.945356 1.154508 0.244717 -1
0 -23.807718 -188.454849 -33.897530 0.845491 0.244717 -1
0 -48.510902 -176.575912 -36.574909 1.226995 0.544967 -1
0 -34.891556 -176.575912 -49.726891 0.773005 0.544967 -1
0 -62.753807 -160.356903 -47.307693 1.293892 0.954915 -1
0 -45.120750 -160.356903 -64.335670 0.706107 0.954915 -1
0 -75.455986 -140.197144 -56.879505 1.353553 1.464466 -1
0 -54.243397 -140.197144 -77.364258 0.646446 1.464466 -1
0 -86.304588 -116.593170 -65.054527 1.404508 2.061074 -1
0 -62.034908 -116.593170 -88.491554 0.595492 2.061074 -1
0 -95.032898 -90.126160 -71.631767 1.445503 2.730047 -1
0 -68.303436 -90.126160 -97.443977 0.554497 2.730047 -1
0 -101.425346 -61.447765 -76.448860 1.475528 3.454915 -1
0 -72.894585 -61.447765 -104.000786 0.524472 3.454915 -1
0 -105.324860 -31.264187 -79.387268 1.493844 4.217828 -1
0 -75.695122 -31.264187 -108.000359 0.506155 4.217828 -1
0 -106.635765 -0.318590 -80.375153 1.500000 5 -1
0 -76.636612 -0.318590 -109.344933 0.500000 5 -1
0 -105.324860 30.626972 -79.387268 1.493844 5.782172 -1
0 -75.695122 30.626972 -108.000359 0.506155 5.782172 -1
0 -101.425346 60.810585 -76.448860 1.475528 6.545085 -1
0 -72.894585 60.810585 -104.000786 0.524472 6.545085 -1
0 -95.032898 89.488991 -71.631767 1.445503 7.269953 -1
0 -68.303429 89.488991 -97.444023 0.554497 7.269953 -1
0 -86.304588 115.955994 -65.054527 1.404508 7.938926 -1
0 -62.034908 115.955994 -88.491554 0.595492 7.938926 -1
0 -75.455986 139.559921 -56.879505 1.353553 8.535534 -1
0 -54.243397 139.559921 -77.364258 0.646446 8.535534 -1
0 -62.753773 159.719696 -47.307663 1.293892 9.045085 -1
0 -45.120720 159.719696 -64.335678 0.706107 9.045085 -1
0 -48.510918 175.938705 -36.574913 1.226995 9.455032 -1
0 -34.891575 175.938705 -49.726921 0.773004 9.455032 -1
0 -33.077976 187.817642 -24.945366 1.154509 9.755282 -1
0 -23.807737 187.817642 -33.897537 0.845491 9.755282 -1
0 -0.181982 -198.136765 -0.156458 1 0 -1
0 6.606714 -195.701263 -19.872261 1.078217 0.061559 -1
0 12.366938 -195.701263 -16.809448 0.921782 0.061559 -1
0 -0.181982 197.499557 -0.156458 1 10 -1
0 12.366944 195.064102 -16.809452 0.921782 9.938442 -1
0 6.606716 195.064102 -19.872252 1.078217 9.938442 -1
0 13.228236 -188.454849 -39.102589 1.154508 0.244717 -1
0 24.606920 -188.454849 -33.052433 0.845491 0.244717 -1
0 19.519548 -176.575912 -57.373901 1.226995 0.544967 -1
0 36.236469 -176.575912 -48.485397 0.773005 0.544967 -1
0 25.325699 -160.356903 -74.236267 1.293892 0.954915 -1
0 46.969250 -160.356903 -62.728260 0.706107 0.954915 -1
0 30.503880 -140.197144 -89.274643 1.353553 1.464466 -1
0 56.541012 -140.197144 -75.430481 0.646446 1.464466 -1
0 34.926418 -116.593170 -102.118713 1.404508 2.061074 -1
0 64.716156 -116.593170 -86.279213 0.595492 2.061074 -1
0 38.484547 -90.126160 -112.452095 1.445503 2.730047 -1
0 71.293198 -90.126160 -95.007378 0.554497 2.730047 -1
0 41.090481 -61.447765 -120.020340 1.475528 3.454915 -1
0 76.110428 -61.447765 -101.399849 0.524472 3.454915 -1
0 42.680061 -31.264187 -124.636887 1.493844 4.217828 -1
0 79.048859 -31.264187 -105.299362 0.506155 4.217828 -1
0 43.214504 -0.318590 -126.188835 1.500000 5 -1
0 80.036667 -0.318590 -106.610176 0.500000 5 -1
0 42.680061 30.626972 -124.636887 1.493844 5.782172 -1
0 79.048859 30.626972 -105.299362 0.506155 5.782172 -1
0 41.090481 60.810585 -120.020340 1.475528 6.545085 -1
0 76.110443 60.810585 -101.399841 0.524472 6.545085 -1
0 38.484554 89.488991 -112.452126 1.445503 7.269953 -1
0 71.293236 89.488991 -95.007355 0.554497 7.269953 -1
0 34.926418 115.955994 -102.118713 1.404508 7.938926 -1
0 64.716156 115.955994 -86.279213 0.595492 7.938926 -1
0 30.503880 139.559921 -89.274643 1.353553 8.535534 -1
0 56.541012 139.559921 -75.430481 0.646446 8.535534 -1
0 25.325714 159.719696 -74.236237 1.293892 9.045085 -1
0 46.969250 159.719696 -62.728260 0.706107 9.045085 -1
0 19.519550 175.938705 -57.373924 1.226995 9.455032 -1
0 36.236469 175.938705 -48.485352 0.773004 9.455032 -1
0 13.228230 187.817642 -39.102600 1.154509 9.755282 -1
0 24.606907 187.817642 -33.052452 0.845491 9.755282 -1
0 -0.181984 -198.136765 -0.156459 1 0 -1
0 12.366954 -195.701263 -16.809464 1.078217 0.061559 -1
0 16.898836 -195.701263 -12.116579 0.921782 0.061559 -1
0 -0.181984 197.499557 -0.156459 1 10 -1
0 16.898849 195.064102 -12.116585 0.921782 9.938442 -1
0 12.366939 195.064102 -16.809446 1.078217 9.938442 -1
0 24.606909 -188.454849 -33.052467 1.154508 0.244717 -1
0 33.559078 -188.454849 -23.782196 0.845491 0.244717 -1
0 36.236473 -176.575912 -48.485382 1.226995 0.544967 -1
0 49.388508 -176.575912 -34.866131 0.773005 0.544967 -1
0 46.969242 -160.356903 -62.728306 1.293892 0.954915 -1
0 63.997269 -160.356903 -45.095287 0.706107 0.954915 -1
0 56.541046 -140.197144 -75.430473 1.353553 1.464466 -1
0 77.025833 -140.197144 -54.217941 0.646446 1.464466 -1
0 64.716187 -116.593170 -86.279251 1.404508 2.061074 -1
0 88.153221 -116.593170 -62.009476 0.595492 2.061074 -1
0 71.293350 -90.126160 -95.007462 1.445503 2.730047 -1
0 97.105652 -90.126160 -68.277985 0.554497 2.730047 -1
0 76.110466 -61.447765 -101.399887 1.475528 3.454915 -1
0 103.662331 -61.447765 -72.869072 0.524472 3.454915 -1
0 79.048927 -31.264187 -105.299431 1.493844 4.217828 -1
0 107.661919 -31.264187 -75.669632 0.506155 4.217828 -1
0 80.036697 -0.318590 -106.610207 1.500000 5 -1
0 109.006401 -0.318590 -76.611031 0.500000 5 -1
0 79.048927 30.626972 -105.299431 1.493844 5.782172 -1
0 107.661919 30.626972 -75.669632 0.506155 5.782172 -1
0 76.110466 60.810585 -101.399887 1.475528 6.545085 -1
0 103.662323 60.810585 -72.869080 0.524472 6.545085 -1
0 71.293282 89.488991 -95.007385 1.445503 7.269953 -1
0 97.105652 89.488991 -68.277985 0.554497 7.269953 -1
0 64.716187 115.955994 -86.279251 1.404508 7.938926 -1
0 88.153221 115.955994 -62.009476 0.595492 7.938926 -1
0 56.541046 139.559921 -75.430473 1.353553 8.535534 -1
0 77.025833 139.559921 -54.217941 0.646446 8.535534 -1
0 46.969212 159.719696 -62.728271 1.293892 9.045085 -1
0 63.997238 159.719696 -45.095264 0.706107 9.045085 -1
0 36.236473 175.938705 -48.485382 1.226995 9.455032 -1
0 49.388508 175.938705 -34.866081 0.773004 9.455032 -1
0 24.606915 187.817642 -33.052464 1.154509 9.755282 -1
0 33.559078 187.817642 -23.782196 0.845491 9.755282 -1
0 -0.181980 -198.136765 -0.156458 1 0 -1
0 0.181927 -195.701263 -21.005121 1.078217 0.061559 -1
0 6.606717 -195.701263 -19.872269 0.921782 0.061559 -1
0 -0.181980 197.499557 -0.156458 1 10 -1
0 6.606720 195.064102 -19.872265 0.921782 9.938442 -1
0 0.181931 195.064102 -21.005104 1.078217 9.938442 -1
0 0.536882 -188.454849 -41.340485 1.154508 0.244717 -1
0 13.228268 -188.454849 -39.102631 0.845491 0.244717 -1
0 0.874133 -176.575912 -60.661678 1.226995 0.544967 -1
0 19.519575 -176.575912 -57.373951 0.773005 0.544967 -1
0 1.185361 -160.356903 -78.493011 1.293892 0.954915 -1
0 25.325764 -160.356903 -74.236305 0.706107 0.954915 -1
0 1.462989 -140.197144 -94.395515 1.353553 1.464466 -1
0 30.503950 -140.197144 -89.274780 0.646446 1.464466 -1
0 1.700072 -116.593170 -107.977310 1.404508 2.061074 -1
0 34.926403 -116.593170 -102.118721 0.595492 2.061074 -1
0 1.890802 -90.126160 -118.904709 1.445503 2.730047 -1
0 38.484558 -90.126160 -112.452187 0.554497 2.730047 -1
0 2.030509 -61.447765 -126.907753 1.475528 3.454915 -1
0 41.090462 -61.447765 -120.020470 0.524472 3.454915 -1
0 2.115642 -31.264187 -131.789612 1.493844 4.217828 -1
0 42.680130 -31.264187 -124.637024 0.506155 4.217828 -1
0 2.144321 -0.318590 -133.430969 1.500000 5 -1
0 43.214504 -0.318590 -126.189102 0.500000 5 -1
0 2.115642 30.626972 -131.789612 1.493844 5.782172 -1
0 42.680130 30.626972 -124.637024 0.506155 5.782172 -1
0 2.030509 60.810585 -126.907753 1.475528 6.545085 -1
0 41.090462 60.810585 -120.020470 0.524472 6.545085 -1
0 1.890802 89.488991 -118.904709 1.445503 7.269953 -1
0 38.484566 89.488991 -112.452141 0.554497 7.269953 -1
0 1.700072 115.955994 -107.977310 1.404508 7.938926 -1
0 34.926403 115.955994 -102.118721 0.595492 7.938926 -1
0 1.462989 139.559921 -94.395515 1.353553 8.535534 -1
0 30.503950 139.559921 -89.274780 0.646446 8.535534 -1
0 1.185347 159.719696 -78.492943 1.293892 9.045085 -1
0 25.325798 159.719696 -74.236305 0.706107 9.045085 -1
0 0.874127 175.938705 -60.661694 1.226995 9.455032 -1
0 19.519590 175.938705 -57.373966 0.773004 9.455032 -1
0 0.536884 187.817642 -41.340488 1.154509 9.755282 -1
0 13.228264 187.817642 -39.102646 0.845491 9.755282 -1
0 -0.181985 -198.136765 -0.156462 1 0 -1
0 19.758762 -195.701263 -6.252955 1.078217 0.061559 -1
0 20.666660 -195.701263 0.207448 0.921782 0.061559 -1
0 -0.181985 197.499557 -0.156462 1 10 -1
0 20.666679 195.064102 0.207449 0.921782 9.938442 -1
0 19.758762 195.064102 -6.252952 1.078217 9.938442 -1
0 39.208508 -188.454849 -12.199349 1.154508 0.244717 -1
0 41.002048 -188.454849 0.562408 0.845491 0.244717 -1
0 57.688267 -176.575912 -17.849188 1.226995 0.544967 -1
0 60.323292 -176.575912 0.899654 0.773005 0.544967 -1
0 74.743011 -160.356903 -23.063374 1.293892 0.954915 -1
0 78.154556 -160.356903 1.210919 0.706107 0.954915 -1
0 89.952965 -140.197144 -27.713461 1.353553 1.464466 -1
0 94.057068 -140.197144 1.488445 0.646446 1.464466 -1
0 102.943588 -116.593170 -31.685139 1.404508 2.061074 -1
0 107.639122 -116.593170 1.725557 0.595492 2.061074 -1
0 113.394867 -90.126160 -34.880375 1.445503 2.730047 -1
0 118.566238 -90.126160 1.916226 0.554497 2.730047 -1
0 121.049408 -61.447765 -37.220604 1.475528 3.454915 -1
0 126.569405 -61.447765 2.056016 0.524472 3.454915 -1
0 125.718674 -31.264187 -38.648182 1.493844 4.217828 -1
0 131.451355 -31.264187 2.141169 0.506155 4.217828 -1
0 127.288353 -0.318590 -39.128033 1.500000 5 -1
0 133.092560 -0.318590 2.169837 0.500000 5 -1
0 125.718674 30.626972 -38.648182 1.493844 5.782172 -1
0 131.451355 30.626972 2.141169 0.506155 5.782172 -1
0 121.049408 60.810585 -37.220604 1.475528 6.545085 -1
0 126.569405 60.810585 2.056032 0.524472 6.545085 -1
0 113.394913 89.488991 -34.880367 1.445503 7.269953 -1
0 118.566238 89.488991 1.916245 0.554497 7.269953 -1
0 102.943588 115.955994 -31.685139 1.404508 7.938926 -1
0 107.639122 115.955994 1.725557 0.595492 7.938926 -1
0 89.952965 139.559921 -27.713461 1.353553 8.535534 -1
0 94.057068 139.559921 1.488445 0.646446 8.535534 -1
0 74.742989 159.719696 -23.063374 1.293892 9.045085 -1
0 78.154556 159.719696 1.210919 0.706107 9.045085 -1
0 57.688286 175.938705 -17.849201 1.226995 9.455032 -1
0 60.323250 175.938705 0.899669 0.773004 9.455032 -1
0 39.208500 187.817642 -12.199359 1.154509 9.755282 -1
0 41.002048 187.817642 0.562396 0.845491 9.755282 -1
0 -0.181986 -198.136765 -0.156464 1 0 -1
0 20.666695 -195.701263 0.207443 1.078217 0.061559 -1
0 19.533842 -195.701263 6.632246 0.921782 0.061559 -1
0 -0.181986 197.499557 -0.156464 1 10 -1
0 19.533857 195.064102 6.632247 0.921782 9.938442 -1
0 20.666658 195.064102 0.207447 1.078217 9.938442 -1
0 41.002048 -188.454849 0.562385 1.154508 0.244717 -1
0 38.764221 -188.454849 13.253780 0.845491 0.244717 -1
0 60.323273 -176.575912 0.899646 1.226995 0.544967 -1
0 57.035618 -176.575912 19.545084 0.773005 0.544967 -1
0 78.154587 -160.356903 1.210864 1.293892 0.954915 -1
0 73.897995 -160.356903 25.351273 0.706107 0.954915 -1
0 94.057060 -140.197144 1.488482 1.353553 1.464466 -1
0 88.936470 -140.197144 30.529478 0.646446 1.464466 -1
0 107.639160 -116.593170 1.725576 1.404508 2.061074 -1
0 101.780411 -116.593170 34.952007 0.595492 2.061074 -1
0 118.566330 -90.126160 1.916262 1.445503 2.730047 -1
0 112.113892 -90.126160 38.510098 0.554497 2.730047 -1
0 126.569427 -61.447765 2.055995 1.475528 3.454915 -1
0 119.682106 -61.447765 41.116016 0.524472 3.454915 -1
0 131.451401 -31.264187 2.141193 1.493844 4.217828 -1
0 124.298668 -31.264187 42.705616 0.506155 4.217828 -1
0 133.092468 -0.318590 2.169896 1.500000 5 -1
0 125.850685 -0.318590 43.240036 0.500000 5 -1
0 131.451401 30.626972 2.141193 1.493844 5.782172 -1
0 124.298668 30.626972 42.705616 0.506155 5.782172 -1
0 126.569427 60.810585 2.055995 1.475528 6.545085 -1
0 119.682098 60.810585 41.116005 0.524472 6.545085 -1
0 118.566315 89.488991 1.916267 1.445503 7.269953 -1
0 112.113892 89.488991 38.510098 0.554497 7.269953 -1
0 107.639160 115.955994 1.725576 1.404508 7.938926 -1
0 101.780411 115.955994 34.952007 0.595492 7.938926 -1
0 94.057060 139.559921 1.488482 1.353553 8.535534 -1
0 88.936470 139.559921 30.529478 0.646446 8.535534 -1
0 78.154556 159.719696 1.210859 1.293892 9.045085 -1
0 73.897949 159.719696 25.351276 0.706107 9.045085 -1
0 60.323273 175.938705 0.899646 1.226995 9.455032 -1
0 57.035618 175.938705 19.545128 0.773004 9.455032 -1
0 41.002048 187.817642 0.562385 1.154509 9.755282 -1
0 38.764221 187.817642 13.253780 0.845491 9.755282 -1
0 -0.181985 -198.136765 -0.156461 1 0 -1
0 16.898849 -195.701263 -12.116614 1.078217 0.061559 -1
0 19.758776 -195.701263 -6.252964 0.921782 0.061559 -1
0 -0.181985 197.499557 -0.156461 1 10 -1
0 19.758770 195.064102 -6.252959 0.921782 9.938442 -1
0 16.898844 195.064102 -12.116598 1.078217 9.938442 -1
0 33.559196 -188.454849 -23.782276 1.154508 0.244717 -1
0 39.208576 -188.454849 -12.199346 0.845491 0.244717 -1
0 49.388626 -176.575912 -34.866169 1.226995 0.544967 -1
0 57.688328 -176.575912 -17.849197 0.773005 0.544967 -1
0 63.997437 -160.356903 -45.095398 1.293892 0.954915 -1
0 74.743065 -160.356903 -23.063345 0.706107 0.954915 -1
0 77.026039 -140.197144 -54.218018 1.353553 1.464466 -1
0 89.953133 -140.197144 -27.713499 0.646446 1.464466 -1
0 88.153351 -116.593170 -62.009422 1.404508 2.061074 -1
0 102.943611 -116.593170 -31.685131 0.595492 2.061074 -1
0 97.105797 -90.126160 -68.278107 1.445503 2.730047 -1
0 113.394875 -90.126160 -34.880394 0.554497 2.730047 -1
0 103.662567 -61.447765 -72.869179 1.475528 3.454915 -1
0 121.049507 -61.447765 -37.220688 0.524472 3.454915 -1
0 107.662163 -31.264187 -75.669807 1.493844 4.217828 -1
0 125.718857 -31.264187 -38.648193 0.506155 4.217828 -1
0 109.006966 -0.318590 -76.611366 1.500000 5 -1
0 127.288704 -0.318590 -39.128170 0.500000 5 -1
0 107.662163 30.626972 -75.669807 1.493844 5.782172 -1
0 125.718857 30.626972 -38.648193 0.506155 5.782172 -1
0 103.662567 60.810585 -72.869179 1.475528 6.545085 -1
0 121.049507 60.810585 -37.220688 0.524472 6.545085 -1
0 97.105797 89.488991 -68.278107 1.445503 7.269953 -1
0 113.394913 89.488991 -34.880390 0.554497 7.269953 -1
0 88.153351 115.955994 -62.009422 1.404508 7.938926 -1
0 102.943611 115.955994 -31.685131 0.595492 7.938926 -1
0 77.026039 139.559921 -54.218018 1.353553 8.535534 -1
0 89.953133 139.559921 -27.713499 0.646446 8.535534 -1
0 63.997368 159.719696 -45.095387 1.293892 9.045085 -1
0 74.743019 159.719696 -23.063318 0.706107 9.045085 -1
0 49.388622 175.938705 -34.866184 1.226995 9.455032 -1
0 57.688343 175.938705 -17.849186 0.773004 9.455032 -1
0 33.559196 187.817642 -23.782274 1.154509 9.755282 -1
0 39.208584 187.817642 -12.199368 0.845491 9.755282 -1
0 -0.181985 -198.136765 -0.156465 1 0 -1
0 19.533861 -195.701263 6.632251 1.078217 0.061559 -1
0 16.471033 -195.701263 12.392477 0.921782 0.061559 -1
0 -0.181985 197.499557 -0.156465 1 10 -1
0 16.471046 195.064102 12.392494 0.921782 9.938442 -1
0 19.533857 195.064102 6.632251 1.078217 9.938442 -1
0 38.764271 -188.454849 13.253778 1.154508 0.244717 -1
0 32.714092 -188.454849 24.632498 0.845491 0.244717 -1
0 57.035629 -176.575912 19.545103 1.226995 0.544967 -1
0 48.147091 -176.575912 36.262096 0.773005 0.544967 -1
0 73.898003 -160.356903 25.351286 1.293892 0.954915 -1
0 62.389965 -160.356903 46.994877 0.706107 0.954915 -1
0 88.936432 -140.197144 30.529465 1.353553 1.464466 -1
0 75.092216 -140.197144 56.566620 0.646446 1.464466 -1
0 101.780533 -116.593170 34.952023 1.404508 2.061074 -1
0 85.940994 -116.593170 64.741867 0.595492 2.061074 -1
0 112.113907 -90.126160 38.510128 1.445503 2.730047 -1
0 94.669106 -90.126160 71.318863 0.554497 2.730047 -1
0 119.682106 -61.447765 41.116047 1.475528 3.454915 -1
0 101.061623 -61.447765 76.136063 0.524472 3.454915 -1
0 124.298767 -31.264187 42.705654 1.493844 4.217828 -1
0 104.961227 -31.264187 79.074585 0.506155 4.217828 -1
0 125.850746 -0.318590 43.240074 1.500000 5 -1
0 106.272064 -0.318590 80.062424 0.500000 5 -1
0 124.298767 30.626972 42.705654 1.493844 5.782172 -1
0 104.961227 30.626972 79.074585 0.506155 5.782172 -1
0 119.682106 60.810585 41.116047 1.475528 6.545085 -1
0 101.061600 60.810585 76.136086 0.524472 6.545085 -1
0 112.113968 89.488991 38.510159 1.445503 7.269953 -1
0 94.669106 89.488991 71.318878 0.554497 7.269953 -1
0 101.780533 115.955994 34.952023 1.404508 7.938926 -1
0 85.940994 115.955994 64.741867 0.595492 7.938926 -1
0 88.936432 139.559921 30.529465 1.353553 8.535534 -1
0 75.092216 139.559921 56.566620 0.646446 8.535534 -1
0 73.897987 159.719696 25.351286 1.293892 9.045085 -1
0 62.389965 159.719696 46.994877 0.706107 9.045085 -1
0 57.035641 175.938705 19.545103 1.226995 9.455032 -1
0 48.147026 175.938705 36.262066 0.773004 9.455032 -1
0 38.764278 187.817642 13.253769 1.154509 9.755282 -1
0 32.714111 187.817642 24.632494 0.845491 9.755282 -1
0 -0.181985 -198.136765 -0.156468 1 0 -1
0 16.471066 -195.701263 12.392491 1.078217 0.061559 -1
0 11.778161 -195.701263 16.924398 0.921782 0.061559 -1
0 -0.181985 197.499557 -0.156468 1 10 -1
0 11.778168 195.064102 16.924402 0.921782 9.938442 -1
0 16.471033 195.064102 12.392473 1.078217 9.938442 -1
0 32.714115 -188.454849 24.632488 1.154508 0.244717 -1
0 23.443817 -188.454849 33.584690 0.845491 0.244717 -1
0 48.147064 -176.575912 36.262074 1.226995 0.544967 -1
0 34.527790 -176.575912 49.414124 0.773005 0.544967 -1
0 62.389999 -160.356903 46.994839 1.293892 0.954915 -1
0 44.756931 -160.356903 64.022911 0.706107 0.954915 -1
0 75.092171 -140.197144 56.566685 1.353553 1.464466 -1
0 53.879662 -140.197144 77.051559 0.646446 1.464466 -1
0 85.941025 -116.593170 64.741913 1.404508 2.061074 -1
0 61.671162 -116.593170 88.178955 0.595492 2.061074 -1
0 94.669189 -90.126160 71.318977 1.445503 2.730047 -1
0 67.939720 -90.126160 97.131340 0.554497 2.730047 -1
0 101.061668 -61.447765 76.136063 1.475528 3.454915 -1
0 72.530807 -61.447765 103.688126 0.524472 3.454915 -1
0 104.961258 -31.264187 79.074638 1.493844 4.217828 -1
0 75.331360 -31.264187 107.687698 0.506155 4.217828 -1
0 106.271980 -0.318590 80.062424 1.500000 5 -1
0 76.272842 -0.318590 109.032249 0.500000 5 -1
0 104.961258 30.626972 79.074638 1.493844 5.782172 -1
0 75.331360 30.626972 107.687698 0.506155 5.782172 -1
0 101.061668 60.810585 76.136063 1.475528 6.545085 -1
0 72.530815 60.810585 103.688080 0.524472 6.545085 -1
0 94.669144 89.488991 71.318939 1.445503 7.269953 -1
0 67.939705 89.488991 97.131340 0.554497 7.269953 -1
0 85.941025 115.955994 64.741913 1.404508 7.938926 -1
0 61.671162 115.955994 88.178955 0.595492 7.938926 -1
0 75.092171 139.559921 56.566685 1.353553 8.535534 -1
0 53.879662 139.559921 77.051559 0.646446 8.535534 -1
0 62.389977 159.719696 46.994820 1.293892 9.045085 -1
0 44.756901 159.719696 64.022881 0.706107 9.045085 -1
0 48.147064 175.938705 36.262074 1.226995 9.455032 -1
0 34.527740 175.938705 49.414146 0.773004 9.455032 -1
0 32.714115 187.817642 24.632488 1.154509 9.755282 -1
0 23.443817 187.817642 33.584690 0.845491 9.755282 -1
800
0.016344 -0.993080 0.116296
0.031994 -0.973218 0.227647
0.037147 -0.963720 0.264316
0.016344 0.993080 0.116294
0.037147 0.963720 0.264317
0.031994 0.973218 0.227647
0.060719 -0.899810 0.432035
0.060719 -0.899810 0.432035
0.084275 -0.795813 0.599650
0.084275 -0.795813 0.599650
0.102372 -0.677443 0.728417
0.102372 -0.677443 0.728417
0.115690 -0.555867 0.823181
0.115690 -0.555867 0.823181
0.125193 -0.436816 0.890797
0.125193 -0.436816 0.890796
0.131749 -0.322261 0.937438
0.131748 -0.322261 0.937438
0.136006 -0.212089 0.967740
0.136006 -0.212089 0.967740
0.138400 -0.105189 0.984775
0.138400 -0.105189 0.984774
0.139172 0 0.990268
0.139172 0 0.990268
0.138400 0.105189 0.984775
0.138400 0.105189 0.984774
0.136006 0.212089 0.967740
0.136006 0.212089 0.967740
0.131749 0.322261 0.937438
0.131748 0.322261 0.937438
0.125193 0.436816 0.890796
0.125193 0.436816 0.890796
0.115690 0.555867 0.823181
0.115690 0.555867 0.823181
0.102372 0.677443 0.728417
0.102372 0.677443 0.728417
0.084274 0.795813 0.599650
0.084275 0.795813 0.599650
0.060719 0.899810 0.432036
0.060719 0.899810 0.432036
-0.020393 -0.993080 0.115654
-0.039919 -0.973218 0.226391
-0.046349 -0.963721 0.262859
-0.020392 0.993080 0.115652
-0.046349 0.963720 0.262859
-0.039919 0.973218 0.226391
-0.075759 -0.899810 0.429653
-0.075759 -0.899810 0.429653
-0.105152 -0.795813 0.596343
-0.105151 -0.795813 0.596343
-0.127731 -0.677443 0.724400
-0.127730 -0.677443 0.724400
-0.144348 -0.555867 0.818642
-0.144348 -0.555867 0.818642
-0.156205 -0.436816 0.885885
-0.156204 -0.436816 0.885885
-0.164385 -0.322262 0.932269
-0.164384 -0.322261 0.932269
-0.169698 -0.212089 0.962404
-0.169699 -0.212089 0.962403
-0.172684 -0.105189 0.979344
-0.172685 -0.105189 0.979344
-0.173649 0 0.984808
-0.173650 0 0.984807
-0.172684 0.105189 0.979344
-0.172685 0.105189 0.979344
-0.169698 0.212089 0.962404
-0.169699 0.212089 0.962403
-0.164384 0.322262 0.932269
-0.164384 0.322261 0.932269
-0.156204 0.436816 0.885885
-0.156204 0.436816 0.885885
-0.144348 0.555868 0.818642
-0.144348 0.555868 0.818642
-0.127731 0.677443 0.724400
-0.127730 0.677443 0.724400
-0.105153 0.795813 0.596343
-0.105152 0.795813 0.596343
-0.075760 0.899810 0.429654
-0.075759 0.899810 0.429654
0.051482 -0.993080 0.105553
0.100774 -0.973218 0.206618
0.117007 -0.963721 0.239900
0.051481 0.993080 0.105551
0.117007 0.963720 0.239901
0.100774 0.973218 0.206618
0.191253 -0.899810 0.392127
0.191253 -0.899810 0.392127
0.265452 -0.795813 0.544258
0.265452 -0.795813 0.544258
0.322455 -0.677443 0.661130
0.322455 -0.677443 0.661130
0.364405 -0.555867 0.747141
0.364406 -0.555867 0.747141
0.394338 -0.436816 0.808511
0.394338 -0.436816 0.808511
0.414985 -0.322261 0.850844
0.414985 -0.322261 0.850844
0.428399 -0.212089 0.878346
0.428399 -0.212089 0.878347
0.435940 -0.105190 0.893807
0.435939 -0.105189 0.893808
0.438371 0 0.898794
0.438369 0 0.898795
0.435940 0.105190 0.893807
0.435939 0.105189 0.893808
0.428399 0.212089 0.878346
0.428399 0.212089 0.878347
0.414985 0.322261 0.850844
0.414985 0.322261 0.850844
0.394338 0.436816 0.808511
0.394337 0.436817 0.808510
0.364405 0.555868 0.747141
0.364406 0.555868 0.747141
0.322455 0.677443 0.661130
0.322456 0.677443 0.661130
0.265452 0.795813 0.544258
0.265452 0.795813 0.544258
0.191253 0.899810 0.392128
0.191253 0.899810 0.392128
-0.084478 -0.993080 0.081580
-0.165364 -0.973218 0.159691
-0.192001 -0.963721 0.185414
-0.084477 0.993080 0.081578
-0.192002 0.963720 0.185414
-0.165364 0.973218 0.159690
-0.313834 -0.899810 0.303066
-0.313834 -0.899810 0.303066
-0.435591 -0.795813 0.420645
-0.435591 -0.795813 0.420645
-0.529128 -0.677443 0.510974
-0.529128 -0.677443 0.510974
-0.597966 -0.555868 0.577449
-0.597966 -0.555868 0.577450
-0.647083 -0.436816 0.624881
-0.647083 -0.436816 0.624881
-0.680964 -0.322260 0.657599
-0.680964 -0.322260 0.657599
-0.702975 -0.212089 0.678855
-0.702975 -0.212089 0.678855
-0.715348 -0.105190 0.690805
-0.715348 -0.105190 0.690805
-0.719339 0 0.694659
-0.719340 0 0.694658
-0.715348 0.105190 0.690805
-0.715349 0.105190 0.690805
-0.702975 0.212089 0.678855
-0.702975 0.212089 0.678855
-0.680964 0.322260 0.657599
-0.680964 0.322260 0.657599
-0.647082 0.436816 0.624881
-0.647082 0.436816 0.624881
-0.597966 0.555868 0.577449
-0.597966 0.555868 0.577450
-0.529128 0.677443 0.510974
-0.529127 0.677443 0.510974
-0.435592 0.795812 0.420645
-0.435591 0.795813 0.420645
-0.313835 0.899810 0.303067
-0.313835 0.899810 0.303067
-0.105553 -0.993080 0.051482
-0.206618 -0.973218 0.100774
-0.239900 -0.963721 0.117007
-0.105551 0.993080 0.051481
-0.239901 0.963720 0.117007
-0.206618 0.973218 0.100775
-0.392127 -0.899810 0.191253
-0.392127 -0.899811 0.191252
-0.544258 -0.795813 0.265453
-0.544258 -0.795813 0.265452
-0.661130 -0.677443 0.322455
-0.661130 -0.677444 0.322455
-0.747141 -0.555868 0.364406
-0.747141 -0.555868 0.364406
-0.808511 -0.436816 0.394338
-0.808511 -0.436816 0.394338
-0.850845 -0.322261 0.414983
-0.850844 -0.322261 0.414984
-0.878347 -0.212089 0.428398
-0.878347 -0.212089 0.428398
-0.893808 -0.105189 0.435938
-0.893808 -0.105189 0.435938
-0.898795 0 0.438370
-0.898795 0 0.438370
-0.893808 0.105189 0.435938
-0.893808 0.105189 0.435938
-0.878347 0.212089 0.428398
-0.878347 0.212089 0.428398
-0.850844 0.322261 0.414983
-0.850844 0.322261 0.414984
-0.808511 0.436816 0.394337
-0.808511 0.436816 0.394338
-0.747141 0.555868 0.364406
-0.747141 0.555868 0.364406
-0.661130 0.677443 0.322455
-0.661130 0.677444 0.322455
-0.544259 0.795813 0.265452
-0.544258 0.795813 0.265452
-0.392128 0.899810 0.191253
-0.392128 0.899810 0.191253
-0.055134 -0.993080 0.103692
-0.107923 -0.973218 0.202975
-0.125308 -0.963721 0.235670
-0.055133 0.993080 0.103690
-0.125308 0.963720 0.235671
-0.107923 0.973218 0.202975
-0.204821 -0.899811 0.385213
-0.204822 -0.899811 0.385213
-0.284285 -0.795813 0.534662
-0.284285 -0.795813 0.534662
-0.345331 -0.677443 0.649474
-0.345331 -0.677443 0.649474
-0.390257 -0.555868 0.733969
-0.390257 -0.555868 0.733969
-0.422313 -0.436817 0.794256
-0.422313 -0.436817 0.794256
-0.444425 -0.322261 0.835843
-0.444425 -0.322261 0.835843
-0.458791 -0.212088 0.862861
-0.458791 -0.212088 0.862861
-0.466866 -0.105191 0.878049
-0.466867 -0.105190 0.878049
-0.469472 0 0.882947
-0.469473 0 0.882947
-0.466866 0.105191 0.878049
-0.466867 0.105190 0.878049
-0.458791 0.212088 0.862861
-0.458792 0.212088 0.862861
-0.444425 0.322261 0.835843
-0.444425 0.322261 0.835843
-0.422313 0.436817 0.794256
-0.422313 0.436817 0.794256
-0.390257 0.555868 0.733969
-0.390257 0.555868 0.733969
-0.345331 0.677443 0.649475
-0.345331 0.677443 0.649474
-0.284285 0.795813 0.534662
-0.284285 0.795813 0.534662
-0.204822 0.899810 0.385214
-0.204822 0.899810 0.385214
-0.115654 -0.993080 -0.020393
-0.226391 -0.973218 -0.039920
-0.262858 -0.963721 -0.046350
-0.115652 0.993080 -0.020393
-0.262858 0.963721 -0.046350
-0.226390 0.973218 -0.039919
-0.429652 -0.899811 -0.075760
-0.429652 -0.899811 -0.075760
-0.596343 -0.795813 -0.105151
-0.596342 -0.795814 -0.105151
-0.724400 -0.677444 -0.127730
-0.724400 -0.677444 -0.127730
-0.818641 -0.555869 -0.144348
-0.818641 -0.555869 -0.144348
-0.885884 -0.436818 -0.156204
-0.885884 -0.436817 -0.156204
-0.932269 -0.322262 -0.164385
-0.932269 -0.322261 -0.164384
-0.962404 -0.212088 -0.169698
-0.962404 -0.212088 -0.169698
-0.979344 -0.105191 -0.172685
-0.979344 -0.105191 -0.172685
-0.984808 0 -0.173649
-0.984808 0 -0.173649
-0.979344 0.105191 -0.172685
-0.979344 0.105191 -0.172685
-0.962404 0.212088 -0.169699
-0.962404 0.212088 -0.169699
-0.932269 0.322262 -0.164386
-0.932269 0.322261 -0.164385
-0.885884 0.436818 -0.156205
-0.885884 0.436818 -0.156204
-0.818641 0.555869 -0.144348
-0.818641 0.555869 -0.144347
-0.724400 0.677444 -0.127730
-0.724400 0.677444 -0.127729
-0.596343 0.795813 -0.105152
-0.596342 0.795813 -0.105151
-0.429653 0.899810 -0.075760
-0.429653 0.899810 -0.075760
-0.103692 -0.993080 -0.055134
-0.202975 -0.973218 -0.107923
-0.235670 -0.963721 -0.125308
-0.103690 0.993080 -0.055132
-0.235671 0.963721 -0.125307
-0.202975 0.973218 -0.107922
-0.385213 -0.899811 -0.204821
-0.385212 -0.899811 -0.204821
-0.534662 -0.795814 -0.284284
-0.534662 -0.795814 -0.284284
-0.649474 -0.677444 -0.345330
-0.649474 -0.677444 -0.345330
-0.733968 -0.555870 -0.390257
-0.733968 -0.555869 -0.390257
-0.794255 -0.436818 -0.422313
-0.794255 -0.436818 -0.422314
-0.835843 -0.322261 -0.444426
-0.835843 -0.322261 -0.444426
-0.862861 -0.212087 -0.458792
-0.862861 -0.212087 -0.458792
-0.878048 -0.105191 -0.466869
-0.878048 -0.105191 -0.466868
-0.882947 0 -0.469473
-0.882947 0 -0.469473
-0.878048 0.105191 -0.466869
-0.878048 0.105191 -0.466868
-0.862861 0.212088 -0.458792
-0.862861 0.212087 -0.458792
-0.835843 0.322261 -0.444426
-0.835843 0.322261 -0.444426
-0.794255 0.436818 -0.422313
-0.794255 0.436818 -0.422314
-0.733968 0.555870 -0.390256
-0.733968 0.555870 -0.390257
-0.649473 0.677444 -0.345331
-0.649473 0.677445 -0.345331
-0.534662 0.795814 -0.284285
-0.534662 0.795814 -0.284285
-0.385214 0.899810 -0.204821
-0.385214 0.899810 -0.204822
-0.116295 -0.993080 0.016344
-0.227646 -0.973218 0.031994
-0.264315 -0.963721 0.037147
-0.116293 0.993080 0.016344
-0.264315 0.963721 0.037148
-0.227645 0.973218 0.031994
-0.432034 -0.899811 0.060718
-0.432035 -0.899811 0.060719
-0.599648 -0.795814 0.084273
-0.599648 -0.795814 0.084274
-0.728415 -0.677445 0.102371
-0.728415 -0.677445 0.102370
-0.823182 -0.555867 0.115691
-0.823181 -0.555867 0.115690
-0.890796 -0.436818 0.125194
-0.890796 -0.436818 0.125194
-0.937437 -0.322263 0.131749
-0.937437 -0.322263 0.131749
-0.967740 -0.212088 0.136008
-0.967740 -0.212089 0.136008
-0.984774 -0.105193 0.138402
-0.984774 -0.105192 0.138402
-0.990268 0 0.139174
-0.990268 0 0.139173
-0.984774 0.105192 0.138402
-0.984774 0.105192 0.138402
-0.967740 0.212088 0.136008
-0.967740 0.212088 0.136007
-0.937437 0.322264 0.131749
-0.937437 0.322263 0.131749
-0.890795 0.436818 0.125194
-0.890795 0.436818 0.125194
-0.823181 0.555868 0.115691
-0.823181 0.555868 0.115691
-0.728415 0.677444 0.102372
-0.728415 0.677444 0.102373
-0.599649 0.795813 0.084274
-0.599649 0.795814 0.084275
-0.432035 0.899811 0.060719
-0.432035 0.899810 0.060719
-0.051481 -0.993080 -0.105553
-0.100773 -0.973218 -0.206618
-0.117006 -0.963721 -0.239900
-0.051480 0.993080 -0.105551
-0.117007 0.963721 -0.239900
-0.100773 0.973218 -0.206618
-0.191252 -0.899811 -0.392126
-0.191252 -0.899811 -0.392125
-0.265454 -0.795813 -0.544257
-0.265453 -0.795813 -0.544257
-0.322456 -0.677444 -0.661129
-0.322456 -0.677444 -0.661129
-0.364406 -0.555870 -0.747140
-0.364406 -0.555870 -0.747140
-0.394337 -0.436818 -0.808510
-0.394338 -0.436817 -0.808510
-0.414982 -0.322262 -0.850845
-0.414983 -0.322262 -0.850844
-0.428398 -0.212088 -0.878347
-0.428398 -0.212089 -0.878347
-0.435939 -0.105190 -0.893808
-0.435939 -0.105190 -0.893808
-0.438371 0 -0.898794
-0.438371 0 -0.898794
-0.435939 0.105190 -0.893808
-0.435939 0.105191 -0.893808
-0.428397 0.212088 -0.878348
-0.428397 0.212089 -0.878347
-0.414982 0.322262 -0.850845
-0.414983 0.322261 -0.850845
-0.394337 0.436818 -0.808510
-0.394338 0.436817 -0.808510
-0.364406 0.555870 -0.747139
-0.364406 0.555870 -0.747139
-0.322455 0.677444 -0.661129
-0.322456 0.677444 -0.661129
-0.265452 0.795813 -0.544258
-0.265452 0.795813 -0.544258
-0.191253 0.899810 -0.392127
-0.191253 0.899810 -0.392127
-0.016344 -0.993080 -0.116295
-0.031994 -0.973218 -0.227645
-0.037147 -0.963721 -0.264315
-0.016345 0.993080 -0.116293
-0.037148 0.963721 -0.264315
-0.031995 0.973218 -0.227645
-0.060718 -0.899811 -0.432034
-0.060718 -0.899811 -0.432034
-0.084276 -0.795814 -0.599648
-0.084275 -0.795814 -0.599648
-0.102373 -0.677444 -0.728415
-0.102373 -0.677444 -0.728415
-0.115691 -0.555870 -0.823179
-0.115691 -0.555870 -0.823180
-0.125193 -0.436819 -0.890795
-0.125193 -0.436819 -0.890795
-0.131748 -0.322261 -0.937438
-0.131748 -0.322261 -0.937438
-0.136007 -0.212087 -0.967740
-0.136008 -0.212086 -0.967740
-0.138399 -0.105192 -0.984774
-0.138400 -0.105191 -0.984774
-0.139171 0 -0.990268
-0.139171 0 -0.990268
-0.138399 0.105192 -0.984774
-0.138399 0.105191 -0.984774
-0.136006 0.212087 -0.967740
-0.136006 0.212086 -0.967741
-0.131750 0.322261 -0.937438
-0.131749 0.322261 -0.937438
-0.125194 0.436818 -0.890795
-0.125193 0.436819 -0.890795
-0.115691 0.555871 -0.823179
-0.115691 0.555870 -0.823179
-0.102373 0.677444 -0.728415
-0.102373 0.677445 -0.728415
-0.084275 0.795813 -0.599649
-0.084275 0.795813 -0.599649
-0.060719 0.899811 -0.432035
-0.060718 0.899810 -0.432035
-0.081579 -0.993080 -0.084478
-0.159690 -0.973218 -0.165363
-0.185413 -0.963721 -0.192000
-0.081578 0.993080 -0.084476
-0.185413 0.963721 -0.192000
-0.159690 0.973218 -0.165363
-0.303065 -0.899811 -0.313834
-0.303065 -0.899811 -0.313834
-0.420643 -0.795814 -0.435591
-0.420644 -0.795814 -0.435591
-0.510971 -0.677445 -0.529128
-0.510971 -0.677445 -0.529128
-0.577449 -0.555868 -0.597966
-0.577449 -0.555868 -0.597966
-0.624880 -0.436818 -0.647082
-0.624881 -0.436817 -0.647081
-0.657597 -0.322263 -0.680965
-0.657598 -0.322263 -0.680963
-0.678855 -0.212088 -0.702975
-0.678856 -0.212089 -0.702974
-0.690804 -0.105194 -0.715349
-0.690804 -0.105193 -0.715349
-0.694658 0 -0.719340
-0.694658 0 -0.719341
-0.690804 0.105194 -0.715349
-0.690804 0.105193 -0.715349
-0.678856 0.212088 -0.702975
-0.678856 0.212088 -0.702974
-0.657597 0.322263 -0.680964
-0.657598 0.322263 -0.680963
-0.624880 0.436819 -0.647082
-0.624881 0.436818 -0.647081
-0.577449 0.555868 -0.597966
-0.577449 0.555869 -0.597966
-0.510972 0.677445 -0.529128
-0.510972 0.677445 -0.529128
-0.420644 0.795813 -0.435591
-0.420645 0.795813 -0.435591
-0.303066 0.899811 -0.313834
-0.303066 0.899811 -0.313834
0.055134 -0.993080 -0.103691
0.107925 -0.973218 -0.202974
0.125309 -0.963721 -0.235669
0.055133 0.993080 -0.103689
0.125309 0.963721 -0.235670
0.107924 0.973218 -0.202974
0.204821 -0.899811 -0.385212
0.204821 -0.899811 -0.385212
0.284284 -0.795813 -0.534662
0.284284 -0.795814 -0.534662
0.345330 -0.677444 -0.649474
0.345329 -0.677444 -0.649474
0.390256 -0.555871 -0.733967
0.390256 -0.555870 -0.733967
0.422313 -0.436818 -0.794255
0.422313 -0.436818 -0.794255
0.444427 -0.322261 -0.835842
0.444426 -0.322261 -0.835843
0.458792 -0.212088 -0.862861
0.458792 -0.212089 -0.862860
0.466865 -0.105191 -0.878050
0.466866 -0.105192 -0.878049
0.469470 0 -0.882948
0.469471 0 -0.882948
0.466865 0.105191 -0.878050
0.466866 0.105191 -0.878049
0.458792 0.212088 -0.862861
0.458792 0.212089 -0.862860
0.444427 0.322261 -0.835842
0.444427 0.322261 -0.835842
0.422313 0.436819 -0.794255
0.422313 0.436818 -0.794255
0.390256 0.555871 -0.733967
0.390256 0.555871 -0.733967
0.345330 0.677444 -0.649474
0.345329 0.677444 -0.649474
0.284286 0.795813 -0.534662
0.284285 0.795813 -0.534662
0.204822 0.899811 -0.385213
0.204821 0.899811 -0.385213
0.084478 -0.993080 -0.081579
0.165363 -0.973218 -0.159690
0.192000 -0.963721 -0.185413
0.084476 0.993080 -0.081578
0.192000 0.963721 -0.185414
0.165362 0.973219 -0.159691
0.313833 -0.899811 -0.303065
0.313833 -0.899811 -0.303064
0.435589 -0.795814 -0.420645
0.435589 -0.795814 -0.420645
0.529127 -0.677445 -0.510973
0.529127 -0.677445 -0.510973
0.597964 -0.555870 -0.577449
0.597964 -0.555870 -0.577449
0.647082 -0.436819 -0.624880
0.647082 -0.436818 -0.624880
0.680964 -0.322261 -0.657598
0.680964 -0.322261 -0.657598
0.702976 -0.212088 -0.678854
0.702976 -0.212087 -0.678855
0.715351 -0.105192 -0.690802
0.715351 -0.105191 -0.690803
0.719342 0 -0.694656
0.719342 0 -0.694656
0.715351 0.105192 -0.690802
0.715351 0.105191 -0.690803
0.702976 0.212088 -0.678855
0.702976 0.212087 -0.678855
0.680962 0.322261 -0.657600
0.680963 0.322261 -0.657599
0.647081 0.436819 -0.624880
0.647082 0.436819 -0.624879
0.597963 0.555871 -0.577449
0.597964 0.555871 -0.577448
0.529127 0.677445 -0.510973
0.529127 0.677445 -0.510973
0.435590 0.795814 -0.420645
0.435590 0.795814 -0.420645
0.313833 0.899811 -0.303066
0.313834 0.899811 -0.303065
0.020393 -0.993080 -0.115654
0.039918 -0.973218 -0.226390
0.046349 -0.963721 -0.262857
0.020392 0.993080 -0.115652
0.046348 0.963721 -0.262857
0.039918 0.973219 -0.226390
0.075760 -0.899811 -0.429651
0.075760 -0.899811 -0.429651
0.105152 -0.795814 -0.596341
0.105153 -0.795814 -0.596342
0.127733 -0.677446 -0.724398
0.127734 -0.677446 -0.724397
0.144350 -0.555867 -0.818642
0.144349 -0.555869 -0.818641
0.156204 -0.436818 -0.885884
0.156202 -0.436818 -0.885884
0.164385 -0.322264 -0.932268
0.164384 -0.322264 -0.932268
0.169698 -0.212087 -0.962404
0.169697 -0.212088 -0.962404
0.172684 -0.105195 -0.979344
0.172685 -0.105194 -0.979344
0.173649 0 -0.984808
0.173650 0 -0.984807
0.172684 0.105195 -0.979344
0.172685 0.105194 -0.979344
0.169698 0.212088 -0.962404
0.169697 0.212089 -0.962404
0.164386 0.322264 -0.932268
0.164384 0.322263 -0.932268
0.156205 0.436818 -0.885884
0.156202 0.436818 -0.885884
0.144349 0.555869 -0.818641
0.144348 0.555869 -0.818641
0.127732 0.677445 -0.724398
0.127732 0.677445 -0.724398
0.105152 0.795813 -0.596342
0.105152 0.795813 -0.596342
0.075759 0.899811 -0.429652
0.075760 0.899811 -0.429652
0.116295 -0.993080 -0.016343
0.227646 -0.973218 -0.031992
0.264314 -0.963721 -0.037146
0.116293 0.993080 -0.016343
0.264315 0.963721 -0.037146
0.227645 0.973218 -0.031992
0.432033 -0.899811 -0.060718
0.432033 -0.899812 -0.060718
0.599648 -0.795814 -0.084277
0.599648 -0.795814 -0.084276
0.728415 -0.677445 -0.102373
0.728415 -0.677445 -0.102373
0.823178 -0.555872 -0.115691
0.823178 -0.555871 -0.115691
0.890795 -0.436819 -0.125193
0.890796 -0.436818 -0.125192
0.937438 -0.322261 -0.131747
0.937438 -0.322261 -0.131748
0.967740 -0.212089 -0.136008
0.967739 -0.212090 -0.136008
0.984774 -0.105192 -0.138404
0.984774 -0.105193 -0.138403
0.990268 0 -0.139176
0.990268 0 -0.139177
0.984774 0.105192 -0.138404
0.984774 0.105193 -0.138403
0.967740 0.212088 -0.136007
0.967739 0.212090 -0.136008
0.937439 0.322261 -0.131746
0.937438 0.322261 -0.131747
0.890795 0.436819 -0.125192
0.890795 0.436818 -0.125192
0.823178 0.555872 -0.115691
0.823178 0.555872 -0.115691
0.728415 0.677445 -0.102373
0.728415 0.677445 -0.102373
0.599649 0.795814 -0.084275
0.599649 0.795814 -0.084275
0.432034 0.899811 -0.060718
0.432034 0.899811 -0.060718
0.115654 -0.993080 0.020393
0.226390 -0.973218 0.039918
0.262857 -0.963721 0.046348
0.115652 0.993080 0.020391
0.262857 0.963721 0.046347
0.226390 0.973219 0.039916
0.429651 -0.899812 0.075758
0.429651 -0.899812 0.075759
0.596342 -0.795814 0.105150
0.596342 -0.795814 0.105150
0.724398 -0.677445 0.127730
0.724398 -0.677446 0.127730
0.818640 -0.555871 0.144345
0.818640 -0.555871 0.144347
0.885883 -0.436819 0.156204
0.885883 -0.436818 0.156206
0.932269 -0.322261 0.164383
0.932269 -0.322262 0.164384
0.962404 -0.212088 0.169698
0.962404 -0.212087 0.169697
0.979343 -0.105192 0.172688
0.979344 -0.105192 0.172686
0.984807 0 0.173650
0.984808 0 0.173648
0.979343 0.105192 0.172688
0.979344 0.105192 0.172686
0.962404 0.212088 0.169698
0.962404 0.212087 0.169698
0.932269 0.322261 0.164383
0.932269 0.322262 0.164384
0.885883 0.436819 0.156204
0.885883 0.436819 0.156206
0.818640 0.555872 0.144345
0.818640 0.555872 0.144347
0.724398 0.677445 0.127730
0.724398 0.677446 0.127731
0.596342 0.795814 0.105150
0.596342 0.795814 0.105150
0.429652 0.899811 0.075758
0.429652 0.899811 0.075759
0.105552 -0.993080 -0.051482
0.206616 -0.973219 -0.100774
0.239898 -0.963721 -0.117007
0.105550 0.993080 -0.051481
0.239898 0.963721 -0.117007
0.206616 0.973219 -0.100774
0.392125 -0.899812 -0.191252
0.392125 -0.899811 -0.191252
0.544257 -0.795814 -0.265451
0.544257 -0.795814 -0.265451
0.661129 -0.677446 -0.322452
0.661129 -0.677446 -0.322451
0.747141 -0.555868 -0.364404
0.747140 -0.555870 -0.364404
0.808510 -0.436817 -0.394338
0.808509 -0.436817 -0.394339
0.850844 -0.322264 -0.414982
0.850844 -0.322263 -0.414984
0.878347 -0.212089 -0.428398
0.878347 -0.212090 -0.428398
0.893807 -0.105197 -0.435940
0.893807 -0.105196 -0.435939
0.898794 0 -0.438371
0.898794 0 -0.438370
0.893807 0.105197 -0.435940
0.893807 0.105196 -0.435939
0.878347 0.212089 -0.428398
0.878347 0.212090 -0.428398
0.850844 0.322264 -0.414983
0.850843 0.322263 -0.414984
0.808510 0.436818 -0.394338
0.808509 0.436818 -0.394339
0.747140 0.555869 -0.364404
0.747140 0.555871 -0.364404
0.661129 0.677446 -0.322452
0.661129 0.677446 -0.322451
0.544257 0.795814 -0.265451
0.544258 0.795813 -0.265451
0.392125 0.899811 -0.191253
0.392125 0.899811 -0.191253
0.103691 -0.993080 0.055135
0.202973 -0.973218 0.107925
0.235668 -0.963721 0.125308
0.103689 0.993080 0.055133
0.235669 0.963721 0.125308
0.202973 0.973219 0.107924
0.385211 -0.899812 0.204821
0.385211 -0.899812 0.204820
0.534662 -0.795814 0.284283
0.534662 -0.795814 0.284283
0.649473 -0.677445 0.345330
0.649474 -0.677445 0.345329
0.733966 -0.555872 0.390257
0.733966 -0.555872 0.390256
0.794255 -0.436819 0.422313
0.794255 -0.436818 0.422313
0.835842 -0.322260 0.444427
0.835843 -0.322260 0.444427
0.862861 -0.212090 0.458791
0.862860 -0.212092 0.458791
0.878051 -0.105193 0.466864
0.878050 -0.105194 0.466865
0.882949 0 0.469469
0.882949 0 0.469470
0.878051 0.105193 0.466864
0.878050 0.105194 0.466865
0.862861 0.212089 0.458791
0.862860 0.212091 0.458791
0.835842 0.322260 0.444429
0.835842 0.322260 0.444427
0.794254 0.436820 0.422314
0.794255 0.436819 0.422313
0.733966 0.555872 0.390257
0.733966 0.555872 0.390256
0.649473 0.677445 0.345330
0.649474 0.677445 0.345329
0.534661 0.795814 0.284286
0.534661 0.795814 0.284285
0.385212 0.899811 0.204822
0.385212 0.899811 0.204821
0.081579 -0.993080 0.084477
0.159690 -0.973219 0.165363
0.185412 -0.963721 0.192000
0.081578 0.993080 0.084475
0.185413 0.963721 0.191999
0.159690 0.973219 0.165361
0.303065 -0.899812 0.313832
0.303064 -0.899812 0.313833
0.420645 -0.795814 0.435588
0.420644 -0.795814 0.435589
0.510973 -0.677446 0.529126
0.510972 -0.677446 0.529126
0.577450 -0.555872 0.597961
0.577448 -0.555872 0.597963
0.624880 -0.436819 0.647081
0.624879 -0.436818 0.647083
0.657599 -0.322260 0.680964
0.657599 -0.322261 0.680963
0.678855 -0.212089 0.702975
0.678857 -0.212088 0.702974
0.690802 -0.105193 0.715351
0.690804 -0.105192 0.715350
0.694657 0 0.719341
0.694658 0 0.719340
0.690802 0.105193 0.715351
0.690803 0.105193 0.715350
0.678855 0.212090 0.702975
0.678856 0.212088 0.702974
0.657600 0.322260 0.680963
0.657599 0.322261 0.680963
0.624880 0.436819 0.647081
0.624878 0.436819 0.647083
0.577450 0.555873 0.597961
0.577448 0.555872 0.597963
0.510973 0.677446 0.529126
0.510971 0.677446 0.529126
0.420645 0.795814 0.435589
0.420644 0.795814 0.435590
0.303066 0.899811 0.313832
0.303065 0.899811 0.313833
760
0 0 1 2 0 1 2 1
0 3 4 5 3 4 5 1
0 1 6 2 1 6 2 1
0 6 7 2 6 7 2 1
0 6 8 9 6 8 9 1
0 6 9 7 6 9 7 1
0 8 10 9 8 10 9 1
0 10 11 9 10 11 9 1
0 10 12 13 10 12 13 1
0 10 13 11 10 13 11 1
0 12 14 13 12 14 13 1
0 14 15 13 14 15 13 1
0 14 16 17 14 16 17 1
0 14 17 15 14 17 15 1
0 16 18 17 16 18 17 1
0 18 19 17 18 19 17 1
0 18 20 21 18 20 21 1
0 18 21 19 18 21 19 1
0 20 22 21 20 22 21 1
0 22 23 21 22 23 21 1
0 22 24 25 22 24 25 1
0 22 25 23 22 25 23 1
0 24 26 25 24 26 25 1
0 26 27 25 26 27 25 1
0 26 28 29 26 28 29 1
0 26 29 27 26 29 27 1
0 28 30 29 28 30 29 1
0 30 31 29 30 31 29 1
0 30 32 33 30 32 33 1
0 30 33 31 30 33 31 1
0 32 34 33 32 34 33 1
0 34 35 33 34 35 33 1
0 34 36 37 34 36 37 1
0 34 37 35 34 37 35 1
0 36 38 37 36 38 37 1
0 38 39 37 38 39 37 1
0 38 5 4 38 5 4 1
0 38 4 39 38 4 39 1
0 40 41 42 40 41 42 1
0 43 44 45 43 44 45 1
0 41 46 42 41 46 42 1
0 46 47 42 46 47 42 1
0 46 48 49 46 48 49 1
0 46 49 47 46 49 47 1
0 48 50 49 48 50 49 1
0 50 51 49 50 51 49 1
0 50 52 53 50 52 53 1
0 50 53 51 50 53 51 1
0 52 54 53 52 54 53 1
0 54 55 53 54 55 53 1
0 54 56 57 54 56 57 1
0 54 57 55 54 57 55 1
0 56 58 57 56 58 57 1
0 58 59 57 58 59 57 1
0 58 60 61 58 60 61 1
0 58 61 59 58 61 59 1
0 60 62 61 60 62 61 1
0 62 63 61 62 63 61 1
0 62 64 65 62 64 65 1
0 62 65 63 62 65 63 1
0 64 66 65 64 66 65 1
0 66 67 65 66 67 65 1
0 66 68 69 66 68 69 1
0 66 69 67 66 69 67 1
0 68 70 69 68 70 69 1
0 70 71 69 70 71 69 1
0 70 72 73 70 72 73 1
0 70 73 71 70 73 71 1
0 72 74 73 72 74 73 1
0 74 75 73 74 75 73 1
0 74 76 77 74 76 77 1
0 74 77 75 74 77 75 1
0 76 78 77 76 78 77 1
0 78 79 77 78 79 77 1
0 78 45 44 78 45 44 1
0 78 44 79 78 44 79 1
0 80 81 82 80 81 82 1
0 83 84 85 83 84 85 1
0 81 86 82 81 86 82 1
0 86 87 82 86 87 82 1
0 86 88 89 86 88 89 1
0 86 89 87 86 89 87 1
0 88 90 89 88 90 89 1
0 90 91 89 90 91 89 1
0 90 92 93 90 92 93 1
0 90 93 91 90 93 91 1
0 92 94 93 92 94 93 1
0 94 95 93 94 95 93 1
0 94 96 97 94 96 97 1
0 94 97 95 94 97 95 1
0 96 98 97 96 98 97 1
0 98 99 97 98 99 97 1
0 98 100 101 98 100 101 1
0 98 101 99 98 101 99 1
0 100 102 101 100 102 101 1
0 102 103 101 102 103 101 1
0 102 104 105 102 104 105 1
0 102 105 103 102 105 103 1
0 104 106 105 104 106 105 1
0 106 107 105 106 107 105 1
0 106 108 109 106 108 109 1
0 106 109 107 106 109 107 1
0 108 110 109 108 110 109 1
0 110 111 109 110 111 109 1
0 110 112 113 110 112 113 1
0 110 113 111 110 113 111 1
0 112 114 113 112 114 113 1
0 114 115 113 114 115 113 1
0 114 116 117 114 116 117 1
0 114 117 115 114 117 115 1
0 116 118 117 116 118 117 1
0 118 119 117 118 119 117 1
0 118 85 84 118 85 84 1
0 118 84 119 118 84 119 1
0 120 121 122 120 121 122 1
0 123 124 125 123 124 125 1
0 121 126 122 121 126 122 1
0 126 127 122 126 127 122 1
0 126 128 129 126 128 129 1
0 126 129 127 126 129 127 1
0 128 130 129 128 130 129 1
0 130 131 129 130 131 129 1
0 130 132 133 130 132 133 1
0 130 133 131 130 133 131 1
0 132 134 133 132 134 133 1
0 134 135 133 134 135 133 1
0 134 136 137 134 136 137 1
0 134 137 135 134 137 135 1
0 136 138 137 136 138 137 1
0 138 139 137 138 139 137 1
0 138 140 141 138 140 141 1
0 138 141 139 138 141 139 1
0 140 142 141 140 142 141 1
0 142 143 141 142 143 141 1
0 142 144 145 142 144 145 1
0 142 145 143 142 145 143 1
0 144 146 145 144 146 145 1
0 146 147 145 146 147 145 1
0 146 148 149 146 148 149 1
0 146 149 147 146 149 147 1
0 148 150 149 148 150 149 1
0 150 151 149 150 151 149 1
0 150 152 153 150 152 153 1
0 150 153 151 150 153 151 1
0 152 154 153 152 154 153 1
0 154 155 153 154 155 153 1
0 154 156 157 154 156 157 1
0 154 157 155 154 157 155 1
0 156 158 157 156 158 157 1
0 158 159 157 158 159 157 1
0 158 125 124 158 125 124 1
0 158 124 159 158 124 159 1
0 160 161 162 160 161 162 1
0 163 164 165 163 164 165 1
0 161 166 162 161 166 162 1
0 166 167 162 166 167 162 1
0 166 168 169 166 168 169 1
0 166 169 167 166 169 167 1
0 168 170 169 168 170 169 1
0 170 171 169 170 171 169 1
0 170 172 173 170 172 173 1
0 170 173 171 170 173 171 1
0 172 174 173 172 174 173 1
0 174 175 173 174 175 173 1
0 174 176 177 174 176 177 1
0 174 177 175 174 177 175 1
0 176 178 177 176 178 177 1
0 178 179 177 178 179 177 1
0 178 180 181 178 180 181 1
0 178 181 179 178 181 179 1
0 180 182 181 180 182 181 1
0 182 183 181 182 183 181 1
0 182 184 185 182 184 185 1
0 182 185 183 182 185 183 1
0 184 186 185 184 186 185 1
0 186 187 185 186 187 185 1
0 186 188 189 186 188 189 1
0 186 189 187 186 189 187 1
0 188 190 189 188 190 189 1
0 190 191 189 190 191 189 1
0 190 192 193 190 192 193 1
0 190 193 191 190 193 191 1
0 192 194 193 192 194 193 1
0 194 195 193 194 195 193 1
0 194 196 197 194 196 197 1
0 194 197 195 194 197 195 1
0 196 198 197 196 198 197 1
0 198 199 197 198 199 197 1
0 198 165 164 198 165 164 1
0 198 164 199 198 164 199 1
0 200 201 202 200 201 202 1
0 203 204 205 203 204 205 1
0 201 206 202 201 206 202 1
0 206 207 202 206 207 202 1
0 206 208 209 206 208 209 1
0 206 209 207 206 209 207 1
0 208 210 209 208 210 209 1
0 210 211 209 210 211 209 1
0 210 212 213 210 212 213 1
0 210 213 211 210 213 211 1
0 212 214 213 212 214 213 1
0 214 215 213 214 215 213 1
0 214 216 217 214 216 217 1
0 214 217 215 214 217 215 1
0 216 218 217 216 218 217 1
0 218 219 217 218 219 217 1
0 218 220 221 218 220 221 1
0 218 221 219 218 221 219 1
0 220 222 221 220 222 221 1
0 222 223 221 222 223 221 1
0 222 224 225 222 224 225 1
0 222 225 223 222 225 223 1
0 224 226 225 224 226 225 1
0 226 227 225 226 227 225 1
0 226 228 229 226 228 229 1
0 226 229 227 226 229 227 1
0 228 230 229 228 230 229 1
0 230 231 229 230 231 229 1
0 230 232 233 230 232 233 1
0 230 233 231 230 233 231 1
0 232 234 233 232 234 233 1
0 234 235 233 234 235 233 1
0 234 236 237 234 236 237 1
0 234 237 235 234 237 235 1
0 236 238 237 236 238 237 1
0 238 239 237 238 239 237 1
0 238 205 204 238 205 204 1
0 238 204 239 238 204 239 1
0 240 241 242 240 241 242 1
0 243 244 245 243 244 245 1
0 241 246 242 241 246 242 1
0 246 247 242 246 247 242 1
0 246 248 249 246 248 249 1
0 246 249 247 246 249 247 1
0 248 250 249 248 250 249 1
0 250 251 249 250 251 249 1
0 250 252 253 250 252 253 1
0 250 253 251 250 253 251 1
0 252 254 253 252 254 253 1
0 254 255 253 254 255 253 1
0 254 256 257 254 256 257 1
0 254 257 255 254 257 255 1
0 256 258 257 256 258 257 1
0 258 259 257 258 259 257 1
0 258 260 261 258 260 261 1
0 258 261 259 258 261 259 1
0 260 262 261 260 262 261 1
0 262 263 261 262 263 261 1
0 262 264 265 262 264 265 1
0 262 265 263 262 265 263 1
0 264 266 265 264 266 265 1
0 266 267 265 266 267 265 1
0 266 268 269 266 268 269 1
0 266 269 267 266 269 267 1
0 268 270 269 268 270 269 1
0 270 271 269 270 271 269 1
0 270 272 273 270 272 273 1
0 270 273 271 270 273 271 1
0 272 274 273 272 274 273 1
0 274 275 273 274 275 273 1
0 274 276 277 274 276 277 1
0 274 277 275 274 277 275 1
0 276 278 277 276 278 277 1
0 278 279 277 278 279 277 1
0 278 245 244 278 245 244 1
0 278 244 279 278 244 279 1
0 280 281 282 280 281 282 1
0 283 284 285 283 284 285 1
0 281 286 282 281 286 282 1
0 286 287 282 286 287 282 1
0 286 288 289 286 288 289 1
0 286 289 287 286 289 287 1
0 288 290 289 288 290 289 1
0 290 291 289 290 291 289 1
0 290 292 293 290 292 293 1
0 290 293 291 290 293 291 1
0 292 294 293 292 294 293 1
0 294 295 293 294 295 293 1
0 294 296 297 294 296 297 1
0 294 297 295 294 297 295 1
0 296 298 297 296 298 297 1
0 298 299 297 298 299 297 1
0 298 300 301 298 300 301 1
0 298 301 299 298 301 299 1
0 300 302 301 300 302 301 1
0 302 303 301 302 303 301 1
0 302 304 305 302 304 305 1
0 302 305 303 302 305 303 1
0 304 306 305 304 306 305 1
0 306 307 305 306 307 305 1
0 306 308 309 306 308 309 1
0 306 309 307 306 309 307 1
0 308 310 309 308 310 309 1
0 310 311 309 310 311 309 1
0 310 312 313 310 312 313 1
0 310 313 311 310 313 311 1
0 312 314 313 312 314 313 1
0 314 315 313 314 315 313 1
0 314 316 317 314 316 317 1
0 314 317 315 314 317 315 1
0 316 318 317 316 318 317 1
0 318 319 317 318 319 317 1
0 318 285 284 318 285 284 1
0 318 284 319 318 284 319 1
0 320 321 322 320 321 322 1
0 323 324 325 323 324 325 1
0 321 326 322 321 326 322 1
0 326 327 322 326 327 322 1
0 326 328 329 326 328 329 1
0 326 329 327 326 329 327 1
0 328 330 329 328 330 329 1
0 330 331 329 330 331 329 1
0 330 332 333 330 332 333 1
0 330 333 331 330 333 331 1
0 332 334 333 332 334 333 1
0 334 335 333 334 335 333 1
0 334 336 337 334 336 337 1
0 334 337 335 334 337 335 1
0 336 338 337 336 338 337 1
0 338 339 337 338 339 337 1
0 338 340 341 338 340 341 1
0 338 341 339 338 341 339 1
0 340 342 341 340 342 341 1
0 342 343 341 342 343 341 1
0 342 344 345 342 344 345 1
0 342 345 343 342 345 343 1
0 344 346 345 344 346 345 1
0 346 347 345 346 347 345 1
0 346 348 349 346 348 349 1
0 346 349 347 346 349 347 1
0 348 350 349 348 350 349 1
0 350 351 349 350 351 349 1
0 350 352 353 350 352 353 1
0 350 353 351 350 353 351 1
0 352 354 353 352 354 353 1
0 354 355 353 354 355 353 1
0 354 356 357 354 356 357 1
0 354 357 355 354 357 355 1
0 356 358 357 356 358 357 1
0 358 359 357 358 359 357 1
0 358 325 324 358 325 324 1
0 358 324 359 358 324 359 1
0 360 361 362 360 361 362 1
0 363 364 365 363 364 365 1
0 361 366 362 361 366 362 1
0 366 367 362 366 367 362 1
0 366 368 369 366 368 369 1
0 366 369 367 366 369 367 1
0 368 370 369 368 370 369 1
0 370 371 369 370 371 369 1
0 370 372 373 370 372 373 1
0 370 373 371 370 373 371 1
0 372 374 373 372 374 373 1
0 374 375 373 374 375 373 1
0 374 376 377 374 376 377 1
0 374 377 375 374 377 375 1
0 376 378 377 376 378 377 1
0 378 379 377 378 379 377 1
0 378 380 381 378 380 381 1
0 378 381 379 378 381 379 1
0 380 382 381 380 382 381 1
0 382 383 381 382 383 381 1
0 382 384 385 382 384 385 1
0 382 385 383 382 385 383 1
0 384 386 385 384 386 385 1
0 386 387 385 386 387 385 1
0 386 388 389 386 388 389 1
0 386 389 387 386 389 387 1
0 388 390 389 388 390 389 1
0 390 391 389 390 391 389 1
0 390 392 393 390 392 393 1
0 390 393 391 390 393 391 1
0 392 394 393 392 394 393 1
0 394 395 393 394 395 393 1
0 394 396 397 394 396 397 1
0 394 397 395 394 397 395 1
0 396 398 397 396 398 397 1
0 398 399 397 398 399 397 1
0 398 365 364 398 365 364 1
0 398 364 399 398 364 399 1
0 400 401 402 400 401 402 1
0 403 404 405 403 404 405 1
0 401 406 402 401 406 402 1
0 406 407 402 406 407 402 1
0 406 408 409 406 408 409 1
0 406 409 407 406 409 407 1
0 408 410 409 408 410 409 1
0 410 411 409 410 411 409 1
0 410 412 413 410 412 413 1
0 410 413 411 410 413 411 1
0 412 414 413 412 414 413 1
0 414 415 413 414 415 413 1
0 414 416 417 414 416 417 1
0 414 417 415 414 417 415 1
0 416 418 417 416 418 417 1
0 418 419 417 418 419 417 1
0 418 420 421 418 420 421 1
0 418 421 419 418 421 419 1
0 420 422 421 420 422 421 1
0 422 423 421 422 423 421 1
0 422 424 425 422 424 425 1
0 422 425 423 422 425 423 1
0 424 426 425 424 426 425 1
0 426 427 425 426 427 425 1
0 426 428 429 426 428 429 1
0 426 429 427 426 429 427 1
0 428 430 429 428 430 429 1
0 430 431 429 430 431 429 1
0 430 432 433 430 432 433 1
0 430 433 431 430 433 431 1
0 432 434 433 432 434 433 1
0 434 435 433 434 435 433 1
0 434 436 437 434 436 437 1
0 434 437 435 434 437 435 1
0 436 438 437 436 438 437 1
0 438 439 437 438 439 437 1
0 438 405 404 438 405 404 1
0 438 404 439 438 404 439 1
0 440 441 442 440 441 442 1
0 443 444 445 443 444 445 1
0 441 446 442 441 446 442 1
0 446 447 442 446 447 442 1
0 446 448 449 446 448 449 1
0 446 449 447 446 449 447 1
0 448 450 449 448 450 449 1
0 450 451 449 450 451 449 1
0 450 452 453 450 452 453 1
0 450 453 451 450 453 451 1
0 452 454 453 452 454 453 1
0 454 455 453 454 455 453 1
0 454 456 457 454 456 457 1
0 454 457 455 454 457 455 1
0 456 458 457 456 458 457 1
0 458 459 457 458 459 457 1
0 458 460 461 458 460 461 1
0 458 461 459 458 461 459 1
0 460 462 461 460 462 461 1
0 462 463 461 462 463 461 1
0 462 464 465 462 464 465 1
0 462 465 463 462 465 463 1
0 464 466 465 464 466 465 1
0 466 467 465 466 467 465 1
0 466 468 469 466 468 469 1
0 466 469 467 466 469 467 1
0 468 470 469 468 470 469 1
0 470 471 469 470 471 469 1
0 470 472 473 470 472 473 1
0 470 473 471 470 473 471 1
0 472 474 473 472 474 473 1
0 474 475 473 474 475 473 1
0 474 476 477 474 476 477 1
0 474 477 475 474 477 475 1
0 476 478 477 476 478 477 1
0 478 479 477 478 479 477 1
0 478 445 444 478 445 444 1
0 478 444 479 478 444 479 1
0 480 481 482 480 481 482 1
0 483 484 485 483 484 485 1
0 481 486 482 481 486 482 1
0 486 487 482 486 487 482 1
0 486 488 489 486 488 489 1
0 486 489 487 486 489 487 1
0 488 490 489 488 490 489 1
0 490 491 489 490 491 489 1
0 490 492 493 490 492 493 1
0 490 493 491 490 493 491 1
0 492 494 493 492 494 493 1
0 494 495 493 494 495 493 1
0 494 496 497 494 496 497 1
0 494 497 495 494 497 495 1
0 496 498 497 496 498 497 1
0 498 499 497 498 499 497 1
0 498 500 501 498 500 501 1
0 498 501 499 498 501 499 1
0 500 502 501 500 502 501 1
0 502 503 501 502 503 501 1
0 502 504 505 502 504 505 1
0 502 505 503 502 505 503 1
0 504 506 505 504 506 505 1
0 506 507 505 506 507 505 1
0 506 508 509 506 508 509 1
0 506 509 507 506 509 507 1
0 508 510 509 508 510 509 1
0 510 511 509 510 511 509 1
0 510 512 513 510 512 513 1
0 510 513 511 510 513 511 1
0 512 514 513 512 514 513 1
0 514 515 513 514 515 513 1
0 514 516 517 514 516 517 1
0 514 517 515 514 517 515 1
0 516 518 517 516 518 517 1
0 518 519 517 518 519 517 1
0 518 485 484 518 485 484 1
0 518 484 519 518 484 519 1
0 520 521 522 520 521 522 1
0 523 524 525 523 524 525 1
0 521 526 522 521 526 522 1
0 526 527 522 526 527 522 1
0 526 528 529 526 528 529 1
0 526 529 527 526 529 527 1
0 528 530 529 528 530 529 1
0 530 531 529 530 531 529 1
0 530 532 533 530 532 533 1
0 530 533 531 530 533 531 1
0 532 534 533 532 534 533 1
0 534 535 533 534 535 533 1
0 534 536 537 534 536 537 1
0 534 537 535 534 537 535 1
0 536 538 537 536 538 537 1
0 538 539 537 538 539 537 1
0 538 540 541 538 540 541 1
0 538 541 539 538 541 539 1
0 540 542 541 540 542 541 1
0 542 543 541 542 543 541 1
0 542 544 545 542 544 545 1
0 542 545 543 542 545 543 1
0 544 546 545 544 546 545 1
0 546 547 545 546 547 545 1
0 546 548 549 546 548 549 1
0 546 549 547 546 549 547 1
0 548 550 549 548 550 549 1
0 550 551 549 550 551 549 1
0 550 552 553 550 552 553 1
0 550 553 551 550 553 551 1
0 552 554 553 552 554 553 1
0 554 555 553 554 555 553 1
0 554 556 557 554 556 557 1
0 554 557 555 554 557 555 1
0 556 558 557 556 558 557 1
0 558 559 557 558 559 557 1
0 558 525 524 558 525 524 1
0 558 524 559 558 524 559 1
0 560 561 562 560 561 562 1
0 563 564 565 563 564 565 1
0 561 566 562 561 566 562 1
0 566 567 562 566 567 562 1
0 566 568 569 566 568 569 1
0 566 569 567 566 569 567 1
0 568 570 569 568 570 569 1
0 570 571 569 570 571 569 1
0 570 572 573 570 572 573 1
0 570 573 571 570 573 571 1
0 572 574 573 572 574 573 1
0 574 575 573 574 575 573 1
0 574 576 577 574 576 577 1
0 574 577 575 574 577 575 1
0 576 578 577 576 578 577 1
0 578 579 577 578 579 577 1
0 578 580 581 578 580 581 1
0 578 581 579 578 581 579 1
0 580 582 581 580 582 581 1
0 582 583 581 582 583 581 1
0 582 584 585 582 584 585 1
0 582 585 583 582 585 583 1
0 584 586 585 584 586 585 1
0 586 587 585 586 587 585 1
0 586 588 589 586 588 589 1
0 586 589 587 586 589 587 1
0 588 590 589 588 590 589 1
0 590 591 589 590 591 589 1
0 590 592 593 590 592 593 1
0 590 593 591 590 593 591 1
0 592 594 593 592 594 593 1
0 594 595 593 594 595 593 1
0 594 596 597 594 596 597 1
0 594 597 595 594 597 595 1
0 596 598 597 596 598 597 1
0 598 599 597 598 599 597 1
0 598 565 564 598 565 564 1
0 598 564 599 598 564 599 1
0 600 601 602 600 601 602 1
0 603 604 605 603 604 605 1
0 601 606 602 601 606 602 1
0 606 607 602 606 607 602 1
0 606 608 609 606 608 609 1
0 606 609 607 606 609 607 1
0 608 610 609 608 610 609 1
0 610 611 609 610 611 609 1
0 610 612 613 610 612 613 1
0 610 613 611 610 613 611 1
0 612 614 613 612 614 613 1
0 614 615 613 614 615 613 1
0 614 616 617 614 616 617 1
0 614 617 615 614 617 615 1
0 616 618 617 616 618 617 1
0 618 619 617 618 619 617 1
0 618 620 621 618 620 621 1
0 618 621 619 618 621 619 1
0 620 622 621 620 622 621 1
0 622 623 621 622 623 621 1
0 622 624 625 622 624 625 1
0 622 625 623 622 625 623 1
0 624 626 625 624 626 625 1
0 626 627 625 626 627 625 1
0 626 628 629 626 628 629 1
0 626 629 627 626 629 627 1
0 628 630 629 628 630 629 1
0 630 631 629 630 631 629 1
0 630 632 633 630 632 633 1
0 630 633 631 630 633 631 1
0 632 634 633 632 634 633 1
0 634 635 633 634 635 633 1
0 634 636 637 634 636 637 1
0 634 637 635 634 637 635 1
0 636 638 637 636 638 637 1
0 638 639 637 638 639 637 1
0 638 605 604 638 605 604 1
0 638 604 639 638 604 639 1
0 640 641 642 640 641 642 1
0 643 644 645 643 644 645 1
0 641 646 642 641 646 642 1
0 646 647 642 646 647 642 1
0 646 648 649 646 648 649 1
0 646 649 647 646 649 647 1
0 648 650 649 648 650 649 1
0 650 651 649 650 651 649 1
0 650 652 653 650 652 653 1
0 650 653 651 650 653 651 1
0 652 654 653 652 654 653 1
0 654 655 653 654 655 653 1
0 654 656 657 654 656 657 1
0 654 657 655 654 657 655 1
0 656 658 657 656 658 657 1
0 658 659 657 658 659 657 1
0 658 660 661 658 660 661 1
0 658 661 659 658 661 659 1
0 660 662 661 660 662 661 1
0 662 663 661 662 663 661 1
0 662 664 665 662 664 665 1
0 662 665 663 662 665 663 1
0 664 666 665 664 666 665 1
0 666 667 665 666 667 665 1
0 666 668 669 666 668 669 1
0 666 669 667 666 669 667 1
0 668 670 669 668 670 669 1
0 670 671 669 670 671 669 1
0 670 672 673 670 672 673 1
0 670 673 671 670 673 671 1
0 672 674 673 672 674 673 1
0 674 675 673 674 675 673 1
0 674 676 677 674 676 677 1
0 674 677 675 674 677 675 1
0 676 678 677 676 678 677 1
0 678 679 677 678 679 677 1
0 678 645 644 678 645 644 1
0 678 644 679 678 644 679 1
0 680 681 682 680 681 682 1
0 683 684 685 683 684 685 1
0 681 686 682 681 686 682 1
0 686 687 682 686 687 682 1
0 686 688 689 686 688 689 1
0 686 689 687 686 689 687 1
0 688 690 689 688 690 689 1
0 690 691 689 690 691 689 1
0 690 692 693 690 692 693 1
0 690 693 691 690 693 691 1
0 692 694 693 692 694 693 1
0 694 695 693 694 695 693 1
0 694 696 697 694 696 697 1
0 694 697 695 694 697 695 1
0 696 698 697 696 698 697 1
0 698 699 697 698 699 697 1
0 698 700 701 698 700 701 1
0 698 701 699 698 701 699 1
0 700 702 701 700 702 701 1
0 702 703 701 702 703 701 1
0 702 704 705 702 704 705 1
0 702 705 703 702 705 703 1
0 704 706 705 704 706 705 1
0 706 707 705 706 707 705 1
0 706 708 709 706 708 709 1
0 706 709 707 706 709 707 1
0 708 710 709 708 710 709 1
0 710 711 709 710 711 709 1
0 710 712 713 710 712 713 1
0 710 713 711 710 713 711 1
0 712 714 713 712 714 713 1
0 714 715 713 714 715 713 1
0 714 716 717 714 716 717 1
0 714 717 715 714 717 715 1
0 716 718 717 716 718 717 1
0 718 719 717 718 719 717 1
0 718 685 684 718 685 684 1
0 718 684 719 718 684 719 1
0 720 721 722 720 721 722 1
0 723 724 725 723 724 725 1
0 721 726 722 721 726 722 1
0 726 727 722 726 727 722 1
0 726 728 729 726 728 729 1
0 726 729 727 726 729 727 1
0 728 730 729 728 730 729 1
0 730 731 729 730 731 729 1
0 730 732 733 730 732 733 1
0 730 733 731 730 733 731 1
0 732 734 733 732 734 733 1
0 734 735 733 734 735 733 1
0 734 736 737 734 736 737 1
0 734 737 735 734 737 735 1
0 736 738 737 736 738 737 1
0 738 739 737 738 739 737 1
0 738 740 741 738 740 741 1
0 738 741 739 738 741 739 1
0 740 742 741 740 742 741 1
0 742 743 741 742 743 741 1
0 742 744 745 742 744 745 1
0 742 745 743 742 745 743 1
0 744 746 745 744 746 745 1
0 746 747 745 746 747 745 1
0 746 748 749 746 748 749 1
0 746 749 747 746 749 747 1
0 748 750 749 748 750 749 1
0 750 751 749 750 751 749 1
0 750 752 753 750 752 753 1
0 750 753 751 750 753 751 1
0 752 754 753 752 754 753 1
0 754 755 753 754 755 753 1
0 754 756 757 754 756 757 1
0 754 757 755 754 757 755 1
0 756 758 757 756 758 757 1
0 758 759 757 758 759 757 1
0 758 725 724 758 725 724 1
0 758 724 759 758 724 759 1
0 760 761 762 760 761 762 1
0 763 764 765 763 764 765 1
0 761 766 762 761 766 762 1
0 766 767 762 766 767 762 1
0 766 768 769 766 768 769 1
0 766 769 767 766 769 767 1
0 768 770 769 768 770 769 1
0 770 771 769 770 771 769 1
0 770 772 773 770 772 773 1
0 770 773 771 770 773 771 1
0 772 774 773 772 774 773 1
0 774 775 773 774 775 773 1
0 774 776 777 774 776 777 1
0 774 777 775 774 777 775 1
0 776 778 777 776 778 777 1
0 778 779 777 778 779 777 1
0 778 780 781 778 780 781 1
0 778 781 779 778 781 779 1
0 780 782 781 780 782 781 1
0 782 783 781 782 783 781 1
0 782 784 785 782 784 785 1
0 782 785 783 782 785 783 1
0 784 786 785 784 786 785 1
0 786 787 785 786 787 785 1
0 786 788 789 786 788 789 1
0 786 789 787 786 789 787 1
0 788 790 789 788 790 789 1
0 790 791 789 790 791 789 1
0 790 792 793 790 792 793 1
0 790 793 791 790 793 791 1
0 792 794 793 792 794 793 1
0 794 795 793 794 795 793 1
0 794 796 797 794 796 797 1
0 794 797 795 794 797 795 1
0 796 798 797 796 798 797 1
0 798 799 797 798 799 797 1
0 798 765 764 798 765 764 1
0 798 764 799 798 764 799 1

Materials: 1
"WALL_3"
0.200000 0.200000 0.200000 1
0.800000 0.800000 0.800000 1
0 0 0 1
1 1 1 1
0
1
"WALL_2.png"
""

Bones: 0
GroupComments: 0
MaterialComments: 0
BoneComments: 0
ModelComment: 0
