// MilkShape 3D ASCII

Frames: 30
Frame: 1

Meshes: 6
"Cylinder04" 0 1
93
0 21.460197 -1.402025 0 0.003193 0.500797 -1
0 16.858624 0.244138 0 0.003193 0.028103 -1
0 16.493534 0.244138 3.473205 0.669858 0.028103 -1
0 20.991222 -1.402025 4.461823 0.669858 0.500797 -1
0 16.378452 -0.000578 0 0.003193 0.002604 -1
0 16.024260 -0.000578 3.370051 0.669858 0.002604 -1
0 19.604877 -1.402025 8.728653 1.336522 0.500797 -1
0 15.414371 0.244138 6.794605 1.336522 0.028103 -1
0 14.977103 -0.000578 6.592811 1.336522 0.002604 -1
0 13.668216 0.244138 9.819071 2.003188 0.028103 -1
0 17.361668 -1.402025 12.613981 2.003188 0.500797 -1
0 13.282790 -0.000578 9.527431 2.003188 0.002604 -1
0 14.359688 -1.402025 15.948033 2.669855 0.500797 -1
0 11.331367 0.244138 12.414373 2.669855 0.028103 -1
0 11.015372 -0.000578 12.045666 2.669855 0.002604 -1
0 8.506023 0.244138 14.467125 3.336522 0.028103 -1
0 10.730125 -1.402025 18.585077 3.336522 0.500797 -1
0 8.273924 -0.000578 14.037422 3.336522 0.002604 -1
0 6.631582 -1.402025 20.409885 4.003185 0.500797 -1
0 5.315590 0.244138 15.887591 4.003185 0.028103 -1
0 5.178288 -0.000578 15.415718 4.003185 0.002604 -1
0 1.899580 0.244138 16.613600 4.669852 0.028103 -1
0 2.243218 -1.402025 21.342634 4.669852 0.500797 -1
0 1.863722 -0.000578 16.120277 4.669852 0.002604 -1
0 -2.243181 -1.402025 21.342634 5.336519 0.500797 -1
0 -1.592752 0.244138 16.613600 5.336519 0.028103 -1
0 -1.524897 -0.000578 16.120277 5.336519 0.002604 -1
0 -5.008770 0.244138 15.887591 6.003185 0.028103 -1
0 -6.631546 -1.402025 20.409885 6.003185 0.500797 -1
0 -4.839447 -0.000578 15.415718 6.003185 0.002604 -1
0 -10.730055 -1.402025 18.585077 6.669851 0.500797 -1
0 -8.199173 0.244138 14.467125 6.669851 0.028103 -1
0 -7.935119 -0.000578 14.037422 6.669851 0.002604 -1
0 -11.024541 0.244138 12.414373 7.336517 0.028103 -1
0 -14.359666 -1.402025 15.948033 7.336517 0.500797 -1
0 -10.676530 -0.000578 12.045666 7.336517 0.002604 -1
0 -17.361629 -1.402025 12.613981 8.003181 0.500797 -1
0 -13.361373 0.244138 9.819071 8.003181 0.028103 -1
0 -12.943981 -0.000578 9.527431 8.003181 0.002604 -1
0 -15.107593 0.244138 6.794605 8.669848 0.028103 -1
0 -19.604813 -1.402025 8.728653 8.669848 0.500797 -1
0 -14.638260 -0.000578 6.592811 8.669848 0.002604 -1
0 -20.991203 -1.402025 4.461823 9.336516 0.500797 -1
0 -16.186699 0.244138 3.473205 9.336516 0.028103 -1
0 -15.685372 -0.000578 3.370051 9.336516 0.002604 -1
0 -16.551868 0.244138 0 10.003188 0.028103 -1
0 -21.460197 -1.402025 0 10.003188 0.500797 -1
0 -16.039661 -0.000578 0 10.003188 0.002604 -1
0 -20.991203 -1.402025 -4.461823 10.669854 0.500797 -1
0 -16.186699 0.244138 -3.473205 10.669854 0.028103 -1
0 -15.685372 -0.000578 -3.370051 10.669854 0.002604 -1
0 -15.107593 0.244138 -6.794605 11.336520 0.028103 -1
0 -19.604813 -1.402025 -8.728654 11.336520 0.500797 -1
0 -14.638260 -0.000578 -6.592812 11.336520 0.002604 -1
0 -17.361629 -1.402025 -12.613981 12.003184 0.500797 -1
0 -13.361373 0.244138 -9.819071 12.003184 0.028103 -1
0 -12.943981 -0.000578 -9.527431 12.003184 0.002604 -1
0 -11.024541 0.244138 -12.414373 12.669850 0.028103 -1
0 -14.359666 -1.402025 -15.948031 12.669850 0.500797 -1
0 -10.676530 -0.000578 -12.045665 12.669850 0.002604 -1
0 -10.730055 -1.402025 -18.585077 13.336516 0.500797 -1
0 -8.199173 0.244138 -14.467124 13.336516 0.028103 -1
0 -7.935119 -0.000578 -14.037424 13.336516 0.002604 -1
0 -5.008770 0.244138 -15.887589 14.003182 0.028103 -1
0 -6.631546 -1.402025 -20.409885 14.003182 0.500797 -1
0 -4.839447 -0.000578 -15.415718 14.003182 0.002604 -1
0 -2.243181 -1.402025 -21.342634 14.669850 0.500797 -1
0 -1.592752 0.244138 -16.613600 14.669850 0.028103 -1
0 -1.524897 -0.000578 -16.120277 14.669850 0.002604 -1
0 1.899580 0.244138 -16.613600 15.336518 0.028103 -1
0 2.243218 -1.402025 -21.342634 15.336518 0.500797 -1
0 1.863722 -0.000578 -16.120277 15.336518 0.002604 -1
0 6.631582 -1.402025 -20.409885 16.003216 0.500797 -1
0 5.315590 0.244138 -15.887589 16.003216 0.028103 -1
0 5.178288 -0.000578 -15.415718 16.003216 0.002604 -1
0 8.506023 0.244138 -14.467124 16.669876 0.028103 -1
0 10.730125 -1.402025 -18.585077 16.669876 0.500797 -1
0 8.273924 -0.000578 -14.037424 16.669876 0.002604 -1
0 14.359688 -1.402025 -15.948031 17.336548 0.500797 -1
0 11.331367 0.244138 -12.414373 17.336548 0.028103 -1
0 11.015372 -0.000578 -12.045665 17.336548 0.002604 -1
0 13.668216 0.244138 -9.819071 18.003208 0.028103 -1
0 17.361668 -1.402025 -12.613981 18.003208 0.500797 -1
0 13.282790 -0.000578 -9.527431 18.003208 0.002604 -1
0 19.604877 -1.402025 -8.728654 18.669876 0.500797 -1
0 15.414371 0.244138 -6.794605 18.669876 0.028103 -1
0 14.977103 -0.000578 -6.592812 18.669876 0.002604 -1
0 16.493534 0.244138 -3.473205 19.336544 0.028103 -1
0 20.991222 -1.402025 -4.461823 19.336544 0.500797 -1
0 16.024260 -0.000578 -3.370051 19.336544 0.002604 -1
0 21.460197 -1.402025 0 20.003216 0.500797 -1
0 16.858624 0.244138 0 20.003216 0.028103 -1
0 16.378452 -0.000578 0 20.003216 0.002604 -1
93
0.336622 0.940975 0.035383
-0.063735 0.997944 -0.006700
-0.062326 0.997968 -0.013246
0.329265 0.941642 0.069964
-0.453578 0.889940 -0.047675
-0.443940 0.891077 -0.094334
0.306947 0.941871 0.136611
-0.058121 0.997974 -0.025871
-0.413905 0.891484 -0.184222
-0.051347 0.997984 -0.037297
0.271013 0.942238 0.196824
-0.365546 0.892128 -0.265489
0.223262 0.942725 0.247837
-0.042343 0.997996 -0.047014
-0.301271 0.892960 -0.334451
-0.031521 0.998012 -0.054575
0.166044 0.943306 0.287409
-0.224163 0.893968 -0.388036
0.102095 0.943952 0.313898
-0.019404 0.998029 -0.059685
-0.137914 0.895065 -0.424074
-0.006545 0.998045 -0.062163
0.034402 0.944632 0.326324
-0.046500 0.896208 -0.441190
-0.033989 0.945314 0.324387
0.006491 0.998062 -0.061886
0.045991 0.897402 -0.438810
0.019117 0.998082 -0.058877
-0.100109 0.945968 0.308419
0.135495 0.898572 -0.417384
-0.161174 0.946570 0.279336
0.030804 0.998099 -0.053375
0.218245 0.899620 -0.378223
0.041074 0.998114 -0.045631
-0.214704 0.947095 0.238565
0.290857 0.900536 -0.323167
-0.258598 0.947523 0.187955
0.049511 0.998125 -0.035981
0.350440 0.901287 -0.254701
0.055769 0.998135 -0.024834
-0.291176 0.947839 0.129684
0.394666 0.901856 -0.175768
-0.311211 0.948034 0.066173
0.059637 0.998140 -0.012679
0.421913 0.902187 -0.089709
0.060932 0.998142 0
-0.317975 0.948099 0
0.431093 0.902307 0
-0.311211 0.948034 -0.066173
0.059637 0.998140 0.012679
0.421913 0.902187 0.089709
0.055769 0.998135 0.024834
-0.291176 0.947839 -0.129684
0.394666 0.901856 0.175768
-0.258598 0.947523 -0.187956
0.049511 0.998125 0.035981
0.350440 0.901287 0.254701
0.041074 0.998114 0.045631
-0.214705 0.947095 -0.238565
0.290857 0.900536 0.323167
-0.161174 0.946570 -0.279336
0.030805 0.998099 0.053376
0.218245 0.899620 0.378224
0.019118 0.998082 0.058878
-0.100109 0.945968 -0.308419
0.135495 0.898571 0.417386
-0.033989 0.945314 -0.324387
0.006491 0.998062 0.061886
0.045991 0.897402 0.438811
-0.006545 0.998045 0.062163
0.034402 0.944632 -0.326324
-0.046500 0.896208 0.441190
0.102095 0.943952 -0.313898
-0.019404 0.998029 0.059686
-0.137915 0.895064 0.424076
-0.031521 0.998012 0.054576
0.166044 0.943306 -0.287409
-0.224164 0.893967 0.388038
0.223262 0.942725 -0.247837
-0.042343 0.997996 0.047013
-0.301271 0.892960 0.334451
-0.051347 0.997984 0.037297
0.271013 0.942238 -0.196824
-0.365546 0.892128 0.265489
0.306947 0.941871 -0.136611
-0.058121 0.997974 0.025871
-0.413906 0.891484 0.184222
-0.062326 0.997968 0.013246
0.329265 0.941642 -0.069964
-0.443940 0.891077 0.094334
0.336622 0.940975 -0.035383
-0.063735 0.997944 0.006700
-0.453578 0.889940 0.047675
120
0 0 1 2 0 1 2 1
0 0 2 3 0 2 3 1
0 1 4 2 1 4 2 1
0 4 5 2 4 5 2 1
0 3 2 6 3 2 6 1
0 2 7 6 2 7 6 1
0 2 5 8 2 5 8 1
0 2 8 7 2 8 7 1
0 6 7 9 6 7 9 1
0 6 9 10 6 9 10 1
0 7 8 9 7 8 9 1
0 8 11 9 8 11 9 1
0 10 9 12 10 9 12 1
0 9 13 12 9 13 12 1
0 9 11 14 9 11 14 1
0 9 14 13 9 14 13 1
0 12 13 15 12 13 15 1
0 12 15 16 12 15 16 1
0 13 14 15 13 14 15 1
0 14 17 15 14 17 15 1
0 16 15 18 16 15 18 1
0 15 19 18 15 19 18 1
0 15 17 20 15 17 20 1
0 15 20 19 15 20 19 1
0 18 19 21 18 19 21 1
0 18 21 22 18 21 22 1
0 19 20 21 19 20 21 1
0 20 23 21 20 23 21 1
0 22 21 24 22 21 24 1
0 21 25 24 21 25 24 1
0 21 23 26 21 23 26 1
0 21 26 25 21 26 25 1
0 24 25 27 24 25 27 1
0 24 27 28 24 27 28 1
0 25 26 27 25 26 27 1
0 26 29 27 26 29 27 1
0 28 27 30 28 27 30 1
0 27 31 30 27 31 30 1
0 27 29 32 27 29 32 1
0 27 32 31 27 32 31 1
0 30 31 33 30 31 33 1
0 30 33 34 30 33 34 1
0 31 32 33 31 32 33 1
0 32 35 33 32 35 33 1
0 34 33 36 34 33 36 1
0 33 37 36 33 37 36 1
0 33 35 38 33 35 38 1
0 33 38 37 33 38 37 1
0 36 37 39 36 37 39 1
0 36 39 40 36 39 40 1
0 37 38 39 37 38 39 1
0 38 41 39 38 41 39 1
0 40 39 42 40 39 42 1
0 39 43 42 39 43 42 1
0 39 41 44 39 41 44 1
0 39 44 43 39 44 43 1
0 42 43 45 42 43 45 1
0 42 45 46 42 45 46 1
0 43 44 45 43 44 45 1
0 44 47 45 44 47 45 1
0 46 45 48 46 45 48 1
0 45 49 48 45 49 48 1
0 45 47 50 45 47 50 1
0 45 50 49 45 50 49 1
0 48 49 51 48 49 51 1
0 48 51 52 48 51 52 1
0 49 50 51 49 50 51 1
0 50 53 51 50 53 51 1
0 52 51 54 52 51 54 1
0 51 55 54 51 55 54 1
0 51 53 56 51 53 56 1
0 51 56 55 51 56 55 1
0 54 55 57 54 55 57 1
0 54 57 58 54 57 58 1
0 55 56 57 55 56 57 1
0 56 59 57 56 59 57 1
0 58 57 60 58 57 60 1
0 57 61 60 57 61 60 1
0 57 59 62 57 59 62 1
0 57 62 61 57 62 61 1
0 60 61 63 60 61 63 1
0 60 63 64 60 63 64 1
0 61 62 63 61 62 63 1
0 62 65 63 62 65 63 1
0 64 63 66 64 63 66 1
0 63 67 66 63 67 66 1
0 63 65 68 63 65 68 1
0 63 68 67 63 68 67 1
0 66 67 69 66 67 69 1
0 66 69 70 66 69 70 1
0 67 68 69 67 68 69 1
0 68 71 69 68 71 69 1
0 70 69 72 70 69 72 1
0 69 73 72 69 73 72 1
0 69 71 74 69 71 74 1
0 69 74 73 69 74 73 1
0 72 73 75 72 73 75 1
0 72 75 76 72 75 76 1
0 73 74 75 73 74 75 1
0 74 77 75 74 77 75 1
0 76 75 78 76 75 78 1
0 75 79 78 75 79 78 1
0 75 77 80 75 77 80 1
0 75 80 79 75 80 79 1
0 78 79 81 78 79 81 1
0 78 81 82 78 81 82 1
0 79 80 81 79 80 81 1
0 80 83 81 80 83 81 1
0 82 81 84 82 81 84 1
0 81 85 84 81 85 84 1
0 81 83 86 81 83 86 1
0 81 86 85 81 86 85 1
0 84 85 87 84 85 87 1
0 84 87 88 84 87 88 1
0 85 86 87 85 86 87 1
0 86 89 87 86 89 87 1
0 88 87 90 88 87 90 1
0 87 91 90 87 91 90 1
0 87 89 92 87 89 92 1
0 87 92 91 87 92 91 1
"Duplicate06" 0 1
62
0 21.455166 -8.016155 -0.000001 0.901803 0.997396 -1
0 21.455166 -1.400771 -0.000001 0.901803 0.502604 -1
0 20.986288 -8.016155 4.461413 0.904355 0.997396 -1
0 20.986288 -1.400771 4.461413 0.904355 0.502604 -1
0 19.600025 -1.400771 8.727847 0.906906 0.502604 -1
0 19.600025 -8.016155 8.727847 0.906906 0.997396 -1
0 17.357048 -8.016155 12.612818 0.909458 0.997396 -1
0 17.357048 -1.400771 12.612818 0.909458 0.502604 -1
0 14.355326 -1.400771 15.946557 0.912010 0.502604 -1
0 14.355326 -8.016155 15.946557 0.912010 0.997396 -1
0 10.726068 -8.016155 18.583370 0.914562 0.997396 -1
0 10.726068 -1.400771 18.583370 0.914562 0.502604 -1
0 6.627926 -1.400771 20.407965 0.917113 0.502604 -1
0 6.627926 -8.016155 20.407965 0.917113 0.997396 -1
0 2.239964 -8.016155 21.340664 0.919665 0.997396 -1
0 2.239964 -1.400771 21.340664 0.919665 0.502604 -1
0 -2.246018 -1.400771 21.340664 0.922217 0.502604 -1
0 -2.246018 -8.016155 21.340664 0.922217 0.997396 -1
0 -6.633987 -8.016155 20.407965 0.924769 0.997396 -1
0 -6.633987 -1.400771 20.407965 0.924769 0.502604 -1
0 -10.732134 -1.400771 18.583370 0.927321 0.502604 -1
0 -10.732134 -8.016155 18.583370 0.927321 0.997396 -1
0 -14.361367 -8.016155 15.946557 0.929873 0.997396 -1
0 -14.361367 -1.400771 15.946557 0.929873 0.502604 -1
0 -17.363091 -1.400771 12.612818 0.932424 0.502604 -1
0 -17.363091 -8.016155 12.612818 0.932424 0.997396 -1
0 -19.606087 -8.016155 8.727847 0.934976 0.997396 -1
0 -19.606087 -1.400771 8.727847 0.934976 0.502604 -1
0 -20.992313 -1.400771 4.461413 0.937528 0.502604 -1
0 -20.992313 -8.016155 4.461413 0.937528 0.997396 -1
0 -21.461235 -8.016155 -0.000001 0.940080 0.997396 -1
0 -21.461235 -1.400771 -0.000001 0.940080 0.502604 -1
0 -20.992313 -1.400771 -4.461413 0.942632 0.502604 -1
0 -20.992313 -8.016155 -4.461413 0.942632 0.997396 -1
0 -19.606087 -8.016155 -8.727850 0.945184 0.997396 -1
0 -19.606087 -1.400771 -8.727850 0.945184 0.502604 -1
0 -17.363091 -1.400771 -12.612818 0.947735 0.502604 -1
0 -17.363091 -8.016155 -12.612818 0.947735 0.997396 -1
0 -14.361367 -8.016155 -15.946556 0.950287 0.997396 -1
0 -14.361367 -1.400771 -15.946556 0.950287 0.502604 -1
0 -10.732134 -1.400771 -18.583370 0.952839 0.502604 -1
0 -10.732134 -8.016155 -18.583370 0.952839 0.997396 -1
0 -6.633987 -8.016155 -20.407965 0.955391 0.997396 -1
0 -6.633987 -1.400771 -20.407965 0.955391 0.502604 -1
0 -2.246018 -1.400771 -21.340664 0.957942 0.502604 -1
0 -2.246018 -8.016155 -21.340664 0.957942 0.997396 -1
0 2.239964 -8.016155 -21.340664 0.960494 0.997396 -1
0 2.239964 -1.400771 -21.340664 0.960494 0.502604 -1
0 6.627926 -1.400771 -20.407965 0.963046 0.502604 -1
0 6.627926 -8.016155 -20.407965 0.963046 0.997396 -1
0 10.726068 -8.016155 -18.583370 0.965598 0.997396 -1
0 10.726068 -1.400771 -18.583370 0.965598 0.502604 -1
0 14.355326 -1.400771 -15.946556 0.968150 0.502604 -1
0 14.355326 -8.016155 -15.946556 0.968150 0.997396 -1
0 17.357048 -8.016155 -12.612818 0.970701 0.997396 -1
0 17.357048 -1.400771 -12.612818 0.970701 0.502604 -1
0 19.600025 -1.400771 -8.727850 0.973253 0.502604 -1
0 19.600025 -8.016155 -8.727850 0.973253 0.997396 -1
0 20.986288 -8.016155 -4.461413 0.975805 0.997396 -1
0 20.986288 -1.400771 -4.461413 0.975805 0.502604 -1
0 21.455166 -1.400771 -0.000001 0.978357 0.502604 -1
0 21.455166 -8.016155 -0.000001 0.978357 0.997396 -1
36
0.994523 0 0.104521
0.978148 0 0.207909
0.913545 0 0.406737
0.809017 0 0.587785
0.669130 0 0.743145
0.499999 0 0.866026
0.499999 0 0.866026
0.309016 0 0.951057
0.104529 0 0.994522
-0.104529 0 0.994522
-0.309016 0 0.951057
-0.309016 0 0.951057
-0.500000 0 0.866025
-0.669131 0 0.743144
-0.809016 0 0.587787
-0.913546 0 0.406735
-0.978148 0 0.207910
-1 0 -0
-0.978148 0 -0.207910
-0.913546 0 -0.406735
-0.809016 0 -0.587787
-0.669131 0 -0.743144
-0.500000 0 -0.866025
-0.309016 0 -0.951057
-0.104529 0 -0.994522
0.104529 0 -0.994522
0.309016 0 -0.951057
0.499999 0 -0.866026
0.499999 0 -0.866026
0.669130 0 -0.743145
0.669130 0 -0.743145
0.809017 0 -0.587785
0.913545 0 -0.406737
0.978148 0 -0.207909
0.978148 0 -0.207909
0.994523 0 -0.104521
60
0 0 1 2 0 0 1 1
0 1 3 2 0 1 1 1
0 2 3 4 1 1 2 1
0 2 4 5 1 2 2 1
0 5 4 6 2 2 3 1
0 4 7 6 2 3 3 1
0 6 7 8 3 3 4 1
0 6 8 9 3 4 4 1
0 9 8 10 4 4 5 1
0 8 11 10 4 6 5 1
0 10 11 12 5 6 7 1
0 10 12 13 5 7 7 1
0 13 12 14 7 7 8 1
0 12 15 14 7 8 8 1
0 14 15 16 8 8 9 1
0 14 16 17 8 9 9 1
0 17 16 18 9 9 10 1
0 16 19 18 9 11 10 1
0 18 19 20 10 11 12 1
0 18 20 21 10 12 12 1
0 21 20 22 12 12 13 1
0 20 23 22 12 13 13 1
0 22 23 24 13 13 14 1
0 22 24 25 13 14 14 1
0 25 24 26 14 14 15 1
0 24 27 26 14 15 15 1
0 26 27 28 15 15 16 1
0 26 28 29 15 16 16 1
0 29 28 30 16 16 17 1
0 28 31 30 16 17 17 1
0 30 31 32 17 17 18 1
0 30 32 33 17 18 18 1
0 33 32 34 18 18 19 1
0 32 35 34 18 19 19 1
0 34 35 36 19 19 20 1
0 34 36 37 19 20 20 1
0 37 36 38 20 20 21 1
0 36 39 38 20 21 21 1
0 38 39 40 21 21 22 1
0 38 40 41 21 22 22 1
0 41 40 42 22 22 23 1
0 40 43 42 22 23 23 1
0 42 43 44 23 23 24 1
0 42 44 45 23 24 24 1
0 45 44 46 24 24 25 1
0 44 47 46 24 25 25 1
0 46 47 48 25 25 26 1
0 46 48 49 25 26 26 1
0 49 48 50 26 26 27 1
0 48 51 50 26 28 27 1
0 50 51 52 27 28 29 1
0 50 52 53 27 29 30 1
0 53 52 54 30 29 31 1
0 52 55 54 29 31 31 1
0 54 55 56 31 31 32 1
0 54 56 57 31 32 32 1
0 57 56 58 32 32 33 1
0 56 59 58 32 34 33 1
0 58 59 60 33 34 35 1
0 58 60 61 33 35 35 1
"Duplicate07" 0 2
93
0 16.307692 -3.960168 0 0.007813 0.859375 -1
0 15.951330 -3.960168 3.390564 0.007813 0.859375 -1
0 0 -3.960168 0 0.007813 0.859375 -1
0 16.307692 -3.960168 0 0.007813 0.882813 -1
0 16.307692 0 -0.000008 0.007813 0 -1
0 15.951330 -3.960168 3.390564 0.674479 0.882813 -1
0 15.951330 0 3.390564 0.674479 0 -1
0 14.897816 -3.960168 6.632942 0.007813 0.859375 -1
0 14.897816 0 6.632935 1.341145 0 -1
0 14.897816 -3.960168 6.632942 1.341145 0.882813 -1
0 13.193199 -3.960168 9.585423 0.007813 0.859375 -1
0 13.193199 -3.960168 9.585423 2.007813 0.882813 -1
0 13.193199 0 9.585419 2.007813 0 -1
0 10.911976 -3.960168 12.118977 0.007813 0.859375 -1
0 10.911976 0 12.118973 2.674479 0 -1
0 10.911976 -3.960168 12.118977 2.674479 0.882813 -1
0 8.153845 -3.960168 14.122877 0.007813 0.859375 -1
0 8.153845 -3.960168 14.122877 3.341146 0.882813 -1
0 8.153845 0 14.122873 3.341146 0 -1
0 5.039353 -3.960168 15.509533 0.007813 0.859375 -1
0 5.039353 0 15.509533 4.007812 0 -1
0 5.039353 -3.960168 15.509533 4.007812 0.882813 -1
0 1.704618 -3.960168 16.218353 0.007813 0.859375 -1
0 1.704618 -3.960168 16.218353 4.674479 0.882813 -1
0 1.704618 0 16.218349 4.674479 0 -1
0 -1.704618 -3.960168 16.218353 0.007813 0.859375 -1
0 -1.704618 0 16.218349 5.341146 0 -1
0 -1.704618 -3.960168 16.218353 5.341146 0.882813 -1
0 -5.039354 -3.960168 15.509533 0.007813 0.859375 -1
0 -5.039354 -3.960168 15.509533 6.007813 0.882813 -1
0 -5.039354 0 15.509533 6.007813 0 -1
0 -8.153847 -3.960168 14.122877 0.007813 0.859375 -1
0 -8.153847 0 14.122873 6.674479 0 -1
0 -8.153847 -3.960168 14.122877 6.674479 0.882813 -1
0 -10.911976 -3.960168 12.118977 0.007813 0.859375 -1
0 -10.911976 -3.960168 12.118977 7.341146 0.882813 -1
0 -10.911976 0 12.118973 7.341146 0 -1
0 -13.193201 -3.960168 9.585423 0.007813 0.859375 -1
0 -13.193201 0 9.585419 8.007812 0 -1
0 -13.193201 -3.960168 9.585423 8.007812 0.882813 -1
0 -14.897818 -3.960168 6.632942 0.007813 0.859375 -1
0 -14.897818 -3.960168 6.632942 8.674479 0.882813 -1
0 -14.897818 0 6.632935 8.674479 0 -1
0 -15.951330 -3.960168 3.390564 0.007813 0.859375 -1
0 -15.951330 0 3.390564 9.341146 0 -1
0 -15.951330 -3.960168 3.390564 9.341146 0.882813 -1
0 -16.307692 -3.960168 0 0.007813 0.859375 -1
0 -16.307692 -3.960168 0 10.007812 0.882813 -1
0 -16.307692 0 -0.000008 10.007812 0 -1
0 -15.951330 -3.960168 -3.390556 0.007813 0.859375 -1
0 -15.951330 0 -3.390556 10.674479 0 -1
0 -15.951330 -3.960168 -3.390556 10.674479 0.882813 -1
0 -14.897818 -3.960168 -6.632927 0.007813 0.859375 -1
0 -14.897818 -3.960168 -6.632927 11.341145 0.882813 -1
0 -14.897818 0 -6.632935 11.341145 0 -1
0 -13.193201 -3.960168 -9.585403 0.007813 0.859375 -1
0 -13.193201 0 -9.585411 12.007813 0 -1
0 -13.193201 -3.960168 -9.585403 12.007813 0.882813 -1
0 -10.911976 -3.960168 -12.118958 0.007813 0.859375 -1
0 -10.911976 -3.960168 -12.118958 12.674479 0.882813 -1
0 -10.911976 0 -12.118965 12.674479 0 -1
0 -8.153847 -3.960168 -14.122864 0.007813 0.859375 -1
0 -8.153847 0 -14.122864 13.341146 0 -1
0 -8.153847 -3.960168 -14.122864 13.341146 0.882813 -1
0 -5.039354 -3.960168 -15.509529 0.007813 0.859375 -1
0 -5.039354 -3.960168 -15.509529 14.007812 0.882813 -1
0 -5.039354 0 -15.509537 14.007812 0 -1
0 -1.704618 -3.960168 -16.218353 0.007813 0.859375 -1
0 -1.704618 0 -16.218353 14.674479 0 -1
0 -1.704618 -3.960168 -16.218353 14.674479 0.882813 -1
0 1.704618 -3.960168 -16.218353 0.007813 0.859375 -1
0 1.704618 -3.960168 -16.218353 15.341145 0.882813 -1
0 1.704618 0 -16.218353 15.341145 0 -1
0 5.039353 -3.960168 -15.509529 0.007813 0.859375 -1
0 5.039353 0 -15.509537 16.007813 0 -1
0 5.039353 -3.960168 -15.509529 16.007813 0.882813 -1
0 8.153845 -3.960168 -14.122864 0.007813 0.859375 -1
0 8.153845 -3.960168 -14.122864 16.674479 0.882813 -1
0 8.153845 0 -14.122864 16.674479 0 -1
0 10.911976 -3.960168 -12.118958 0.007813 0.859375 -1
0 10.911976 0 -12.118965 17.341145 0 -1
0 10.911976 -3.960168 -12.118958 17.341145 0.882813 -1
0 13.193199 -3.960168 -9.585403 0.007813 0.859375 -1
0 13.193199 -3.960168 -9.585403 18.007813 0.882813 -1
0 13.193199 0 -9.585411 18.007813 0 -1
0 14.897816 -3.960168 -6.632927 0.007813 0.859375 -1
0 14.897816 0 -6.632935 18.674479 0 -1
0 14.897816 -3.960168 -6.632927 18.674479 0.882813 -1
0 15.951330 -3.960168 -3.390556 0.007813 0.859375 -1
0 15.951330 -3.960168 -3.390556 19.341145 0.882813 -1
0 15.951330 0 -3.390556 19.341145 0 -1
0 16.307692 0 -0.000008 20.007813 0 -1
0 16.307692 -3.960168 0 20.007813 0.882813 -1
63
0 -1 0
0.994522 0 0.104528
0.994522 0 0.104528
0.978148 0 0.207912
0.978148 0 0.207912
0.913545 0.000001 0.406737
0.913545 0.000001 0.406737
0.809017 0.000001 0.587785
0.809017 0.000001 0.587785
0.669131 0.000001 0.743145
0.669131 0.000001 0.743145
0.500000 0.000001 0.866026
0.500000 0.000001 0.866025
0.309016 0 0.951057
0.309016 0 0.951057
0.104528 0.000001 0.994522
0.104528 0.000001 0.994522
-0.104528 0.000001 0.994522
-0.104529 0.000001 0.994522
-0.309016 0 0.951057
-0.309016 0 0.951057
-0.500000 0.000001 0.866026
-0.500000 0.000001 0.866026
-0.669131 0.000001 0.743145
-0.669131 0.000001 0.743145
-0.809017 0.000001 0.587786
-0.809017 0.000001 0.587786
-0.913545 0.000001 0.406737
-0.913545 0.000001 0.406737
-0.978148 0 0.207912
-0.978148 0 0.207912
-1 -0 -0
-1 -0 -0
-0.978148 -0 -0.207912
-0.978148 0 -0.207912
-0.913545 -0.000001 -0.406737
-0.913545 -0.000001 -0.406737
-0.809017 -0.000001 -0.587786
-0.809017 -0.000001 -0.587786
-0.669131 -0.000001 -0.743145
-0.669130 -0.000001 -0.743145
-0.500001 -0.000001 -0.866025
-0.500001 0 -0.866025
-0.309018 -0.000001 -0.951056
-0.309018 -0.000002 -0.951056
-0.104529 -0 -0.994522
-0.104529 0 -0.994522
0.104529 -0 -0.994522
0.104528 0 -0.994522
0.309018 -0.000001 -0.951056
0.309018 -0.000002 -0.951056
0.500001 -0.000001 -0.866025
0.500001 0 -0.866025
0.669131 -0.000001 -0.743145
0.669131 -0.000001 -0.743144
0.809017 -0.000001 -0.587786
0.809017 -0.000001 -0.587786
0.913545 -0.000001 -0.406737
0.913545 -0.000001 -0.406738
0.978148 -0 -0.207912
0.978148 0 -0.207912
0.994522 -0 -0.104528
0.994522 -0 -0.104528
90
0 0 1 2 0 0 0 2
0 3 4 5 1 2 3 1
0 4 6 5 2 4 3 1
0 1 7 2 0 0 0 2
0 5 6 8 3 4 5 1
0 5 8 9 3 5 6 1
0 7 10 2 0 0 0 2
0 9 8 11 6 5 7 1
0 8 12 11 5 8 7 1
0 10 13 2 0 0 0 2
0 11 12 14 7 8 9 1
0 11 14 15 7 9 10 1
0 13 16 2 0 0 0 2
0 15 14 17 10 9 11 1
0 14 18 17 9 12 11 1
0 16 19 2 0 0 0 2
0 17 18 20 11 12 13 1
0 17 20 21 11 13 14 1
0 19 22 2 0 0 0 2
0 21 20 23 14 13 15 1
0 20 24 23 13 16 15 1
0 22 25 2 0 0 0 2
0 23 24 26 15 16 17 1
0 23 26 27 15 17 18 1
0 25 28 2 0 0 0 2
0 27 26 29 18 17 19 1
0 26 30 29 17 20 19 1
0 28 31 2 0 0 0 2
0 29 30 32 19 20 21 1
0 29 32 33 19 21 22 1
0 31 34 2 0 0 0 2
0 33 32 35 22 21 23 1
0 32 36 35 21 24 23 1
0 34 37 2 0 0 0 2
0 35 36 38 23 24 25 1
0 35 38 39 23 25 26 1
0 37 40 2 0 0 0 2
0 39 38 41 26 25 27 1
0 38 42 41 25 28 27 1
0 40 43 2 0 0 0 2
0 41 42 44 27 28 29 1
0 41 44 45 27 29 30 1
0 43 46 2 0 0 0 2
0 45 44 47 30 29 31 1
0 44 48 47 29 32 31 1
0 46 49 2 0 0 0 2
0 47 48 50 31 32 33 1
0 47 50 51 31 33 34 1
0 49 52 2 0 0 0 2
0 51 50 53 34 33 35 1
0 50 54 53 33 36 35 1
0 52 55 2 0 0 0 2
0 53 54 56 35 36 37 1
0 53 56 57 35 37 38 1
0 55 58 2 0 0 0 2
0 57 56 59 38 37 39 1
0 56 60 59 37 40 39 1
0 58 61 2 0 0 0 2
0 59 60 62 39 40 41 1
0 59 62 63 39 41 42 1
0 61 64 2 0 0 0 2
0 63 62 65 42 41 43 1
0 62 66 65 41 44 43 1
0 64 67 2 0 0 0 2
0 65 66 68 43 44 45 1
0 65 68 69 43 45 46 1
0 67 70 2 0 0 0 2
0 69 68 71 46 45 47 1
0 68 72 71 45 48 47 1
0 70 73 2 0 0 0 2
0 71 72 74 47 48 49 1
0 71 74 75 47 49 50 1
0 73 76 2 0 0 0 2
0 75 74 77 50 49 51 1
0 74 78 77 49 52 51 1
0 76 79 2 0 0 0 2
0 77 78 80 51 52 53 1
0 77 80 81 51 53 54 1
0 79 82 2 0 0 0 2
0 81 80 83 54 53 55 1
0 80 84 83 53 56 55 1
0 82 85 2 0 0 0 2
0 83 84 86 55 56 57 1
0 83 86 87 55 57 58 1
0 85 88 2 0 0 0 2
0 87 86 89 58 57 59 1
0 86 90 89 57 60 59 1
0 88 0 2 0 0 0 2
0 89 90 91 59 60 61 1
0 89 91 92 59 61 62 1
"Duplicate02" 0 0
31
0 16.307692 0 0 1 0.500000 -1
0 0 0 0 0.500000 0.500000 -1
0 15.951330 0 3.390559 0.989074 0.604528 -1
0 14.897816 0 6.632935 0.956773 0.704488 -1
0 13.193199 0 9.585421 0.904508 0.795511 -1
0 10.911976 0 12.118977 0.834565 0.873619 -1
0 8.153845 0 14.122875 0.750000 0.935398 -1
0 5.039353 0 15.509537 0.654508 0.978148 -1
0 1.704618 0 16.218357 0.552264 1 -1
0 -1.704618 0 16.218357 0.447736 1 -1
0 -5.039354 0 15.509537 0.345491 0.978148 -1
0 -8.153847 0 14.122875 0.250000 0.935398 -1
0 -10.911976 0 12.118977 0.165435 0.873619 -1
0 -13.193201 0 9.585421 0.095491 0.795511 -1
0 -14.897818 0 6.632935 0.043227 0.704488 -1
0 -15.951330 0 3.390559 0.010926 0.604528 -1
0 -16.307692 0 0 0 0.500000 -1
0 -15.951330 0 -3.390560 0.010926 0.395472 -1
0 -14.897818 0 -6.632936 0.043227 0.295511 -1
0 -13.193201 0 -9.585421 0.095491 0.204489 -1
0 -10.911976 0 -12.118977 0.165435 0.126381 -1
0 -8.153847 0 -14.122875 0.250000 0.064602 -1
0 -5.039354 0 -15.509537 0.345491 0.021852 -1
0 -1.704618 0 -16.218357 0.447736 0 -1
0 1.704618 0 -16.218357 0.552264 0 -1
0 5.039353 0 -15.509537 0.654508 0.021852 -1
0 8.153845 0 -14.122875 0.750000 0.064602 -1
0 10.911976 0 -12.118977 0.834565 0.126381 -1
0 13.193199 0 -9.585421 0.904508 0.204489 -1
0 14.897816 0 -6.632936 0.956773 0.295511 -1
0 15.951330 0 -3.390560 0.989074 0.395472 -1
1
0 1 0
30
0 0 1 2 0 0 0 2
0 2 1 3 0 0 0 2
0 3 1 4 0 0 0 2
0 4 1 5 0 0 0 2
0 5 1 6 0 0 0 2
0 6 1 7 0 0 0 2
0 7 1 8 0 0 0 2
0 8 1 9 0 0 0 2
0 9 1 10 0 0 0 2
0 10 1 11 0 0 0 2
0 11 1 12 0 0 0 2
0 12 1 13 0 0 0 2
0 13 1 14 0 0 0 2
0 14 1 15 0 0 0 2
0 15 1 16 0 0 0 2
0 16 1 17 0 0 0 2
0 17 1 18 0 0 0 2
0 18 1 19 0 0 0 2
0 19 1 20 0 0 0 2
0 20 1 21 0 0 0 2
0 21 1 22 0 0 0 2
0 22 1 23 0 0 0 2
0 23 1 24 0 0 0 2
0 24 1 25 0 0 0 2
0 25 1 26 0 0 0 2
0 26 1 27 0 0 0 2
0 27 1 28 0 0 0 2
0 28 1 29 0 0 0 2
0 29 1 30 0 0 0 2
0 30 1 0 0 0 0 2
"Regroup04" 0 3
224
0 -13.448122 7.087337 14.357357 0.001595 0.580223 -1
0 -12.610069 -0.453700 13.519304 0.001595 0.980224 -1
0 -12.538884 7.087337 13.448124 0.501595 0.580223 -1
0 -11.700830 0.046300 12.610070 0.501595 0.980224 -1
0 -12.538884 7.087337 13.448124 0.499203 0.580223 -1
0 -11.700830 0.046300 12.610070 0.499203 0.980224 -1
0 -13.448122 7.087337 12.538886 0.999203 0.580223 -1
0 -12.610068 0.046300 11.700832 0.999203 0.980224 -1
0 -13.448122 7.087337 12.538886 0.001595 0.580223 -1
0 -12.610068 0.046300 11.700832 0.001595 0.980224 -1
0 -14.357363 7.087337 13.448123 0.501595 0.580223 -1
0 -13.519309 -0.453700 12.610069 0.501595 0.980224 -1
0 -14.357363 7.087337 13.448123 0.499203 0.580223 -1
0 -13.519309 -0.453700 12.610069 0.499203 0.980224 -1
0 -13.448122 7.087337 14.357357 0.999203 0.580223 -1
0 -12.610069 -0.453700 13.519304 0.999203 0.980224 -1
0 -14.357363 7.087337 13.448123 0.694410 0.719973 -1
0 -13.448122 7.087337 14.357357 0.694410 0.784660 -1
0 -13.448122 7.087337 12.538886 0.814741 0.719973 -1
0 -12.538884 7.087337 13.448124 0.814741 0.784660 -1
0 -12.610069 -0.453700 13.519304 0.694410 0.719973 -1
0 -13.519309 -0.453700 12.610069 0.694410 0.784660 -1
0 -11.700830 0.046300 12.610070 0.814741 0.719973 -1
0 -12.610068 0.046300 11.700832 0.814741 0.784660 -1
0 -12.610069 14.492176 13.519304 0.001595 0.004466 -1
0 -13.448122 8.039991 14.357357 0.001595 0.607017 -1
0 -11.700830 14.492176 12.610070 0.501595 0.004466 -1
0 -12.538884 8.039991 13.448124 0.501595 0.607017 -1
0 -11.700830 14.492176 12.610070 0.499203 0.004466 -1
0 -12.538884 8.039991 13.448124 0.499203 0.607017 -1
0 -12.610068 14.492176 11.700832 0.999203 0.004466 -1
0 -13.448122 8.039991 12.538886 0.999203 0.607017 -1
0 -12.610068 14.492176 11.700832 0.001595 0.004466 -1
0 -13.448122 8.039991 12.538886 0.001595 0.607017 -1
0 -13.519309 14.492176 12.610069 0.501595 0.004466 -1
0 -14.357363 8.039991 13.448123 0.501595 0.607017 -1
0 -13.519309 14.492176 12.610069 0.499203 0.004466 -1
0 -14.357363 8.039991 13.448123 0.499203 0.607017 -1
0 -12.610069 14.492176 13.519304 0.999203 0.004466 -1
0 -13.448122 8.039991 14.357357 0.999203 0.607017 -1
0 -13.519309 14.492176 12.610069 0.694410 0.144215 -1
0 -12.610069 14.492176 13.519304 0.694410 0.208902 -1
0 -12.610068 14.492176 11.700832 0.814741 0.144215 -1
0 -11.700830 14.492176 12.610070 0.814741 0.208902 -1
0 -13.448122 8.039991 14.357357 0.694410 0.346767 -1
0 -14.357363 8.039991 13.448123 0.694410 0.411454 -1
0 -12.538884 8.039991 13.448124 0.814741 0.346767 -1
0 -13.448122 8.039991 12.538886 0.814741 0.411454 -1
0 -13.448119 8.235192 14.070908 0.216347 0.255656 -1
0 -13.448119 6.809869 14.070908 0.216347 0.352184 -1
0 -12.825334 8.235192 13.448126 0.277221 0.255656 -1
0 -12.825334 6.809869 13.448126 0.277221 0.352184 -1
0 -13.448121 8.235192 12.825338 0.277221 0.255656 -1
0 -13.448121 6.809869 12.825338 0.277221 0.352184 -1
0 -14.070905 8.235192 13.448116 0.216347 0.255656 -1
0 -14.070905 6.809869 13.448116 0.216347 0.352184 -1
0 14.357358 7.087337 13.448121 0.001595 0.580223 -1
0 13.519305 -0.453700 12.610068 0.001595 0.980224 -1
0 13.448125 7.087337 12.538883 0.501595 0.580223 -1
0 12.610071 0.046300 11.700830 0.501595 0.980224 -1
0 13.448125 7.087337 12.538883 0.499203 0.580223 -1
0 12.610071 0.046300 11.700830 0.499203 0.980224 -1
0 12.538887 7.087337 13.448121 0.999203 0.580223 -1
0 11.700833 0.046300 12.610067 0.999203 0.980224 -1
0 12.538887 7.087337 13.448121 0.001595 0.580223 -1
0 11.700833 0.046300 12.610067 0.001595 0.980224 -1
0 13.448124 7.087337 14.357362 0.501595 0.580223 -1
0 12.610070 -0.453700 13.519308 0.501595 0.980224 -1
0 13.448124 7.087337 14.357362 0.499203 0.580223 -1
0 12.610070 -0.453700 13.519308 0.499203 0.980224 -1
0 14.357358 7.087337 13.448121 0.999203 0.580223 -1
0 13.519305 -0.453700 12.610068 0.999203 0.980224 -1
0 13.448124 7.087337 14.357362 0.694410 0.719973 -1
0 14.357358 7.087337 13.448121 0.694410 0.784660 -1
0 12.538887 7.087337 13.448121 0.814741 0.719973 -1
0 13.448125 7.087337 12.538883 0.814741 0.784660 -1
0 13.519305 -0.453700 12.610068 0.694410 0.719973 -1
0 12.610070 -0.453700 13.519308 0.694410 0.784660 -1
0 12.610071 0.046300 11.700830 0.814741 0.719973 -1
0 11.700833 0.046300 12.610067 0.814741 0.784660 -1
0 13.519305 14.492176 12.610068 0.001595 0.004466 -1
0 14.357358 8.039991 13.448121 0.001595 0.607017 -1
0 12.610071 14.492176 11.700830 0.501595 0.004466 -1
0 13.448125 8.039991 12.538883 0.501595 0.607017 -1
0 12.610071 14.492176 11.700830 0.499203 0.004466 -1
0 13.448125 8.039991 12.538883 0.499203 0.607017 -1
0 11.700833 14.492176 12.610067 0.999203 0.004466 -1
0 12.538887 8.039991 13.448121 0.999203 0.607017 -1
0 11.700833 14.492176 12.610067 0.001595 0.004466 -1
0 12.538887 8.039991 13.448121 0.001595 0.607017 -1
0 12.610070 14.492176 13.519308 0.501595 0.004466 -1
0 13.448124 8.039991 14.357362 0.501595 0.607017 -1
0 12.610070 14.492176 13.519308 0.499203 0.004466 -1
0 13.448124 8.039991 14.357362 0.499203 0.607017 -1
0 13.519305 14.492176 12.610068 0.999203 0.004466 -1
0 14.357358 8.039991 13.448121 0.999203 0.607017 -1
0 12.610070 14.492176 13.519308 0.694410 0.144215 -1
0 13.519305 14.492176 12.610068 0.694410 0.208902 -1
0 11.700833 14.492176 12.610067 0.814741 0.144215 -1
0 12.610071 14.492176 11.700830 0.814741 0.208902 -1
0 14.357358 8.039991 13.448121 0.694410 0.346767 -1
0 13.448124 8.039991 14.357362 0.694410 0.411454 -1
0 13.448125 8.039991 12.538883 0.814741 0.346767 -1
0 12.538887 8.039991 13.448121 0.814741 0.411454 -1
0 14.070909 8.235192 13.448118 0.216347 0.255656 -1
0 14.070909 6.809869 13.448118 0.216347 0.352184 -1
0 13.448127 8.235192 12.825333 0.277221 0.255656 -1
0 13.448127 6.809869 12.825333 0.277221 0.352184 -1
0 12.825339 8.235192 13.448120 0.277221 0.255656 -1
0 12.825339 6.809869 13.448120 0.277221 0.352184 -1
0 13.448117 8.235192 14.070904 0.216347 0.255656 -1
0 13.448117 6.809869 14.070904 0.216347 0.352184 -1
0 -14.357360 7.087337 -13.448119 0.001595 0.580223 -1
0 -13.519307 -0.453700 -12.610066 0.001595 0.980224 -1
0 -13.448127 7.087337 -12.538881 0.501595 0.580223 -1
0 -12.610073 0.046300 -11.700828 0.501595 0.980224 -1
0 -13.448127 7.087337 -12.538881 0.499203 0.580223 -1
0 -12.610073 0.046300 -11.700828 0.499203 0.980224 -1
0 -12.538889 7.087337 -13.448119 0.999203 0.580223 -1
0 -11.700835 0.046300 -12.610065 0.999203 0.980224 -1
0 -12.538889 7.087337 -13.448119 0.001595 0.580223 -1
0 -11.700835 0.046300 -12.610065 0.001595 0.980224 -1
0 -13.448126 7.087337 -14.357360 0.501595 0.580223 -1
0 -12.610072 -0.453700 -13.519306 0.501595 0.980224 -1
0 -13.448126 7.087337 -14.357360 0.499203 0.580223 -1
0 -12.610072 -0.453700 -13.519306 0.499203 0.980224 -1
0 -14.357360 7.087337 -13.448119 0.999203 0.580223 -1
0 -13.519307 -0.453700 -12.610066 0.999203 0.980224 -1
0 -13.448126 7.087337 -14.357360 0.694410 0.719973 -1
0 -14.357360 7.087337 -13.448119 0.694410 0.784660 -1
0 -12.538889 7.087337 -13.448119 0.814741 0.719973 -1
0 -13.448127 7.087337 -12.538881 0.814741 0.784660 -1
0 -13.519307 -0.453700 -12.610066 0.694410 0.719973 -1
0 -12.610072 -0.453700 -13.519306 0.694410 0.784660 -1
0 -12.610073 0.046300 -11.700828 0.814741 0.719973 -1
0 -11.700835 0.046300 -12.610065 0.814741 0.784660 -1
0 -13.519307 14.492176 -12.610066 0.001595 0.004466 -1
0 -14.357360 8.039991 -13.448119 0.001595 0.607017 -1
0 -12.610073 14.492176 -11.700828 0.501595 0.004466 -1
0 -13.448127 8.039991 -12.538881 0.501595 0.607017 -1
0 -12.610073 14.492176 -11.700828 0.499203 0.004466 -1
0 -13.448127 8.039991 -12.538881 0.499203 0.607017 -1
0 -11.700835 14.492176 -12.610065 0.999203 0.004466 -1
0 -12.538889 8.039991 -13.448119 0.999203 0.607017 -1
0 -11.700835 14.492176 -12.610065 0.001595 0.004466 -1
0 -12.538889 8.039991 -13.448119 0.001595 0.607017 -1
0 -12.610072 14.492176 -13.519306 0.501595 0.004466 -1
0 -13.448126 8.039991 -14.357360 0.501595 0.607017 -1
0 -12.610072 14.492176 -13.519306 0.499203 0.004466 -1
0 -13.448126 8.039991 -14.357360 0.499203 0.607017 -1
0 -13.519307 14.492176 -12.610066 0.999203 0.004466 -1
0 -14.357360 8.039991 -13.448119 0.999203 0.607017 -1
0 -12.610072 14.492176 -13.519306 0.694410 0.144215 -1
0 -13.519307 14.492176 -12.610066 0.694410 0.208902 -1
0 -11.700835 14.492176 -12.610065 0.814741 0.144215 -1
0 -12.610073 14.492176 -11.700828 0.814741 0.208902 -1
0 -14.357360 8.039991 -13.448119 0.694410 0.346767 -1
0 -13.448126 8.039991 -14.357360 0.694410 0.411454 -1
0 -13.448127 8.039991 -12.538881 0.814741 0.346767 -1
0 -12.538889 8.039991 -13.448119 0.814741 0.411454 -1
0 -14.070910 8.235192 -13.448116 0.216347 0.255656 -1
0 -14.070910 6.809869 -13.448116 0.216347 0.352184 -1
0 -13.448129 8.235192 -12.825331 0.277221 0.255656 -1
0 -13.448129 6.809869 -12.825331 0.277221 0.352184 -1
0 -12.825341 8.235192 -13.448118 0.277221 0.255656 -1
0 -12.825341 6.809869 -13.448118 0.277221 0.352184 -1
0 -13.448119 8.235192 -14.070902 0.216347 0.255656 -1
0 -13.448119 6.809869 -14.070902 0.216347 0.352184 -1
0 13.448116 7.087337 -14.357363 0.001595 0.580223 -1
0 12.610064 -0.453700 -13.519310 0.001595 0.980224 -1
0 12.538878 7.087337 -13.448130 0.501595 0.580223 -1
0 11.700825 0.046300 -12.610076 0.501595 0.980224 -1
0 12.538878 7.087337 -13.448130 0.499203 0.580223 -1
0 11.700825 0.046300 -12.610076 0.499203 0.980224 -1
0 13.448116 7.087337 -12.538892 0.999203 0.580223 -1
0 12.610063 0.046300 -11.700838 0.999203 0.980224 -1
0 13.448116 7.087337 -12.538892 0.001595 0.580223 -1
0 12.610063 0.046300 -11.700838 0.001595 0.980224 -1
0 14.357357 7.087337 -13.448129 0.501595 0.580223 -1
0 13.519303 -0.453700 -12.610075 0.501595 0.980224 -1
0 14.357357 7.087337 -13.448129 0.499203 0.580223 -1
0 13.519303 -0.453700 -12.610075 0.499203 0.980224 -1
0 13.448116 7.087337 -14.357363 0.999203 0.580223 -1
0 12.610064 -0.453700 -13.519310 0.999203 0.980224 -1
0 14.357357 7.087337 -13.448129 0.694410 0.719973 -1
0 13.448116 7.087337 -14.357363 0.694410 0.784660 -1
0 13.448116 7.087337 -12.538892 0.814741 0.719973 -1
0 12.538878 7.087337 -13.448130 0.814741 0.784660 -1
0 12.610064 -0.453700 -13.519310 0.694410 0.719973 -1
0 13.519303 -0.453700 -12.610075 0.694410 0.784660 -1
0 11.700825 0.046300 -12.610076 0.814741 0.719973 -1
0 12.610063 0.046300 -11.700838 0.814741 0.784660 -1
0 12.610064 14.492176 -13.519310 0.001595 0.004466 -1
0 13.448116 8.039991 -14.357363 0.001595 0.607017 -1
0 11.700825 14.492176 -12.610076 0.501595 0.004466 -1
0 12.538878 8.039991 -13.448130 0.501595 0.607017 -1
0 11.700825 14.492176 -12.610076 0.499203 0.004466 -1
0 12.538878 8.039991 -13.448130 0.499203 0.607017 -1
0 12.610063 14.492176 -11.700838 0.999203 0.004466 -1
0 13.448116 8.039991 -12.538892 0.999203 0.607017 -1
0 12.610063 14.492176 -11.700838 0.001595 0.004466 -1
0 13.448116 8.039991 -12.538892 0.001595 0.607017 -1
0 13.519303 14.492176 -12.610075 0.501595 0.004466 -1
0 14.357357 8.039991 -13.448129 0.501595 0.607017 -1
0 13.519303 14.492176 -12.610075 0.499203 0.004466 -1
0 14.357357 8.039991 -13.448129 0.499203 0.607017 -1
0 12.610064 14.492176 -13.519310 0.999203 0.004466 -1
0 13.448116 8.039991 -14.357363 0.999203 0.607017 -1
0 13.519303 14.492176 -12.610075 0.694410 0.144215 -1
0 12.610064 14.492176 -13.519310 0.694410 0.208902 -1
0 12.610063 14.492176 -11.700838 0.814741 0.144215 -1
0 11.700825 14.492176 -12.610076 0.814741 0.208902 -1
0 13.448116 8.039991 -14.357363 0.694410 0.346767 -1
0 14.357357 8.039991 -13.448129 0.694410 0.411454 -1
0 12.538878 8.039991 -13.448130 0.814741 0.346767 -1
0 13.448116 8.039991 -12.538892 0.814741 0.411454 -1
0 13.448113 8.235192 -14.070913 0.216347 0.255656 -1
0 13.448113 6.809869 -14.070913 0.216347 0.352184 -1
0 12.825328 8.235192 -13.448132 0.277221 0.255656 -1
0 12.825328 6.809869 -13.448132 0.277221 0.352184 -1
0 13.448115 8.235192 -12.825344 0.277221 0.255656 -1
0 13.448115 6.809869 -12.825344 0.277221 0.352184 -1
0 14.070899 8.235192 -13.448122 0.216347 0.255656 -1
0 14.070899 6.809869 -13.448122 0.216347 0.352184 -1
102
0.707105 -0 0.707109
0.707105 -0 0.707109
0.707105 -0 0.707108
0.697297 0.165990 -0.697297
-0.707105 0 -0.707108
-0.707105 0 -0.707108
-0.707105 0 -0.707108
-0.698530 -0.155259 0.698535
-0.698530 -0.155259 0.698534
-0.698530 -0.155259 0.698534
0 1 0
0.256263 -0.932018 -0.256265
0.256263 -0.932018 -0.256264
0.256263 -0.932018 -0.256263
0.707105 0 0.707109
0.707105 0 0.707109
0.707105 0 0.707109
0.695471 -0.180665 -0.695471
-0.707105 -0 -0.707108
-0.695469 0.180665 0.695473
-0.695469 0.180665 0.695473
-0.695469 0.180665 0.695474
0 -1 0
0.707105 0 0.707109
0.707107 0 -0.707107
-0.707104 0 -0.707110
-0.707110 0 0.707104
0.707109 -0 -0.707105
0.707108 -0 -0.707105
0.707108 -0 -0.707105
-0.697297 0.165990 -0.697297
-0.697297 0.165990 -0.697298
-0.697297 0.165991 -0.697298
-0.707108 0 0.707105
-0.707108 0 0.707105
-0.707108 0 0.707105
0.698535 -0.155259 0.698530
0.698534 -0.155259 0.698530
0.698534 -0.155259 0.698530
-0.256265 -0.932018 -0.256263
-0.256264 -0.932018 -0.256263
-0.256263 -0.932018 -0.256263
0.707108 0 -0.707105
0.707108 0 -0.707105
0.707109 0.000001 -0.707105
-0.695471 -0.180665 -0.695471
-0.695471 -0.180665 -0.695471
-0.695471 -0.180665 -0.695471
-0.707108 -0 0.707105
0.695473 0.180665 0.695469
0.695473 0.180665 0.695469
0.695474 0.180665 0.695469
0.707109 0 -0.707105
-0.707107 0 -0.707107
0.707104 0 0.707110
-0.707109 -0 0.707105
-0.707109 -0 0.707105
-0.707108 -0 0.707105
0.697297 0.165990 0.697297
0.707108 0 -0.707105
0.707108 0 -0.707105
0.707108 0 -0.707105
-0.698535 -0.155259 -0.698530
-0.698534 -0.155259 -0.698530
-0.698534 -0.155259 -0.698530
0.256265 -0.932018 0.256263
0.256264 -0.932018 0.256263
0.256263 -0.932018 0.256263
-0.707109 0 0.707105
-0.707109 0 0.707105
-0.707109 0 0.707105
0.695471 -0.180665 0.695471
0.707108 -0 -0.707105
-0.695473 0.180665 -0.695469
-0.695473 0.180665 -0.695469
-0.695474 0.180665 -0.695469
-0.707109 0 0.707105
0.707107 0 0.707107
0.707110 0 -0.707104
-0.707105 -0 -0.707109
-0.707105 -0 -0.707109
-0.707105 -0 -0.707108
-0.697297 0.165990 0.697297
0.707105 0 0.707108
0.707105 0 0.707108
0.707105 0 0.707108
0.698530 -0.155259 -0.698535
0.698530 -0.155259 -0.698534
0.698530 -0.155259 -0.698534
-0.256263 -0.932018 0.256265
-0.256263 -0.932018 0.256264
-0.256263 -0.932018 0.256263
-0.707105 0 -0.707109
-0.707105 0 -0.707109
-0.707105 0 -0.707109
-0.695471 -0.180665 0.695471
0.707105 -0 0.707108
0.695469 0.180665 -0.695473
0.695469 0.180665 -0.695473
0.695469 0.180665 -0.695474
-0.707105 0 -0.707109
-0.707107 0 0.707107
144
0 0 1 2 0 1 1 1
0 1 3 2 1 2 1 1
0 4 5 6 3 3 3 2
0 5 7 6 3 3 3 2
0 8 9 10 4 5 5 1
0 9 11 10 5 6 5 1
0 12 13 14 7 8 8 2
0 13 15 14 8 9 8 2
0 16 17 18 10 10 10 3
0 17 19 18 10 10 10 3
0 20 21 22 11 12 12 3
0 21 23 22 12 13 12 3
0 24 25 26 14 15 15 1
0 25 27 26 15 16 15 1
0 28 29 30 17 17 17 2
0 29 31 30 17 17 17 2
0 32 33 34 18 18 18 1
0 33 35 34 18 18 18 1
0 36 37 38 19 20 20 2
0 37 39 38 20 21 20 2
0 40 41 42 10 10 10 3
0 41 43 42 10 10 10 3
0 44 45 46 22 22 22 3
0 45 47 46 22 22 22 3
0 48 49 50 23 23 23 1
0 49 51 50 23 23 23 1
0 50 51 52 24 24 24 2
0 51 53 52 24 24 24 2
0 52 53 54 25 25 25 1
0 53 55 54 25 25 25 1
0 54 55 48 26 26 26 2
0 55 49 48 26 26 26 2
0 54 48 52 10 10 10 3
0 48 50 52 10 10 10 3
0 49 55 51 22 22 22 3
0 55 53 51 22 22 22 3
0 56 57 58 27 28 28 1
0 57 59 58 28 29 28 1
0 60 61 62 30 31 31 2
0 61 63 62 31 32 31 2
0 64 65 66 33 34 34 1
0 65 67 66 34 35 34 1
0 68 69 70 36 37 37 2
0 69 71 70 37 38 37 2
0 72 73 74 10 10 10 3
0 73 75 74 10 10 10 3
0 76 77 78 39 40 40 3
0 77 79 78 40 41 40 3
0 80 81 82 42 43 43 1
0 81 83 82 43 44 43 1
0 84 85 86 45 46 46 2
0 85 87 86 46 47 46 2
0 88 89 90 48 48 48 1
0 89 91 90 48 48 48 1
0 92 93 94 49 50 50 2
0 93 95 94 50 51 50 2
0 96 97 98 10 10 10 3
0 97 99 98 10 10 10 3
0 100 101 102 22 22 22 3
0 101 103 102 22 22 22 3
0 104 105 106 52 52 52 1
0 105 107 106 52 52 52 1
0 106 107 108 53 53 53 2
0 107 109 108 53 53 53 2
0 108 109 110 26 26 26 1
0 109 111 110 26 26 26 1
0 110 111 104 54 54 54 2
0 111 105 104 54 54 54 2
0 110 104 108 10 10 10 3
0 104 106 108 10 10 10 3
0 105 111 107 22 22 22 3
0 111 109 107 22 22 22 3
0 112 113 114 55 56 56 1
0 113 115 114 56 57 56 1
0 116 117 118 58 58 58 2
0 117 119 118 58 58 58 2
0 120 121 122 59 60 60 1
0 121 123 122 60 61 60 1
0 124 125 126 62 63 63 2
0 125 127 126 63 64 63 2
0 128 129 130 10 10 10 3
0 129 131 130 10 10 10 3
0 132 133 134 65 66 66 3
0 133 135 134 66 67 66 3
0 136 137 138 68 69 69 1
0 137 139 138 69 70 69 1
0 140 141 142 71 71 71 2
0 141 143 142 71 71 71 2
0 144 145 146 72 72 72 1
0 145 147 146 72 72 72 1
0 148 149 150 73 74 74 2
0 149 151 150 74 75 74 2
0 152 153 154 10 10 10 3
0 153 155 154 10 10 10 3
0 156 157 158 22 22 22 3
0 157 159 158 22 22 22 3
0 160 161 162 76 76 76 1
0 161 163 162 76 76 76 1
0 162 163 164 77 77 77 2
0 163 165 164 77 77 77 2
0 164 165 166 78 78 78 1
0 165 167 166 78 78 78 1
0 166 167 160 25 25 25 2
0 167 161 160 25 25 25 2
0 166 160 164 10 10 10 3
0 160 162 164 10 10 10 3
0 161 167 163 22 22 22 3
0 167 165 163 22 22 22 3
0 168 169 170 79 80 80 1
0 169 171 170 80 81 80 1
0 172 173 174 82 82 82 2
0 173 175 174 82 82 82 2
0 176 177 178 83 84 84 1
0 177 179 178 84 85 84 1
0 180 181 182 86 87 87 2
0 181 183 182 87 88 87 2
0 184 185 186 10 10 10 3
0 185 187 186 10 10 10 3
0 188 189 190 89 90 90 3
0 189 191 190 90 91 90 3
0 192 193 194 92 93 93 1
0 193 195 194 93 94 93 1
0 196 197 198 95 95 95 2
0 197 199 198 95 95 95 2
0 200 201 202 96 96 96 1
0 201 203 202 96 96 96 1
0 204 205 206 97 98 98 2
0 205 207 206 98 99 98 2
0 208 209 210 10 10 10 3
0 209 211 210 10 10 10 3
0 212 213 214 22 22 22 3
0 213 215 214 22 22 22 3
0 216 217 218 100 100 100 1
0 217 219 218 100 100 100 1
0 218 219 220 101 101 101 2
0 219 221 220 101 101 101 2
0 220 221 222 54 54 54 1
0 221 223 222 54 54 54 1
0 222 223 216 78 78 78 2
0 223 217 216 78 78 78 2
0 222 216 220 10 10 10 3
0 216 218 220 10 10 10 3
0 217 223 219 22 22 22 3
0 223 221 219 22 22 22 3
"Regroup00" 0 1
46
0 20.250002 -1.568997 2.550545 0 0.571077 -1
0 20.250002 -8.018999 2.550545 0 0.999970 -1
0 36.950005 -4.317846 2.551051 1 0.571077 -1
0 36.950005 -8.018999 2.550545 1 0.999970 -1
0 36.950005 -4.317846 2.551051 0.885105 0.518670 -1
0 36.950005 -8.018999 2.550545 0.885105 0.567885 -1
0 36.950005 -4.317846 -2.420308 0.978236 0.518670 -1
0 36.950005 -8.018999 -2.401497 0.978236 0.567885 -1
0 36.950005 -4.317846 -2.420308 0.998047 0.571077 -1
0 36.950005 -8.018999 -2.401497 0.998047 0.999970 -1
0 20.250002 -1.568997 -2.401497 0.001953 0.571077 -1
0 20.250002 -8.018999 -2.401497 0.001953 0.999970 -1
0 20.250002 -1.568997 -2.401497 0 0.515413 -1
0 20.250002 -8.018999 -2.401497 0 0.999970 -1
0 20.250002 -1.568997 2.550545 1 0.515413 -1
0 20.250002 -8.018999 2.550545 1 0.999970 -1
0 20.250002 -1.568997 2.550545 0 0.602509 -1
0 36.950005 -4.317846 -2.420308 1 0.515413 -1
0 36.950005 -4.317846 2.551051 1 0.602509 -1
0 20.250002 -8.018999 2.550545 0.378490 0.965902 -1
0 20.250002 -8.018999 -2.401497 0.378490 0.998439 -1
0 36.950005 -8.018999 2.550545 0.432200 0.965902 -1
0 36.950005 -8.018999 -2.401497 0.432200 0.998439 -1
0 -20.250002 -1.568997 -2.550543 0 0.571077 -1
0 -20.250002 -8.018999 -2.550543 0 0.999970 -1
0 -36.950005 -4.317846 -2.551048 1 0.571077 -1
0 -36.950005 -8.018999 -2.550542 1 0.999970 -1
0 -36.950005 -4.317846 -2.551048 0.885105 0.518670 -1
0 -36.950005 -8.018999 -2.550542 0.885105 0.567885 -1
0 -36.950005 -4.317846 2.420311 0.978236 0.518670 -1
0 -36.950005 -8.018999 2.401500 0.978236 0.567885 -1
0 -36.950005 -4.317846 2.420311 0.998047 0.571077 -1
0 -36.950005 -8.018999 2.401500 0.998047 0.999970 -1
0 -20.250002 -1.568997 2.401499 0.001953 0.571077 -1
0 -20.250002 -8.018999 2.401499 0.001953 0.999970 -1
0 -20.250002 -1.568997 2.401499 0 0.515413 -1
0 -20.250002 -8.018999 2.401499 0 0.999970 -1
0 -20.250002 -1.568997 -2.550543 1 0.515413 -1
0 -20.250002 -8.018999 -2.550543 1 0.999970 -1
0 -20.250002 -1.568997 -2.550543 0 0.602509 -1
0 -36.950005 -4.317846 2.420311 1 0.515413 -1
0 -36.950005 -4.317846 -2.551048 1 0.602509 -1
0 -20.250002 -8.018999 -2.550543 0.378490 0.965902 -1
0 -20.250002 -8.018999 2.401499 0.378490 0.998439 -1
0 -36.950005 -8.018999 -2.550542 0.432200 0.965902 -1
0 -36.950005 -8.018999 2.401500 0.432200 0.998439 -1
19
-0.000030 0 1
-0.000015 -0.000068 1
0 -0.000137 1
1 0 0
-0.001963 -0.005082 -0.999985
-0.000981 -0.002541 -0.999996
0 0 -1
-1 0 0
0.162416 0.986722 0
0.162416 0.986722 0
0 -1 0
0.000030 0 -1
0.000015 -0.000068 -1
-0 -0.000137 -1
0.001963 -0.005082 0.999985
0.000982 -0.002541 0.999996
0 0 1
-0.162416 0.986722 0
-0.162416 0.986722 0
24
0 0 1 2 0 1 1 1
0 1 3 2 1 2 1 1
0 4 5 6 3 3 3 2
0 5 7 6 3 3 3 2
0 8 9 10 4 5 5 1
0 9 11 10 5 6 5 1
0 12 13 14 7 7 7 2
0 13 15 14 7 7 7 2
0 12 16 17 8 9 9 3
0 16 18 17 9 9 9 3
0 19 20 21 10 10 10 3
0 20 22 21 10 10 10 3
0 23 24 25 11 12 12 1
0 24 26 25 12 13 12 1
0 27 28 29 7 7 7 2
0 28 30 29 7 7 7 2
0 31 32 33 14 15 15 1
0 32 34 33 15 16 15 1
0 35 36 37 3 3 3 2
0 36 38 37 3 3 3 2
0 35 39 40 17 18 18 3
0 39 41 40 18 18 18 3
0 42 43 44 10 10 10 3
0 43 45 44 10 10 10 3

Materials: 7
"PLATFORM"
0.200000 0.200000 0.200000 1
0.800000 0.800000 0.800000 1
0 0 0 1
1 1 1 1
0
1
"PLATFORM.png"
""
"PLATFORM_1"
0.200000 0.200000 0.200000 1
0.800000 0.800000 0.800000 1
0 0 0 1
1 1 1 1
0
1
"PLATFORM_1.png"
""
"PLATFORM_3"
0.200000 0.200000 0.200000 1
0.800000 0.800000 0.800000 1
0 0 0 1
1 1 1 1
0
1
"PLATFORM_3.png"
""
"BAR"
0.200000 0.200000 0.200000 1
0.800000 0.800000 0.800000 1
0 0 0 1
1 1 1 1
0
1
"BAR_1.png"
""
"WALL_1"
0.200000 0.200000 0.200000 1
0.800000 0.800000 0.800000 1
0 0 0 1
1 1 1 1
0
1
"WALL_1.png"
""
"WALL_2"
0.200000 0.200000 0.200000 1
0.800000 0.800000 0.800000 1
0 0 0 1
1 1 1 1
0
1
"WALL_0.png"
""
"ROTATE_1"
0.200000 0.200000 0.200000 1
0.800000 0.800000 0.800000 1
0 0 0 1
1 1 1 1
0
1
"ROTATE_1.png"
""

Bones: 0
GroupComments: 0
MaterialComments: 0
BoneComments: 0
ModelComment: 0
