Meshes: 1
"Duplicate02" 0 0
31
0 16.307692 0 0 1 0.500000 -1
0 0 0 0 0.500000 0.500000 -1
0 15.951330 0 3.390559 0.989074 0.604528 -1
0 14.897816 0 6.632935 0.956773 0.704488 -1
0 13.193199 0 9.585421 0.904508 0.795511 -1
0 10.911976 0 12.118977 0.834565 0.873619 -1
0 8.153845 0 14.122875 0.750000 0.935398 -1
0 5.039353 0 15.509537 0.654508 0.978148 -1
0 1.704618 0 16.218357 0.552264 1 -1
0 -1.704618 0 16.218357 0.447736 1 -1
0 -5.039354 0 15.509537 0.345491 0.978148 -1
0 -8.153847 0 14.122875 0.250000 0.935398 -1
0 -10.911976 0 12.118977 0.165435 0.873619 -1
0 -13.193201 0 9.585421 0.095491 0.795511 -1
0 -14.897818 0 6.632935 0.043227 0.704488 -1
0 -15.951330 0 3.390559 0.010926 0.604528 -1
0 -16.307692 0 0 0 0.500000 -1
0 -15.951330 0 -3.390560 0.010926 0.395472 -1
0 -14.897818 0 -6.632936 0.043227 0.295511 -1
0 -13.193201 0 -9.585421 0.095491 0.204489 -1
0 -10.911976 0 -12.118977 0.165435 0.126381 -1
0 -8.153847 0 -14.122875 0.250000 0.064602 -1
0 -5.039354 0 -15.509537 0.345491 0.021852 -1
0 -1.704618 0 -16.218357 0.447736 0 -1
0 1.704618 0 -16.218357 0.552264 0 -1
0 5.039353 0 -15.509537 0.654508 0.021852 -1
0 8.153845 0 -14.122875 0.750000 0.064602 -1
0 10.911976 0 -12.118977 0.834565 0.126381 -1
0 13.193199 0 -9.585421 0.904508 0.204489 -1
0 14.897816 0 -6.632936 0.956773 0.295511 -1
0 15.951330 0 -3.390560 0.989074 0.395472 -1
1
0 1 0
30
0 0 1 2 0 0 0 2
0 2 1 3 0 0 0 2
0 3 1 4 0 0 0 2
0 4 1 5 0 0 0 2
0 5 1 6 0 0 0 2
0 6 1 7 0 0 0 2
0 7 1 8 0 0 0 2
0 8 1 9 0 0 0 2
0 9 1 10 0 0 0 2
0 10 1 11 0 0 0 2
0 11 1 12 0 0 0 2
0 12 1 13 0 0 0 2
0 13 1 14 0 0 0 2
0 14 1 15 0 0 0 2
0 15 1 16 0 0 0 2
0 16 1 17 0 0 0 2
0 17 1 18 0 0 0 2
0 18 1 19 0 0 0 2
0 19 1 20 0 0 0 2
0 20 1 21 0 0 0 2
0 21 1 22 0 0 0 2
0 22 1 23 0 0 0 2
0 23 1 24 0 0 0 2
0 24 1 25 0 0 0 2
0 25 1 26 0 0 0 2
0 26 1 27 0 0 0 2
0 27 1 28 0 0 0 2
0 28 1 29 0 0 0 2
0 29 1 30 0 0 0 2
0 30 1 0 0 0 0 2

Materials: 1
"PLATFORM"
0.200000 0.200000 0.200000 0.830000
0.800000 0.800000 0.800000 0.830000
0 0 0 0.830000
1 1 1 0.830000
0
0.830000
"PLATFORM_2.png"
""

Bones: 0
GroupComments: 0
MaterialComments: 0
BoneComments: 0
ModelComment: 0
