// MilkShape 3D ASCII

Frames: 30
Frame: 1

Meshes: 2
"PILLAR_INT" 0 1
32
0 -28.055485 -566.384766 299.999512 0 2.514648 -1
0 -28.055485 686.384766 299.999512 0 0.014648 -1
0 -14.027731 -566.384766 275.702728 0.250000 2.514648 -1
0 -14.027731 686.384766 275.702728 0.250000 0.014648 -1
0 14.027781 686.384766 275.702728 0.750000 0.014648 -1
0 14.027781 -566.384766 275.702728 0.750000 2.514648 -1
0 28.055538 -566.384766 299.999512 1 2.514648 -1
0 28.055538 686.384766 299.999512 1 0.014648 -1
0 299.999512 -566.384766 28.055471 0 2.514648 -1
0 299.999512 686.384766 28.055471 0 0.014648 -1
0 275.702728 -566.384766 14.027719 0.250000 2.514648 -1
0 275.702728 686.384766 14.027719 0.250000 0.014648 -1
0 275.702728 686.384766 -14.027793 0.750000 0.014648 -1
0 275.702728 -566.384766 -14.027793 0.750000 2.514648 -1
0 299.999512 -566.384766 -28.055552 1 2.514648 -1
0 299.999512 686.384766 -28.055552 1 0.014648 -1
0 28.055458 -566.384766 -299.999512 0 2.514648 -1
0 28.055458 686.384766 -299.999512 0 0.014648 -1
0 14.027706 -566.384766 -275.702728 0.250000 2.514648 -1
0 14.027706 686.384766 -275.702728 0.250000 0.014648 -1
0 -14.027805 686.384766 -275.702728 0.750000 0.014648 -1
0 -14.027805 -566.384766 -275.702728 0.750000 2.514648 -1
0 -28.055565 -566.384766 -299.999512 1 2.514648 -1
0 -28.055565 686.384766 -299.999512 1 0.014648 -1
0 -299.999512 -566.384766 -28.055445 0 2.514648 -1
0 -299.999512 686.384766 -28.055445 0 0.014648 -1
0 -275.702728 -566.384766 -14.027694 0.250000 2.514648 -1
0 -275.702728 686.384766 -14.027694 0.250000 0.014648 -1
0 -275.702728 686.384766 14.027818 0.750000 0.014648 -1
0 -275.702728 -566.384766 14.027818 0.750000 2.514648 -1
0 -299.999512 -566.384766 28.055578 1 2.514648 -1
0 -299.999512 686.384766 28.055578 1 0.014648 -1
21
-1 0 -0
-1 0 -0
-0.500000 0 -0.866025
0.500000 0 -0.866025
1 0 -0
-0 0 1
-0.866025 0 0.500000
-0.866025 0 -0.500000
-0.866025 0 -0.500000
-0 0 -1
1 0 0
0.500000 0 0.866025
-0.500000 0 0.866025
-0.500000 0 0.866025
-1 0 0
0 0 -1
0 0 -1
0.866025 0 -0.500000
0.866025 0 0.500000
0 0 1
0 0 1
24
0 0 1 2 0 1 2 1
0 1 3 2 1 2 2 1
0 2 3 4 2 2 3 1
0 2 4 5 2 3 3 1
0 5 4 6 3 3 4 1
0 4 7 6 3 4 4 1
0 8 9 10 5 5 6 1
0 9 11 10 5 6 6 1
0 10 11 12 6 6 7 1
0 10 12 13 6 7 8 1
0 13 12 14 8 7 9 1
0 12 15 14 7 9 9 1
0 16 17 18 10 10 11 1
0 17 19 18 10 11 11 1
0 18 19 20 11 11 12 1
0 18 20 21 11 12 13 1
0 21 20 22 13 12 14 1
0 20 23 22 12 14 14 1
0 24 25 26 15 16 17 1
0 25 27 26 16 17 17 1
0 26 27 28 17 17 18 1
0 26 28 29 17 18 18 1
0 29 28 30 18 18 19 1
0 28 31 30 18 20 19 1
"PILLAR" 0 0
32
0 56.111023 -566.384766 -299.999542 1 0.016602 -1
0 56.111023 686.384766 -299.999542 1 2.516602 -1
0 28.055513 -566.384766 -251.405960 0.750000 0.016602 -1
0 28.055513 686.384766 -251.405960 0.750000 2.516602 -1
0 -28.055510 686.384766 -251.405960 0.250000 2.516602 -1
0 -28.055510 -566.384766 -251.405960 0.250000 0.016602 -1
0 -56.111023 -566.384766 -299.999542 0 0.016602 -1
0 -56.111023 686.384766 -299.999542 0 2.516602 -1
0 -299.999542 -566.384766 -56.111008 1 0.016602 -1
0 -299.999542 686.384766 -56.111008 1 2.516602 -1
0 -251.405960 -566.384766 -28.055498 0.750000 0.016602 -1
0 -251.405960 686.384766 -28.055498 0.750000 2.516602 -1
0 -251.405960 686.384766 28.055525 0.250000 2.516602 -1
0 -251.405960 -566.384766 28.055525 0.250000 0.016602 -1
0 -299.999542 -566.384766 56.111038 0 0.016602 -1
0 -299.999542 686.384766 56.111038 0 2.516602 -1
0 -56.110996 -566.384766 299.999542 1 0.016602 -1
0 -56.110996 686.384766 299.999542 1 2.516602 -1
0 -28.055489 -566.384766 251.405960 0.750000 0.016602 -1
0 -28.055489 686.384766 251.405960 0.750000 2.516602 -1
0 28.055534 686.384766 251.405960 0.250000 2.516602 -1
0 28.055534 -566.384766 251.405960 0.250000 0.016602 -1
0 56.111050 -566.384766 299.999542 0 0.016602 -1
0 56.111050 686.384766 299.999542 0 2.516602 -1
0 299.999542 -566.384766 56.110989 1 0.016602 -1
0 299.999542 686.384766 56.110989 1 2.516602 -1
0 251.405960 -566.384766 28.055483 0.750000 0.016602 -1
0 251.405960 686.384766 28.055483 0.750000 2.516602 -1
0 251.405960 686.384766 -28.055542 0.250000 2.516602 -1
0 251.405960 -566.384766 -28.055542 0.250000 0.016602 -1
0 299.999542 -566.384766 -56.111061 0 0.016602 -1
0 299.999542 686.384766 -56.111061 0 2.516602 -1
19
1 0 -0
0.500000 0 0.866025
-0.500000 0 0.866025
-1 0 -0
-1 0 -0
-0 0 -1
-0 0 -1
0.866025 0 -0.500000
0.866025 0 0.500000
-0 0 1
-1 0 0
-1 0 0
-0.500000 0 -0.866025
0.500000 0 -0.866025
1 0 0
0 0 1
-0.866025 0 0.500000
-0.866025 0 -0.500000
0 0 -1
24
0 0 1 2 0 0 1 1
0 1 3 2 0 1 1 1
0 2 3 4 1 1 2 1
0 2 4 5 1 2 2 1
0 5 4 6 2 2 3 1
0 4 7 6 2 4 3 1
0 8 9 10 5 6 7 1
0 9 11 10 6 7 7 1
0 10 11 12 7 7 8 1
0 10 12 13 7 8 8 1
0 13 12 14 8 8 9 1
0 12 15 14 8 9 9 1
0 16 17 18 10 11 12 1
0 17 19 18 11 12 12 1
0 18 19 20 12 12 13 1
0 18 20 21 12 13 13 1
0 21 20 22 13 13 14 1
0 20 23 22 13 14 14 1
0 24 25 26 15 15 16 1
0 25 27 26 15 16 16 1
0 26 27 28 16 16 17 1
0 26 28 29 16 17 17 1
0 29 28 30 17 17 18 1
0 28 31 30 17 18 18 1

Materials: 2
"RED"
0.200000 0.200000 0.200000 1
0.800000 0.800000 0.800000 1
0 0 0 1
1 1 1 1
0
1
"RED.ini"
""
"RED_50"
0.200000 0.200000 0.200000 0.480000
0.800000 0.800000 0.800000 0.480000
0 0 0 0.480000
1 1 1 0.480000
0
0.480000
"RED.ini"
""

Bones: 0
GroupComments: 0
MaterialComments: 0
BoneComments: 0
ModelComment: 0
