Meshes: 1
"HEX1" 0 0
32
0 -36.814713 -0.006760 3.318619 0.500977 0.998047 1
0 0.003359 -0.006729 16.318619 0.250977 0.498047 1
0 -18.405684 -31.892132 3.318619 0.000977 0.998047 1
0 -18.473862 -31.846893 3.318619 0.500977 0.998047 1
0 18.344254 -31.846943 3.318619 0.000977 0.998047 1
0 18.306944 -31.873623 3.318619 0.500977 0.998047 1
0 -0.028870 0.048203 16.318619 0.250977 0.498047 1
0 36.716038 0.011765 3.318619 0.000977 0.998047 1
0 36.814735 0.004974 3.318619 0.500977 0.998047 1
0 -0.003395 0.004929 16.318619 0.250977 0.498047 1
0 18.405706 31.890396 3.318634 0.000977 0.998047 1
0 18.473875 31.845215 3.318634 0.500977 0.998047 1
0 -18.344278 31.845215 3.318619 0.000977 0.998047 1
0 -18.304628 31.892166 3.318619 0.500977 0.998047 1
0 0.031185 -0.029663 16.318619 0.250977 0.498047 1
0 -36.713749 0.006775 3.318649 0.000977 0.998047 1
0 -36.872902 -0.006805 -3.318634 0.500977 0.998047 1
0 0.003370 -0.006729 -16.318649 0.250977 0.498047 1
0 -18.434793 -31.942543 -3.318649 0.000977 0.998047 1
0 -18.503048 -31.897251 -3.318649 0.500977 0.998047 1
0 18.373289 -31.897217 -3.318634 0.000977 0.998047 1
0 18.335918 -31.923981 -3.318649 0.500977 0.998047 1
0 -0.028913 0.048294 -16.318649 0.250977 0.498047 1
0 36.774048 0.011765 -3.318619 0.000977 0.998047 1
0 36.872902 0.004990 -3.318619 0.500977 0.998047 1
0 -0.003395 0.004929 -16.318649 0.250977 0.498047 1
0 18.434767 31.940826 -3.318634 0.000977 0.998047 1
0 18.503038 31.895508 -3.318619 0.500977 0.998047 1
0 -18.373302 31.895477 -3.318634 0.000977 0.998047 1
0 -18.333500 31.942551 -3.318649 0.500977 0.998047 1
0 0.031207 -0.029694 -16.318649 0.250977 0.498047 1
0 -36.771729 0.006760 -3.318649 0.000977 0.998047 1
16
0.326957 0.188769 -0.925994
0.166475 0.288577 -0.942873
0.000001 0.377997 -0.925807
-0.327354 0.188999 -0.925807
-0.326956 -0.188768 -0.925995
-0.166475 -0.288576 -0.942873
0 -0.377996 -0.925807
0.327353 -0.188999 -0.925807
-0.326514 -0.188513 -0.926203
-0.166241 -0.288172 -0.943038
0.000001 -0.377486 -0.926015
0.326912 -0.188742 -0.926016
0.326515 0.188513 -0.926203
0.166242 0.288172 -0.943038
0 0.377485 -0.926016
-0.326912 0.188744 -0.926015
12
0 0 1 2 0 1 0 2
0 3 1 4 2 1 2 2
0 5 6 7 3 3 3 2
0 8 9 10 4 5 4 2
0 11 9 12 6 5 6 2
0 13 14 15 7 7 7 2
0 16 17 18 8 9 8 2
0 19 17 20 10 9 10 2
0 21 22 23 11 11 11 2
0 24 25 26 12 13 12 2
0 27 25 28 14 13 14 2
0 29 30 31 15 15 15 2

Materials: 1
"PLATFORM_1"
0.200000 0.200000 0.200000 1
0.800000 0.800000 0.800000 1
0 0 0 1
1 1 1 1
0
1
"Tex_0012_0.png"
""

Bones: 2
"padre"
""
8 0 0 0 0 -0 0
2
0 0 0 0
50 0 0 0
3
0.000001 0 -0 0
30 0 -1.570796 0
50 0 -1.570796 0
"P1"
"padre"
8 0 0 0 0 -0 0
2
0 0 0 -170
50 0 0 -170
3
0 0 -0 0
30 3.141592 -0 0
50 3.141592 -0 0
GroupComments: 0
MaterialComments: 0
BoneComments: 0
ModelComment: 0
