// MilkShape 3D ASCII

Frames: 30
Frame: 1

Meshes: 3
"Duplicate20" 0 2
20
0 -3.113407 3.113407 3.113408 0 0 -1
0 -3.113407 -3.113407 3.113408 0 1 -1
0 3.113407 3.113407 3.113408 1 0 -1
0 3.113407 -3.113407 3.113408 1 1 -1
0 3.113407 3.113407 3.113408 0 0 -1
0 3.113407 -3.113407 3.113408 0 1 -1
0 3.113407 3.113407 -3.113408 1 0 -1
0 3.113407 -3.113407 -3.113408 1 1 -1
0 3.113407 3.113407 -3.113408 0 0 -1
0 3.113407 -3.113407 -3.113408 0 1 -1
0 -3.113407 3.113407 -3.113408 1 0 -1
0 -3.113407 -3.113407 -3.113408 1 1 -1
0 -3.113407 3.113407 -3.113408 0 0 -1
0 -3.113407 -3.113407 -3.113408 0 1 -1
0 -3.113407 3.113407 3.113408 1 0 -1
0 -3.113407 -3.113407 3.113408 1 1 -1
0 -3.113407 3.113407 3.113408 0 1 -1
0 3.113407 3.113407 3.113408 1 1 -1
0 -3.113407 -3.113407 3.113408 0 0 -1
0 3.113407 -3.113407 3.113408 1 0 -1
6
0 0 1
1 0 0
0 0 -1
-1 0 0
0 1 0
0 -1 0
12
0 0 1 2 0 0 0 1
0 1 3 2 0 0 0 1
0 4 5 6 1 1 1 2
0 5 7 6 1 1 1 2
0 8 9 10 2 2 2 1
0 9 11 10 2 2 2 1
0 12 13 14 3 3 3 2
0 13 15 14 3 3 3 2
0 12 16 6 4 4 4 3
0 16 17 6 4 4 4 3
0 18 13 19 5 5 5 3
0 13 7 19 5 5 5 3
"Box02" 0 0
20
0 -2.358579 2.358579 2.358579 0 0 -1
0 -2.358579 -2.358579 2.358579 0 1 -1
0 2.358579 2.358579 2.358579 1 0 -1
0 2.358579 -2.358579 2.358579 1 1 -1
0 2.358579 2.358579 2.358579 0 0 -1
0 2.358579 -2.358579 2.358579 0 1 -1
0 2.358579 2.358579 -2.358579 1 0 -1
0 2.358579 -2.358579 -2.358579 1 1 -1
0 2.358579 2.358579 -2.358579 0 0 -1
0 2.358579 -2.358579 -2.358579 0 1 -1
0 -2.358579 2.358579 -2.358579 1 0 -1
0 -2.358579 -2.358579 -2.358579 1 1 -1
0 -2.358579 2.358579 -2.358579 0 0 -1
0 -2.358579 -2.358579 -2.358579 0 1 -1
0 -2.358579 2.358579 2.358579 1 0 -1
0 -2.358579 -2.358579 2.358579 1 1 -1
0 -2.358579 2.358579 2.358579 0 1 -1
0 2.358579 2.358579 2.358579 1 1 -1
0 -2.358579 -2.358579 2.358579 0 0 -1
0 2.358579 -2.358579 2.358579 1 0 -1
6
0 0 1
1 0 0
0 0 -1
-1 0 0
0 1 0
0 -1 0
12
0 0 1 2 0 0 0 1
0 1 3 2 0 0 0 1
0 4 5 6 1 1 1 2
0 5 7 6 1 1 1 2
0 8 9 10 2 2 2 1
0 9 11 10 2 2 2 1
0 12 13 14 3 3 3 2
0 13 15 14 3 3 3 2
0 12 16 6 4 4 4 3
0 16 17 6 4 4 4 3
0 18 13 19 5 5 5 3
0 13 7 19 5 5 5 3
"Regroup00" 0 1
20
0 -1.745075 2.365104 -1.745075 0 0 -1
0 -1.745075 2.365104 1.745075 0 6 -1
0 1.745075 2.365104 -1.745075 6 0 -1
0 1.745075 2.365104 1.745075 6 6 -1
0 -1.745075 1.745075 2.365104 0 0 -1
0 -1.745075 -1.745075 2.365104 0 6 -1
0 1.745075 1.745075 2.365104 6 0 -1
0 1.745075 -1.745075 2.365104 6 6 -1
0 2.365104 1.745075 1.745075 0 0 -1
0 2.365104 -1.745075 1.745075 0 6 -1
0 2.365104 1.745075 -1.745075 6 0 -1
0 2.365104 -1.745075 -1.745075 6 6 -1
0 1.745075 1.745075 -2.365104 0 0 -1
0 1.745075 -1.745075 -2.365104 0 6 -1
0 -1.745075 1.745075 -2.365104 6 0 -1
0 -1.745075 -1.745075 -2.365104 6 6 -1
0 -2.365104 1.745075 -1.745074 0 0 -1
0 -2.365104 -1.745075 -1.745074 0 6 -1
0 -2.365104 1.745075 1.745075 6 0 -1
0 -2.365104 -1.745075 1.745075 6 6 -1
5
0 1 0
0 0 1
1 0 0
0 0 -1
-1 0 0
10
0 0 1 2 0 0 0 3
0 1 3 2 0 0 0 3
0 4 5 6 1 1 1 3
0 5 7 6 1 1 1 3
0 8 9 10 2 2 2 3
0 9 11 10 2 2 2 3
0 12 13 14 3 3 3 3
0 13 15 14 3 3 3 3
0 16 17 18 4 4 4 3
0 17 19 18 4 4 4 3

Materials: 4
"PLATFORM_0"
0.200000 0.200000 0.200000 1
0.800000 0.800000 0.800000 1
0 0 0 1
1 1 1 1
0
1
"PLATFORM_0.png"
""
"PLATFORM_1"
0.200000 0.200000 0.200000 1
0.800000 0.800000 0.800000 1
0 0 0 1
1 1 1 1
0
1
"PLATFORM_1.png"
""
"CUBE_EXT"
0.200000 0.200000 0.200000 1
0.800000 0.800000 0.800000 1
0 0 0 1
1 1 1 1
0
1
"CUBE.png"
""
"WALL"
0.200000 0.200000 0.200000 1
0.800000 0.800000 0.800000 1
0 0 0 1
1 1 1 1
0
1
"WALL.png"
""

Bones: 0
GroupComments: 0
MaterialComments: 0
BoneComments: 0
ModelComment: 0
