Meshes: 9
"L4" 0 0
20
0 -21.427292 1.427289 1.427292 0 0 0
0 -21.427292 -1.427289 1.427292 0 1 0
0 -18.572708 1.427289 1.427292 1 0 0
0 -18.572708 -1.427289 1.427292 1 1 0
0 -18.572708 1.427289 1.427292 0 0 0
0 -18.572708 -1.427289 1.427292 0 1 0
0 -18.572708 1.427289 -1.427292 1 0 0
0 -18.572708 -1.427289 -1.427292 1 1 0
0 -18.572708 1.427289 -1.427292 0 0 0
0 -18.572708 -1.427289 -1.427292 0 1 0
0 -21.427292 1.427289 -1.427292 1 0 0
0 -21.427292 -1.427289 -1.427292 1 1 0
0 -21.427292 1.427289 -1.427292 0 0 0
0 -21.427292 -1.427289 -1.427292 0 1 0
0 -21.427292 1.427289 1.427292 1 0 0
0 -21.427292 -1.427289 1.427292 1 1 0
0 -21.427292 1.427289 1.427292 0 1 0
0 -18.572708 1.427289 1.427292 1 1 0
0 -21.427292 -1.427289 1.427292 0 0 0
0 -18.572708 -1.427289 1.427292 1 0 0
6
0 0 1
1 0 0
0 0 -1
-1 0 0
0 1 0
0 -1 0
12
0 0 1 2 0 0 0 1
0 1 3 2 0 0 0 1
0 4 5 6 1 1 1 2
0 5 7 6 1 1 1 2
0 8 9 10 2 2 2 1
0 9 11 10 2 2 2 1
0 12 13 14 3 3 3 2
0 13 15 14 3 3 3 2
0 12 16 6 4 4 4 3
0 16 17 6 4 4 4 3
0 18 13 19 5 5 5 3
0 13 7 19 5 5 5 3
"R4" 0 0
20
0 18.572708 1.427289 1.427292 0 0 0
0 18.572708 -1.427289 1.427292 0 1 0
0 21.427292 1.427289 1.427292 1 0 0
0 21.427292 -1.427289 1.427292 1 1 0
0 21.427292 1.427289 1.427292 0 0 0
0 21.427292 -1.427289 1.427292 0 1 0
0 21.427292 1.427289 -1.427292 1 0 0
0 21.427292 -1.427289 -1.427292 1 1 0
0 21.427292 1.427289 -1.427292 0 0 0
0 21.427292 -1.427289 -1.427292 0 1 0
0 18.572708 1.427289 -1.427292 1 0 0
0 18.572708 -1.427289 -1.427292 1 1 0
0 18.572708 1.427289 -1.427292 0 0 0
0 18.572708 -1.427289 -1.427292 0 1 0
0 18.572708 1.427289 1.427292 1 0 0
0 18.572708 -1.427289 1.427292 1 1 0
0 18.572708 1.427289 1.427292 0 1 0
0 21.427292 1.427289 1.427292 1 1 0
0 18.572708 -1.427289 1.427292 0 0 0
0 21.427292 -1.427289 1.427292 1 0 0
6
0 0 1
1 0 0
0 0 -1
-1 0 0
0 1 0
0 -1 0
12
0 0 1 2 0 0 0 1
0 1 3 2 0 0 0 1
0 4 5 6 1 1 1 2
0 5 7 6 1 1 1 2
0 8 9 10 2 2 2 1
0 9 11 10 2 2 2 1
0 12 13 14 3 3 3 2
0 13 15 14 3 3 3 2
0 12 16 6 4 4 4 3
0 16 17 6 4 4 4 3
0 18 13 19 5 5 5 3
0 13 7 19 5 5 5 3
"L3" 0 0
20
0 -16.427292 1.427289 1.427292 0 0 0
0 -16.427292 -1.427289 1.427292 0 1 0
0 -13.572707 1.427289 1.427292 1 0 0
0 -13.572707 -1.427289 1.427292 1 1 0
0 -13.572707 1.427289 1.427292 0 0 0
0 -13.572707 -1.427289 1.427292 0 1 0
0 -13.572707 1.427289 -1.427292 1 0 0
0 -13.572707 -1.427289 -1.427292 1 1 0
0 -13.572707 1.427289 -1.427292 0 0 0
0 -13.572707 -1.427289 -1.427292 0 1 0
0 -16.427292 1.427289 -1.427292 1 0 0
0 -16.427292 -1.427289 -1.427292 1 1 0
0 -16.427292 1.427289 -1.427292 0 0 0
0 -16.427292 -1.427289 -1.427292 0 1 0
0 -16.427292 1.427289 1.427292 1 0 0
0 -16.427292 -1.427289 1.427292 1 1 0
0 -16.427292 1.427289 1.427292 0 1 0
0 -13.572707 1.427289 1.427292 1 1 0
0 -16.427292 -1.427289 1.427292 0 0 0
0 -13.572707 -1.427289 1.427292 1 0 0
6
0 0 1
1 0 0
0 0 -1
-1 0 0
0 1 0
0 -1 0
12
0 0 1 2 0 0 0 1
0 1 3 2 0 0 0 1
0 4 5 6 1 1 1 2
0 5 7 6 1 1 1 2
0 8 9 10 2 2 2 1
0 9 11 10 2 2 2 1
0 12 13 14 3 3 3 2
0 13 15 14 3 3 3 2
0 12 16 6 4 4 4 3
0 16 17 6 4 4 4 3
0 18 13 19 5 5 5 3
0 13 7 19 5 5 5 3
"R3" 0 0
20
0 13.572707 1.427289 1.427292 0 0 0
0 13.572707 -1.427289 1.427292 0 1 0
0 16.427292 1.427289 1.427292 1 0 0
0 16.427292 -1.427289 1.427292 1 1 0
0 16.427292 1.427289 1.427292 0 0 0
0 16.427292 -1.427289 1.427292 0 1 0
0 16.427292 1.427289 -1.427292 1 0 0
0 16.427292 -1.427289 -1.427292 1 1 0
0 16.427292 1.427289 -1.427292 0 0 0
0 16.427292 -1.427289 -1.427292 0 1 0
0 13.572707 1.427289 -1.427292 1 0 0
0 13.572707 -1.427289 -1.427292 1 1 0
0 13.572707 1.427289 -1.427292 0 0 0
0 13.572707 -1.427289 -1.427292 0 1 0
0 13.572707 1.427289 1.427292 1 0 0
0 13.572707 -1.427289 1.427292 1 1 0
0 13.572707 1.427289 1.427292 0 1 0
0 16.427292 1.427289 1.427292 1 1 0
0 13.572707 -1.427289 1.427292 0 0 0
0 16.427292 -1.427289 1.427292 1 0 0
6
0 0 1
1 0 0
0 0 -1
-1 0 0
0 1 0
0 -1 0
12
0 0 1 2 0 0 0 1
0 1 3 2 0 0 0 1
0 4 5 6 1 1 1 2
0 5 7 6 1 1 1 2
0 8 9 10 2 2 2 1
0 9 11 10 2 2 2 1
0 12 13 14 3 3 3 2
0 13 15 14 3 3 3 2
0 12 16 6 4 4 4 3
0 16 17 6 4 4 4 3
0 18 13 19 5 5 5 3
0 13 7 19 5 5 5 3
"L2" 0 0
20
0 -11.427293 1.427289 1.427292 0 0 0
0 -11.427293 -1.427289 1.427292 0 1 0
0 -8.572707 1.427289 1.427292 1 0 0
0 -8.572707 -1.427289 1.427292 1 1 0
0 -8.572707 1.427289 1.427292 0 0 0
0 -8.572707 -1.427289 1.427292 0 1 0
0 -8.572707 1.427289 -1.427292 1 0 0
0 -8.572707 -1.427289 -1.427292 1 1 0
0 -8.572707 1.427289 -1.427292 0 0 0
0 -8.572707 -1.427289 -1.427292 0 1 0
0 -11.427293 1.427289 -1.427292 1 0 0
0 -11.427293 -1.427289 -1.427292 1 1 0
0 -11.427293 1.427289 -1.427292 0 0 0
0 -11.427293 -1.427289 -1.427292 0 1 0
0 -11.427293 1.427289 1.427292 1 0 0
0 -11.427293 -1.427289 1.427292 1 1 0
0 -11.427293 1.427289 1.427292 0 1 0
0 -8.572707 1.427289 1.427292 1 1 0
0 -11.427293 -1.427289 1.427292 0 0 0
0 -8.572707 -1.427289 1.427292 1 0 0
6
0 0 1
1 0 0
0 0 -1
-1 0 0
0 1 0
0 -1 0
12
0 0 1 2 0 0 0 1
0 1 3 2 0 0 0 1
0 4 5 6 1 1 1 2
0 5 7 6 1 1 1 2
0 8 9 10 2 2 2 1
0 9 11 10 2 2 2 1
0 12 13 14 3 3 3 2
0 13 15 14 3 3 3 2
0 12 16 6 4 4 4 3
0 16 17 6 4 4 4 3
0 18 13 19 5 5 5 3
0 13 7 19 5 5 5 3
"R2" 0 0
20
0 8.572707 1.427289 1.427292 0 0 0
0 8.572707 -1.427289 1.427292 0 1 0
0 11.427293 1.427289 1.427292 1 0 0
0 11.427293 -1.427289 1.427292 1 1 0
0 11.427293 1.427289 1.427292 0 0 0
0 11.427293 -1.427289 1.427292 0 1 0
0 11.427293 1.427289 -1.427292 1 0 0
0 11.427293 -1.427289 -1.427292 1 1 0
0 11.427293 1.427289 -1.427292 0 0 0
0 11.427293 -1.427289 -1.427292 0 1 0
0 8.572707 1.427289 -1.427292 1 0 0
0 8.572707 -1.427289 -1.427292 1 1 0
0 8.572707 1.427289 -1.427292 0 0 0
0 8.572707 -1.427289 -1.427292 0 1 0
0 8.572707 1.427289 1.427292 1 0 0
0 8.572707 -1.427289 1.427292 1 1 0
0 8.572707 1.427289 1.427292 0 1 0
0 11.427293 1.427289 1.427292 1 1 0
0 8.572707 -1.427289 1.427292 0 0 0
0 11.427293 -1.427289 1.427292 1 0 0
6
0 0 1
1 0 0
0 0 -1
-1 0 0
0 1 0
0 -1 0
12
0 0 1 2 0 0 0 1
0 1 3 2 0 0 0 1
0 4 5 6 1 1 1 2
0 5 7 6 1 1 1 2
0 8 9 10 2 2 2 1
0 9 11 10 2 2 2 1
0 12 13 14 3 3 3 2
0 13 15 14 3 3 3 2
0 12 16 6 4 4 4 3
0 16 17 6 4 4 4 3
0 18 13 19 5 5 5 3
0 13 7 19 5 5 5 3
"L1" 0 0
20
0 -6.427293 1.427289 1.427292 0 0 0
0 -6.427293 -1.427289 1.427292 0 1 0
0 -3.572707 1.427289 1.427292 1 0 0
0 -3.572707 -1.427289 1.427292 1 1 0
0 -3.572707 1.427289 1.427292 0 0 0
0 -3.572707 -1.427289 1.427292 0 1 0
0 -3.572707 1.427289 -1.427292 1 0 0
0 -3.572707 -1.427289 -1.427292 1 1 0
0 -3.572707 1.427289 -1.427292 0 0 0
0 -3.572707 -1.427289 -1.427292 0 1 0
0 -6.427293 1.427289 -1.427292 1 0 0
0 -6.427293 -1.427289 -1.427292 1 1 0
0 -6.427293 1.427289 -1.427292 0 0 0
0 -6.427293 -1.427289 -1.427292 0 1 0
0 -6.427293 1.427289 1.427292 1 0 0
0 -6.427293 -1.427289 1.427292 1 1 0
0 -6.427293 1.427289 1.427292 0 1 0
0 -3.572707 1.427289 1.427292 1 1 0
0 -6.427293 -1.427289 1.427292 0 0 0
0 -3.572707 -1.427289 1.427292 1 0 0
6
0 0 1
1 0 0
0 0 -1
-1 0 0
0 1 0
0 -1 0
12
0 0 1 2 0 0 0 1
0 1 3 2 0 0 0 1
0 4 5 6 1 1 1 2
0 5 7 6 1 1 1 2
0 8 9 10 2 2 2 1
0 9 11 10 2 2 2 1
0 12 13 14 3 3 3 2
0 13 15 14 3 3 3 2
0 12 16 6 4 4 4 3
0 16 17 6 4 4 4 3
0 18 13 19 5 5 5 3
0 13 7 19 5 5 5 3
"R1" 0 0
20
0 3.572707 1.427289 1.427292 0 0 0
0 3.572707 -1.427289 1.427292 0 1 0
0 6.427293 1.427289 1.427292 1 0 0
0 6.427293 -1.427289 1.427292 1 1 0
0 6.427293 1.427289 1.427292 0 0 0
0 6.427293 -1.427289 1.427292 0 1 0
0 6.427293 1.427289 -1.427292 1 0 0
0 6.427293 -1.427289 -1.427292 1 1 0
0 6.427293 1.427289 -1.427292 0 0 0
0 6.427293 -1.427289 -1.427292 0 1 0
0 3.572707 1.427289 -1.427292 1 0 0
0 3.572707 -1.427289 -1.427292 1 1 0
0 3.572707 1.427289 -1.427292 0 0 0
0 3.572707 -1.427289 -1.427292 0 1 0
0 3.572707 1.427289 1.427292 1 0 0
0 3.572707 -1.427289 1.427292 1 1 0
0 3.572707 1.427289 1.427292 0 1 0
0 6.427293 1.427289 1.427292 1 1 0
0 3.572707 -1.427289 1.427292 0 0 0
0 6.427293 -1.427289 1.427292 1 0 0
6
0 0 1
1 0 0
0 0 -1
-1 0 0
0 1 0
0 -1 0
12
0 0 1 2 0 0 0 1
0 1 3 2 0 0 0 1
0 4 5 6 1 1 1 2
0 5 7 6 1 1 1 2
0 8 9 10 2 2 2 1
0 9 11 10 2 2 2 1
0 12 13 14 3 3 3 2
0 13 15 14 3 3 3 2
0 12 16 6 4 4 4 3
0 16 17 6 4 4 4 3
0 18 13 19 5 5 5 3
0 13 7 19 5 5 5 3
"M" 0 0
20
0 -1.427293 1.427289 1.427292 0 0 0
0 -1.427293 -1.427289 1.427292 0 1 0
0 1.427293 1.427289 1.427292 1 0 0
0 1.427293 -1.427289 1.427292 1 1 0
0 1.427293 1.427289 1.427292 0 0 0
0 1.427293 -1.427289 1.427292 0 1 0
0 1.427293 1.427289 -1.427292 1 0 0
0 1.427293 -1.427289 -1.427292 1 1 0
0 1.427293 1.427289 -1.427292 0 0 0
0 1.427293 -1.427289 -1.427292 0 1 0
0 -1.427293 1.427289 -1.427292 1 0 0
0 -1.427293 -1.427289 -1.427292 1 1 0
0 -1.427293 1.427289 -1.427292 0 0 0
0 -1.427293 -1.427289 -1.427292 0 1 0
0 -1.427293 1.427289 1.427292 1 0 0
0 -1.427293 -1.427289 1.427292 1 1 0
0 -1.427293 1.427289 1.427292 0 1 0
0 1.427293 1.427289 1.427292 1 1 0
0 -1.427293 -1.427289 1.427292 0 0 0
0 1.427293 -1.427289 1.427292 1 0 0
6
0 0 1
1 0 0
0 0 -1
-1 0 0
0 1 0
0 -1 0
12
0 0 1 2 0 0 0 1
0 1 3 2 0 0 0 1
0 4 5 6 1 1 1 2
0 5 7 6 1 1 1 2
0 8 9 10 2 2 2 1
0 9 11 10 2 2 2 1
0 12 13 14 3 3 3 2
0 13 15 14 3 3 3 2
0 12 16 6 4 4 4 3
0 16 17 6 4 4 4 3
0 18 13 19 5 5 5 3
0 13 7 19 5 5 5 3

Materials: 1
"CUBE_1"
0.200000 0.200000 0.200000 1
0.800000 0.800000 0.800000 1
0 0 0 1
1 1 1 1
0
1
"CUBE_1.png"
""

Bones: 1
"joint1"
""
16 0 0 0 0 -0 0
1
1 0 10.300000 0
9
1 0 -0 0
15 -1.570796 0 0
30 -1.570796 0 0
45 -3.141592 -0 0
60 -3.141592 -0 0
75 1.570797 -0 0
90 1.570797 -0 0
105 0.000001 -0 0
120 0.000001 -0 0
GroupComments: 0
MaterialComments: 0
BoneComments: 0
ModelComment: 0
