Meshes: 2
"Regroup09" 0 0
12
0 -1.275643 1.272938 1.272923 0 0 1
0 -1.275643 -1.266316 1.272923 0 1 1
0 1.263612 1.272938 1.272923 1 0 1
0 1.263612 -1.266316 1.272923 1 1 1
0 -1.270471 1.270173 1.266325 0 0 1
0 1.268785 1.270173 1.266325 0 1 1
0 -1.270472 1.270173 -1.272923 1 0 1
0 1.268784 1.270173 -1.272923 1 1 1
0 -1.275399 1.272938 1.269397 0 0 1
0 -1.275399 -1.266316 1.269397 0 1 1
0 -1.275399 1.272938 -1.269858 1 0 1
0 -1.275399 -1.266316 -1.269858 1 1 1
3
0 0 1
0 1 0
1 0 0
6
0 0 1 2 0 0 0 1
0 1 3 2 0 0 0 1
0 4 5 6 1 1 1 1
0 5 7 6 1 1 1 1
0 8 9 10 2 2 2 1
0 9 11 10 2 2 2 1
"Duplicate41" 0 0
12
0 1.275643 -1.272938 -1.270647 0 0 2
0 1.275643 -1.272937 1.268615 0 1 2
0 -1.263616 -1.272935 -1.270645 1 0 2
0 -1.263616 -1.272935 1.268614 1 1 2
0 1.270472 -1.266335 -1.267879 0 0 2
0 -1.268788 -1.266335 -1.267879 0 1 2
0 1.270474 1.272915 -1.267881 1 0 2
0 -1.268788 1.272915 -1.267881 1 1 2
0 1.275400 -1.269408 -1.270642 0 0 2
0 1.275400 -1.269406 1.268618 0 1 2
0 1.275405 1.269853 -1.270644 1 0 2
0 1.275405 1.269852 1.268616 1 1 2
7
-0.000001 -1 0.000001
-0.000001 -1 0
-0.000001 -1 0
0 -0.000001 -1
-1 0.000002 -0
-1 0.000002 -0
-1 0.000002 0
6
0 0 1 2 0 1 1 1
0 1 3 2 1 2 1 1
0 4 5 6 3 3 3 1
0 5 7 6 3 3 3 1
0 8 9 10 4 5 5 1
0 9 11 10 5 6 5 1

Materials: 1
"MOVEMENT_2"
0.200000 0.200000 0.200000 1
0.800000 0.800000 0.800000 1
0 0 0 1
1 1 1 1
25
1
"MOVEMENT_2.png"
""

Bones: 3
"joint1"
""
16 0 0 0 0 -0 0
1
0 0 0 0
3
0 0 -0 0
60 0 -0 0
80 -0 1.570796 0
"joint2"
"joint1"
16 0 0 0 0 -0 0
21
0 0 1 9
46 0 1 9
47 0 0.940625 9
48 0 0.825000 9
49 0 0.671875 9
50 0 0.500000 9
51 0 0.328125 9
52 0 0.175000 9
53 0 0.059375 9
54 0 0 9
55 0 0 9
86 0 0 9
87 0 0.059375 9
88 0 0.175000 9
89 0 0.328125 9
90 0 0.500000 9
91 0 0.671875 9
92 0 0.825000 9
93 0 0.940625 9
94 0 1 9
95 0 1 9
5
0 0 -0 0
10 -0 1.570796 0
20 3.141593 -0 3.141593
30 0 -1.570796 0
40 0 -0 0
"joint3"
"joint1"
16 0 0 0 0 -0 0
21
0 0 -1 9
46 0 -1 9
47 0 -0.940625 9
48 0 -0.825000 9
49 0 -0.671875 9
50 0 -0.500000 9
51 0 -0.328125 9
52 0 -0.175000 9
53 0 -0.059375 9
54 0 0 9
55 0 0 9
86 0 0 9
87 0 -0.059375 9
88 0 -0.175000 9
89 0 -0.328125 9
90 0 -0.500000 9
91 0 -0.671875 9
92 0 -0.825000 9
93 0 -0.940625 9
94 0 -1 9
95 0 -1 9
5
0 0 -0 0
10 0 -1.570796 0
20 3.141593 0 3.141593
30 -0 1.570795 0
40 0 0 0
GroupComments: 0
MaterialComments: 0
BoneComments: 0
ModelComment: 0
