// MilkShape 3D ASCII

Frames: 120
Frame: 1

Meshes: 4
"EXTERNAL_SHADOW" 0 1
186
0 122.643822 0.000061 448.156067 0 0.992188 -1
0 119.958710 22.967834 448.156067 0 0.992188 -1
0 -0.233426 0.000122 448.156128 0 0.992188 -1
0 122.643822 0.000061 448.156067 0 0.996094 -1
0 122.643822 0.000061 257.803131 0 0.007813 -1
0 119.958710 22.967834 448.156067 0.033333 0.996094 -1
0 119.958710 22.967834 257.803131 0.033333 0.007813 -1
0 112.020515 44.931763 448.156067 0 0.992188 -1
0 112.020515 44.931763 257.803131 0.066667 0.007813 -1
0 112.020515 44.931763 448.156067 0.066667 0.996094 -1
0 99.176468 64.932007 448.156067 0 0.992188 -1
0 99.176468 64.932007 448.156067 0.100000 0.996094 -1
0 99.176468 64.932007 257.803131 0.100000 0.007813 -1
0 81.987625 82.094360 448.156067 0 0.992188 -1
0 81.987587 82.094360 257.803131 0.133333 0.007813 -1
0 81.987625 82.094360 448.156067 0.133333 0.996094 -1
0 61.205299 95.668884 448.156067 0 0.992188 -1
0 61.205299 95.668884 448.156067 0.166667 0.996094 -1
0 61.205299 95.668884 257.803131 0.166667 0.007813 -1
0 37.737823 105.062134 448.156128 0 0.992188 -1
0 37.737778 105.062134 257.803131 0.200000 0.007813 -1
0 37.737823 105.062134 448.156128 0.200000 0.996094 -1
0 12.610796 109.863647 448.156128 0 0.992188 -1
0 12.610796 109.863647 448.156128 0.233333 0.996094 -1
0 12.610749 109.863647 257.803162 0.233333 0.007813 -1
0 -13.077579 109.863647 448.156128 0 0.992188 -1
0 -13.077600 109.863647 257.803162 0.266667 0.007813 -1
0 -13.077579 109.863647 448.156128 0.266667 0.996094 -1
0 -38.204605 105.062134 448.156128 0 0.992188 -1
0 -38.204605 105.062134 448.156128 0.300000 0.996094 -1
0 -38.204628 105.062134 257.803162 0.300000 0.007813 -1
0 -61.672070 95.668884 448.156128 0 0.992188 -1
0 -61.672092 95.668884 257.803162 0.333333 0.007813 -1
0 -61.672070 95.668884 448.156128 0.333333 0.996094 -1
0 -82.454391 82.094482 448.156128 0 0.992188 -1
0 -82.454391 82.094482 448.156128 0.366667 0.996094 -1
0 -82.454414 82.094482 257.803162 0.366667 0.007813 -1
0 -99.643272 64.932068 448.156128 0 0.992188 -1
0 -99.643295 64.932068 257.803162 0.400000 0.007813 -1
0 -99.643272 64.932068 448.156128 0.400000 0.996094 -1
0 -112.487473 44.931824 448.156128 0 0.992188 -1
0 -112.487473 44.931824 448.156128 0.433333 0.996094 -1
0 -112.487480 44.931824 257.803162 0.433333 0.007813 -1
0 -120.425652 22.967896 448.156128 0 0.992188 -1
0 -120.425652 22.967896 257.803162 0.466667 0.007813 -1
0 -120.425652 22.967896 448.156128 0.466667 0.996094 -1
0 -123.110863 0.000122 448.156128 0 0.992188 -1
0 -123.110863 0.000122 448.156128 0.500000 0.996094 -1
0 -123.110863 0.000122 257.803162 0.500000 0.007813 -1
0 -120.425652 -22.967651 448.156128 0 0.992188 -1
0 -120.425652 -22.967651 257.803162 0.533333 0.007813 -1
0 -120.425652 -22.967651 448.156128 0.533333 0.996094 -1
0 -112.487473 -44.931564 448.156128 0 0.992188 -1
0 -112.487473 -44.931564 448.156128 0.566667 0.996094 -1
0 -112.487480 -44.931564 257.803162 0.566667 0.007813 -1
0 -99.643372 -64.931778 448.156128 0 0.992188 -1
0 -99.643372 -64.931778 257.803162 0.600000 0.007813 -1
0 -99.643372 -64.931778 448.156128 0.600000 0.996094 -1
0 -82.454460 -82.094223 448.156128 0 0.992188 -1
0 -82.454460 -82.094223 448.156128 0.633333 0.996094 -1
0 -82.454498 -82.094223 257.803162 0.633333 0.007813 -1
0 -61.672165 -95.668762 448.156128 0 0.992188 -1
0 -61.672180 -95.668762 257.803162 0.666667 0.007813 -1
0 -61.672165 -95.668762 448.156128 0.666667 0.996094 -1
0 -38.204666 -105.062027 448.156128 0 0.992188 -1
0 -38.204666 -105.062027 448.156128 0.700000 0.996094 -1
0 -38.204666 -105.062027 257.803162 0.700000 0.007813 -1
0 -13.077672 -109.863632 448.156128 0 0.992188 -1
0 -13.077672 -109.863632 257.803162 0.733333 0.007813 -1
0 -13.077672 -109.863632 448.156128 0.733333 0.996094 -1
0 12.610701 -109.863632 448.156128 0 0.992188 -1
0 12.610701 -109.863632 448.156128 0.766667 0.996094 -1
0 12.610680 -109.863632 257.803162 0.766667 0.007813 -1
0 37.737724 -105.062027 448.156128 0 0.992188 -1
0 37.737705 -105.062027 257.803131 0.800000 0.007813 -1
0 37.737724 -105.062027 448.156128 0.800000 0.996094 -1
0 61.205242 -95.668762 448.156067 0 0.992188 -1
0 61.205242 -95.668762 448.156067 0.833333 0.996094 -1
0 61.205185 -95.668762 257.803131 0.833333 0.007813 -1
0 81.987526 -82.094315 448.156067 0 0.992188 -1
0 81.987511 -82.094315 257.803131 0.866667 0.007813 -1
0 81.987526 -82.094315 448.156067 0.866667 0.996094 -1
0 99.176468 -64.931839 448.156067 0 0.992188 -1
0 99.176468 -64.931839 448.156067 0.900000 0.996094 -1
0 99.176468 -64.931839 257.803131 0.900000 0.007813 -1
0 112.020515 -44.931625 448.156067 0 0.992188 -1
0 112.020515 -44.931625 257.803131 0.933333 0.007813 -1
0 112.020515 -44.931625 448.156067 0.933333 0.996094 -1
0 119.958710 -22.967712 448.156067 0 0.992188 -1
0 119.958710 -22.967712 448.156067 0.966667 0.996094 -1
0 119.958710 -22.967712 257.803131 0.966667 0.007813 -1
0 122.643822 0.000061 257.803131 1 0.007813 -1
0 122.643822 0.000061 448.156067 1 0.996094 -1
0 -122.647720 0.000061 -448.156067 0 0.992188 -1
0 -119.962601 22.967834 -448.156067 0 0.992188 -1
0 0.229541 0.000122 -448.156128 0 0.992188 -1
0 -122.647720 0.000061 -448.156067 0 0.996094 -1
0 -122.647705 0.000061 -257.803101 0 0.007813 -1
0 -119.962601 22.967834 -448.156067 0.033333 0.996094 -1
0 -119.962585 22.967834 -257.803101 0.033333 0.007813 -1
0 -112.024437 44.931763 -448.156067 0 0.992188 -1
0 -112.024391 44.931763 -257.803101 0.066667 0.007813 -1
0 -112.024437 44.931763 -448.156067 0.066667 0.996094 -1
0 -99.180359 64.932007 -448.156067 0 0.992188 -1
0 -99.180359 64.932007 -448.156067 0.100000 0.996094 -1
0 -99.180321 64.932007 -257.803101 0.100000 0.007813 -1
0 -81.991516 82.094360 -448.156067 0 0.992188 -1
0 -81.991440 82.094360 -257.803101 0.133333 0.007813 -1
0 -81.991516 82.094360 -448.156067 0.133333 0.996094 -1
0 -61.209179 95.668884 -448.156067 0 0.992188 -1
0 -61.209179 95.668884 -448.156067 0.166667 0.996094 -1
0 -61.209145 95.668884 -257.803101 0.166667 0.007813 -1
0 -37.741707 105.062134 -448.156128 0 0.992188 -1
0 -37.741623 105.062134 -257.803101 0.200000 0.007813 -1
0 -37.741707 105.062134 -448.156128 0.200000 0.996094 -1
0 -12.614682 109.863647 -448.156128 0 0.992188 -1
0 -12.614682 109.863647 -448.156128 0.233333 0.996094 -1
0 -12.614603 109.863647 -257.803162 0.233333 0.007813 -1
0 13.073692 109.863647 -448.156128 0 0.992188 -1
0 13.073748 109.863647 -257.803162 0.266667 0.007813 -1
0 13.073692 109.863647 -448.156128 0.266667 0.996094 -1
0 38.200714 105.062134 -448.156128 0 0.992188 -1
0 38.200714 105.062134 -448.156128 0.300000 0.996094 -1
0 38.200787 105.062134 -257.803162 0.300000 0.007813 -1
0 61.668186 95.668884 -448.156128 0 0.992188 -1
0 61.668240 95.668884 -257.803162 0.333333 0.007813 -1
0 61.668186 95.668884 -448.156128 0.333333 0.996094 -1
0 82.450500 82.094482 -448.156128 0 0.992188 -1
0 82.450500 82.094482 -448.156128 0.366667 0.996094 -1
0 82.450562 82.094482 -257.803162 0.366667 0.007813 -1
0 99.639374 64.932068 -448.156128 0 0.992188 -1
0 99.639420 64.932068 -257.803162 0.400000 0.007813 -1
0 99.639374 64.932068 -448.156128 0.400000 0.996094 -1
0 112.483566 44.931824 -448.156128 0 0.992188 -1
0 112.483566 44.931824 -448.156128 0.433333 0.996094 -1
0 112.483620 44.931824 -257.803162 0.433333 0.007813 -1
0 120.421745 22.967896 -448.156128 0 0.992188 -1
0 120.421768 22.967896 -257.803162 0.466667 0.007813 -1
0 120.421745 22.967896 -448.156128 0.466667 0.996094 -1
0 123.106941 0.000122 -448.156128 0 0.992188 -1
0 123.106941 0.000122 -448.156128 0.500000 0.996094 -1
0 123.106972 0.000122 -257.803162 0.500000 0.007813 -1
0 120.421745 -22.967651 -448.156128 0 0.992188 -1
0 120.421768 -22.967651 -257.803162 0.533333 0.007813 -1
0 120.421745 -22.967651 -448.156128 0.533333 0.996094 -1
0 112.483566 -44.931564 -448.156128 0 0.992188 -1
0 112.483566 -44.931564 -448.156128 0.566667 0.996094 -1
0 112.483620 -44.931564 -257.803162 0.566667 0.007813 -1
0 99.639458 -64.931778 -448.156128 0 0.992188 -1
0 99.639503 -64.931778 -257.803162 0.600000 0.007813 -1
0 99.639458 -64.931778 -448.156128 0.600000 0.996094 -1
0 82.450562 -82.094223 -448.156128 0 0.992188 -1
0 82.450562 -82.094223 -448.156128 0.633333 0.996094 -1
0 82.450623 -82.094223 -257.803162 0.633333 0.007813 -1
0 61.668297 -95.668762 -448.156128 0 0.992188 -1
0 61.668346 -95.668762 -257.803162 0.666667 0.007813 -1
0 61.668297 -95.668762 -448.156128 0.666667 0.996094 -1
0 38.200790 -105.062027 -448.156128 0 0.992188 -1
0 38.200790 -105.062027 -448.156128 0.700000 0.996094 -1
0 38.200806 -105.062027 -257.803162 0.700000 0.007813 -1
0 13.073786 -109.863632 -448.156128 0 0.992188 -1
0 13.073817 -109.863632 -257.803162 0.733333 0.007813 -1
0 13.073786 -109.863632 -448.156128 0.733333 0.996094 -1
0 -12.614590 -109.863632 -448.156128 0 0.992188 -1
0 -12.614590 -109.863632 -448.156128 0.766667 0.996094 -1
0 -12.614532 -109.863632 -257.803162 0.766667 0.007813 -1
0 -37.741608 -105.062027 -448.156128 0 0.992188 -1
0 -37.741554 -105.062027 -257.803101 0.800000 0.007813 -1
0 -37.741608 -105.062027 -448.156128 0.800000 0.996094 -1
0 -61.209099 -95.668762 -448.156067 0 0.992188 -1
0 -61.209099 -95.668762 -448.156067 0.833333 0.996094 -1
0 -61.209007 -95.668762 -257.803101 0.833333 0.007813 -1
0 -81.991432 -82.094315 -448.156067 0 0.992188 -1
0 -81.991371 -82.094315 -257.803101 0.866667 0.007813 -1
0 -81.991432 -82.094315 -448.156067 0.866667 0.996094 -1
0 -99.180359 -64.931839 -448.156067 0 0.992188 -1
0 -99.180359 -64.931839 -448.156067 0.900000 0.996094 -1
0 -99.180321 -64.931839 -257.803101 0.900000 0.007813 -1
0 -112.024437 -44.931625 -448.156067 0 0.992188 -1
0 -112.024391 -44.931625 -257.803101 0.933333 0.007813 -1
0 -112.024437 -44.931625 -448.156067 0.933333 0.996094 -1
0 -119.962601 -22.967712 -448.156067 0 0.992188 -1
0 -119.962601 -22.967712 -448.156067 0.966667 0.996094 -1
0 -119.962585 -22.967712 -257.803101 0.966667 0.007813 -1
0 -122.647705 0.000061 -257.803101 1 0.007813 -1
0 -122.647720 0.000061 -448.156067 1 0.996094 -1
142
0 0 1
0 0 1
0 -0 1
0.993236 0.116117 0
0.973301 0.229531 0
0 0 1
0.896567 0.442908 0
0 0 1
0.778503 0.627641 -0
0.778503 0.627641 0
0 0 1
0.630049 0.776556 -0
0.630049 0.776556 -0
0.000001 -0 1
0.461487 0.887147 -0
0.461487 0.887147 0
0.000001 -0 1
0.280941 0.959725 -0
0.280941 0.959725 -0
0 0 1
0.094267 0.995547 -0
0.094267 0.995547 -0
-0.094267 0.995547 0
-0.094267 0.995547 0
-0.280941 0.959725 0
-0.280941 0.959725 0
-0.461485 0.887148 0
-0.630047 0.776557 0
-0.778502 0.627642 0
-0.778502 0.627643 0
-0.896566 0.442910 0
-0.896566 0.442910 0
-0.973301 0.229533 0
-0.973301 0.229533 0
-1 0 0
-0.973301 -0.229533 0
-0.973301 -0.229533 0
-0.896566 -0.442909 0
-0.896566 -0.442909 0
-0.778503 -0.627641 0
-0.778503 -0.627641 0
-0.630050 -0.776555 0
-0.630050 -0.776555 0
-0.461487 -0.887147 0
-0.461488 -0.887147 0
-0.280943 -0.959724 0
-0.280943 -0.959724 0
-0.094268 -0.995547 0
0.094268 -0.995547 -0
0.094268 -0.995547 -0
0.000001 0 1
0.280943 -0.959724 -0
0.280943 -0.959724 -0
0.000001 0 1
0.461486 -0.887147 -0
0.461486 -0.887147 -0
0 -0 1
0.630048 -0.776556 -0
0.630048 -0.776556 -0
0 -0 1
0.778503 -0.627641 -0
0.778503 -0.627641 0
0 -0 1
0.896567 -0.442909 0
0 -0 1
0.973301 -0.229531 0
0.993236 -0.116117 0
-0 0 -1
-0 0 -1
-0 -0 -1
-0.993236 0.116117 0
-0.973301 0.229531 0
-0.973301 0.229531 0
-0 0 -1
-0.896567 0.442909 0
-0.896567 0.442908 0
-0 0 -1
-0.778503 0.627641 0
-0.778503 0.627641 0
-0 0 -1
-0.630049 0.776556 0
-0.630049 0.776556 0
-0.000001 -0 -1
-0.461487 0.887147 0
-0.461487 0.887147 0
-0.000001 -0 -1
-0.280941 0.959725 0
-0.280941 0.959725 0
0 0 -1
-0.094267 0.995547 0
-0.094267 0.995547 0
0.094267 0.995547 -0
0.094267 0.995547 -0
0.280941 0.959725 -0
0.280941 0.959725 -0
0.461485 0.887148 -0
0.461485 0.887148 -0
0.630048 0.776556 -0
0.630048 0.776556 -0
0.778502 0.627642 -0
0.778502 0.627642 -0
0.896566 0.442910 -0
0.896566 0.442910 -0
0.973301 0.229532 -0
0.973301 0.229532 -0
1 0 -0
1 0 -0
0.973301 -0.229532 -0
0.973301 -0.229532 -0
0.896566 -0.442909 -0
0.896567 -0.442909 -0
0.778503 -0.627641 -0
0.778503 -0.627641 -0
0.630050 -0.776555 -0
0.630050 -0.776555 -0
0.461488 -0.887147 -0
0.461488 -0.887147 -0
0.280943 -0.959724 -0
0.280943 -0.959724 -0
0.094268 -0.995547 -0
0.094268 -0.995547 -0
-0.094268 -0.995547 0
-0.094268 -0.995547 0
-0.000001 0 -1
-0.280943 -0.959724 0
-0.280943 -0.959724 0
-0.000001 0 -1
-0.461486 -0.887148 0
-0.461486 -0.887148 0
-0 -0 -1
-0.630048 -0.776556 0
-0.630048 -0.776556 0
-0 -0 -1
-0.778503 -0.627641 0
-0.778503 -0.627641 0
-0 -0 -1
-0.896567 -0.442909 0
-0.896567 -0.442909 0
-0 -0 -1
-0.973301 -0.229531 0
-0.973301 -0.229531 0
-0.993236 -0.116117 0
180
0 0 1 2 0 1 2 2
0 3 4 5 3 3 4 1
0 4 6 5 3 4 4 1
0 1 7 2 1 5 2 2
0 5 6 8 4 4 6 1
0 5 8 9 4 6 6 1
0 7 10 2 5 7 2 2
0 9 8 11 6 6 8 1
0 8 12 11 6 9 8 1
0 10 13 2 7 10 2 2
0 11 12 14 8 9 11 1
0 11 14 15 8 11 12 1
0 13 16 2 10 13 2 2
0 15 14 17 12 11 14 1
0 14 18 17 11 15 14 1
0 16 19 2 13 16 2 2
0 17 18 20 14 15 17 1
0 17 20 21 14 17 18 1
0 19 22 2 16 19 2 2
0 21 20 23 18 17 20 1
0 20 24 23 17 21 20 1
0 22 25 2 19 19 2 2
0 23 24 26 20 21 22 1
0 23 26 27 20 22 23 1
0 25 28 2 19 19 2 2
0 27 26 29 23 22 24 1
0 26 30 29 22 25 24 1
0 28 31 2 19 19 2 2
0 29 30 32 24 25 26 1
0 29 32 33 24 26 26 1
0 31 34 2 19 19 2 2
0 33 32 35 26 26 27 1
0 32 36 35 26 27 27 1
0 34 37 2 19 19 2 2
0 35 36 38 27 27 28 1
0 35 38 39 27 28 29 1
0 37 40 2 19 19 2 2
0 39 38 41 29 28 30 1
0 38 42 41 28 31 30 1
0 40 43 2 19 19 2 2
0 41 42 44 30 31 32 1
0 41 44 45 30 32 33 1
0 43 46 2 19 19 2 2
0 45 44 47 33 32 34 1
0 44 48 47 32 34 34 1
0 46 49 2 19 19 2 2
0 47 48 50 34 34 35 1
0 47 50 51 34 35 36 1
0 49 52 2 19 19 2 2
0 51 50 53 36 35 37 1
0 50 54 53 35 38 37 1
0 52 55 2 19 19 2 2
0 53 54 56 37 38 39 1
0 53 56 57 37 39 40 1
0 55 58 2 19 19 2 2
0 57 56 59 40 39 41 1
0 56 60 59 39 42 41 1
0 58 61 2 19 19 2 2
0 59 60 62 41 42 43 1
0 59 62 63 41 43 44 1
0 61 64 2 19 19 2 2
0 63 62 65 44 43 45 1
0 62 66 65 43 46 45 1
0 64 67 2 19 19 2 2
0 65 66 68 45 46 47 1
0 65 68 69 45 47 47 1
0 67 70 2 19 19 2 2
0 69 68 71 47 47 48 1
0 68 72 71 47 49 48 1
0 70 73 2 19 50 2 2
0 71 72 74 48 49 51 1
0 71 74 75 48 51 52 1
0 73 76 2 50 53 2 2
0 75 74 77 52 51 54 1
0 74 78 77 51 55 54 1
0 76 79 2 53 56 2 2
0 77 78 80 54 55 57 1
0 77 80 81 54 57 58 1
0 79 82 2 56 59 2 2
0 81 80 83 58 57 60 1
0 80 84 83 57 61 60 1
0 82 85 2 59 62 2 2
0 83 84 86 60 61 63 1
0 83 86 87 60 63 63 1
0 85 88 2 62 64 2 2
0 87 86 89 63 63 65 1
0 86 90 89 63 65 65 1
0 88 0 2 64 0 2 2
0 89 90 91 65 65 66 1
0 89 91 92 65 66 66 1
0 93 94 95 67 68 69 2
0 96 97 98 70 70 71 1
0 97 99 98 70 72 71 1
0 94 100 95 68 73 69 2
0 98 99 101 71 72 74 1
0 98 101 102 71 74 75 1
0 100 103 95 73 76 69 2
0 102 101 104 75 74 77 1
0 101 105 104 74 78 77 1
0 103 106 95 76 79 69 2
0 104 105 107 77 78 80 1
0 104 107 108 77 80 81 1
0 106 109 95 79 82 69 2
0 108 107 110 81 80 83 1
0 107 111 110 80 84 83 1
0 109 112 95 82 85 69 2
0 110 111 113 83 84 86 1
0 110 113 114 83 86 87 1
0 112 115 95 85 88 69 2
0 114 113 116 87 86 89 1
0 113 117 116 86 90 89 1
0 115 118 95 88 88 69 2
0 116 117 119 89 90 91 1
0 116 119 120 89 91 92 1
0 118 121 95 88 88 69 2
0 120 119 122 92 91 93 1
0 119 123 122 91 94 93 1
0 121 124 95 88 88 69 2
0 122 123 125 93 94 95 1
0 122 125 126 93 95 96 1
0 124 127 95 88 88 69 2
0 126 125 128 96 95 97 1
0 125 129 128 95 98 97 1
0 127 130 95 88 88 69 2
0 128 129 131 97 98 99 1
0 128 131 132 97 99 100 1
0 130 133 95 88 88 69 2
0 132 131 134 100 99 101 1
0 131 135 134 99 102 101 1
0 133 136 95 88 88 69 2
0 134 135 137 101 102 103 1
0 134 137 138 101 103 104 1
0 136 139 95 88 88 69 2
0 138 137 140 104 103 105 1
0 137 141 140 103 106 105 1
0 139 142 95 88 88 69 2
0 140 141 143 105 106 107 1
0 140 143 144 105 107 108 1
0 142 145 95 88 88 69 2
0 144 143 146 108 107 109 1
0 143 147 146 107 110 109 1
0 145 148 95 88 88 69 2
0 146 147 149 109 110 111 1
0 146 149 150 109 111 112 1
0 148 151 95 88 88 69 2
0 150 149 152 112 111 113 1
0 149 153 152 111 114 113 1
0 151 154 95 88 88 69 2
0 152 153 155 113 114 115 1
0 152 155 156 113 115 116 1
0 154 157 95 88 88 69 2
0 156 155 158 116 115 117 1
0 155 159 158 115 118 117 1
0 157 160 95 88 88 69 2
0 158 159 161 117 118 119 1
0 158 161 162 117 119 120 1
0 160 163 95 88 88 69 2
0 162 161 164 120 119 121 1
0 161 165 164 119 122 121 1
0 163 166 95 88 123 69 2
0 164 165 167 121 122 124 1
0 164 167 168 121 124 125 1
0 166 169 95 123 126 69 2
0 168 167 170 125 124 127 1
0 167 171 170 124 128 127 1
0 169 172 95 126 129 69 2
0 170 171 173 127 128 130 1
0 170 173 174 127 130 131 1
0 172 175 95 129 132 69 2
0 174 173 176 131 130 133 1
0 173 177 176 130 134 133 1
0 175 178 95 132 135 69 2
0 176 177 179 133 134 136 1
0 176 179 180 133 136 137 1
0 178 181 95 135 138 69 2
0 180 179 182 137 136 139 1
0 179 183 182 136 140 139 1
0 181 93 95 138 67 69 2
0 182 183 184 139 140 141 1
0 182 184 185 139 141 141 1
"SIDES_CROSS" 0 0
16
0 63.235809 57.059521 708.501465 5.646838 1.001953 -1
0 63.235809 57.059521 -710.833862 -18.386494 1.001953 -1
0 -63.702778 57.059521 -710.833862 -18.386494 0.001953 -1
0 -63.702778 57.059521 708.501465 5.646838 0.001953 -1
0 -63.702778 57.059921 708.501465 5.646838 1.001953 -1
0 -63.702778 57.059921 -710.833862 -18.386494 1.001953 -1
0 -63.702778 -57.059971 -710.833862 -18.386494 0.001953 -1
0 -63.702778 -57.059971 708.501465 5.646838 0.001953 -1
0 -63.702778 -57.059566 708.501465 5.646838 1.001953 -1
0 -63.702778 -57.059566 -710.833862 -18.386494 1.001953 -1
0 63.235809 -57.059566 -710.833862 -18.386494 0.001953 -1
0 63.235809 -57.059566 708.501465 5.646838 0.001953 -1
0 63.235809 -57.059971 708.501465 5.646838 1.001953 -1
0 63.235809 -57.059971 -710.833862 -18.386494 1.001953 -1
0 63.235809 57.059921 -710.833862 -18.386494 0.001953 -1
0 63.235809 57.059921 708.501465 5.646838 0.001953 -1
4
0 1 0
-1 0 0
0 -1 0
1 0 0
8
0 0 1 2 0 0 0 1
0 0 2 3 0 0 0 1
0 4 5 6 1 1 1 1
0 4 6 7 1 1 1 1
0 8 9 10 2 2 2 1
0 8 10 11 2 2 2 1
0 12 13 14 3 3 3 1
0 12 14 15 3 3 3 1
"CORNERS_CROSS" 0 2
32
0 -63.717716 52.728516 710.833862 12.714258 0 -1
0 -63.717716 52.728516 -709.166138 -11.346002 -0 -1
0 -62.631184 53.035198 -709.166138 -11.346002 0.333333 -1
0 -62.631184 53.035198 710.833862 12.714258 0.333333 -1
0 -60.719105 55.579704 -709.166138 -11.346002 0.666667 -1
0 -60.719105 55.579704 710.833862 12.714258 0.666667 -1
0 -60.488670 57.025631 -709.166138 -11.346002 1 -1
0 -60.488670 57.025631 710.833862 12.714258 1 -1
0 -60.518787 -57.080757 710.833862 12.714258 0 -1
0 -60.518787 -57.080757 -709.166138 -11.346002 -0 -1
0 -60.749249 -55.634838 -709.166138 -11.346002 0.333333 -1
0 -60.749249 -55.634838 710.833862 12.714258 0.333333 -1
0 -62.661324 -53.090336 -709.166138 -11.346002 0.666667 -1
0 -62.661324 -53.090336 710.833862 12.714258 0.666667 -1
0 -63.747849 -52.783661 -709.166138 -11.346002 1 -1
0 -63.747849 -52.783661 710.833862 12.714258 1 -1
0 63.257454 -52.728508 710.833862 12.714258 0 -1
0 63.257454 -52.728508 -709.166138 -11.346002 -0 -1
0 62.170921 -53.035191 -709.166138 -11.346002 0.333333 -1
0 62.170921 -53.035191 710.833862 12.714258 0.333333 -1
0 60.258865 -55.579697 -709.166138 -11.346002 0.666667 -1
0 60.258865 -55.579697 710.833862 12.714258 0.666667 -1
0 60.028416 -57.025623 -709.166138 -11.346002 1 -1
0 60.028416 -57.025623 710.833862 12.714258 1 -1
0 59.843822 57.271240 710.833862 12.714258 0 -1
0 59.843822 57.271240 -709.166138 -11.346002 -0 -1
0 60.074295 55.825321 -709.166138 -11.346002 0.333333 -1
0 60.074295 55.825321 710.833862 12.714258 0.333333 -1
0 61.986351 53.280819 -709.166138 -11.346002 0.666667 -1
0 61.986351 53.280819 710.833862 12.714258 0.666667 -1
0 63.072891 52.974144 -709.166138 -11.346002 1 -1
0 63.072891 52.974144 710.833862 12.714258 1 -1
19
0.271645 -0.962398 0
0.565248 -0.824921 0
0.565248 -0.824921 0
0.920579 -0.390555 0
0.987538 -0.157382 0
0.987535 0.157401 0
0.920576 0.390564 0
0.565246 0.824923 0
0.271640 0.962399 0
-0.271645 0.962398 0
-0.565250 0.824920 0
-0.920578 0.390558 0
-0.920579 0.390558 0
-0.987536 0.157392 0
-0.987534 -0.157408 0
-0.920575 -0.390565 0
-0.920575 -0.390565 0
-0.565246 -0.824922 0
-0.271636 -0.962400 0
24
0 0 1 2 0 0 1 1
0 0 2 3 0 1 2 1
0 2 4 5 1 3 3 1
0 2 5 3 1 3 2 1
0 5 4 6 3 3 4 1
0 5 6 7 3 4 4 1
0 8 9 10 5 5 6 1
0 8 10 11 5 6 6 1
0 10 12 13 6 7 7 1
0 10 13 11 6 7 6 1
0 13 12 14 7 7 8 1
0 13 14 15 7 8 8 1
0 16 17 18 9 9 10 1
0 16 18 19 9 10 10 1
0 18 20 21 10 11 12 1
0 18 21 19 10 12 10 1
0 21 20 22 12 11 13 1
0 21 22 23 12 13 13 1
0 24 25 26 14 14 15 1
0 24 26 27 14 15 16 1
0 26 28 29 15 17 17 1
0 26 29 27 15 17 16 1
0 29 28 30 17 17 18 1
0 29 30 31 17 18 18 1
"INTERNAL_SHADOW" 0 1
40
0 60.276001 54.387390 258.419037 0.992187 0.003906 -1
0 60.276077 54.387390 432.642029 0.992187 0.998047 -1
0 60.276043 -54.384430 432.642029 -0.007813 0.998047 -1
0 60.276001 -54.384430 258.419037 -0.007813 0.003906 -1
0 60.271591 -54.384750 258.419037 0.992187 0.003906 -1
0 60.271629 -54.384750 432.642029 0.992187 0.998047 -1
0 -60.718136 -54.384720 432.642029 -0.007813 0.998047 -1
0 -60.718220 -54.384720 258.419037 -0.007813 0.003906 -1
0 -60.720238 -54.385880 258.419037 0.992187 0.003906 -1
0 -60.720154 -54.385880 432.642029 0.992187 0.998047 -1
0 -60.720089 54.385956 432.642029 -0.007813 0.998047 -1
0 -60.720184 54.385956 258.419037 -0.007813 0.003906 -1
0 -60.715775 54.386292 258.419037 0.992187 0.003906 -1
0 -60.715675 54.386292 432.642029 0.992187 0.998047 -1
0 60.274143 54.386261 432.642029 -0.007813 0.998047 -1
0 60.274017 54.386261 258.419037 -0.007813 0.003906 -1
0 -60.722538 54.387085 431.030945 1 0.994140 -1
0 -60.720833 -54.383270 431.030945 0.999986 0.998047 -1
0 60.276085 -54.381363 431.030945 0 0.998029 -1
0 60.275883 54.385651 431.030945 0.000002 0.994154 -1
0 60.276001 54.387390 -258.157867 0.992187 0.003906 -1
0 60.276077 54.387390 -432.380859 0.992187 0.998047 -1
0 60.276043 -54.384430 -432.380859 -0.007813 0.998047 -1
0 60.276001 -54.384430 -258.157867 -0.007813 0.003906 -1
0 60.271591 -54.384750 -258.157867 0.992187 0.003906 -1
0 60.271629 -54.384750 -432.380859 0.992187 0.998047 -1
0 -60.718136 -54.384720 -432.380859 -0.007813 0.998047 -1
0 -60.718220 -54.384720 -258.157867 -0.007813 0.003906 -1
0 -60.720238 -54.385880 -258.157867 0.992187 0.003906 -1
0 -60.720154 -54.385880 -432.380859 0.992187 0.998047 -1
0 -60.720089 54.385956 -432.380859 -0.007813 0.998047 -1
0 -60.720184 54.385956 -258.157867 -0.007813 0.003906 -1
0 -60.715775 54.386292 -258.157867 0.992187 0.003906 -1
0 -60.715675 54.386292 -432.380859 0.992187 0.998047 -1
0 60.274143 54.386261 -432.380859 -0.007813 0.998047 -1
0 60.274017 54.386261 -258.157867 -0.007813 0.003906 -1
0 -60.722538 54.387085 -430.769775 1 0.994140 -1
0 -60.720833 -54.383270 -430.769775 0.999986 0.998047 -1
0 60.276085 -54.381363 -430.769775 0 0.998029 -1
0 60.275883 54.385651 -430.769775 0.000002 0.994154 -1
25
1 -0 -0
1 -0 -0
1 0 -0
-0 -1 0
-0 -1 0
-0 -1 0
-1 0.000001 0.000001
-1 0.000001 0
-1 0 0.000001
0 1 -0
0 1 -0
0 1 -0
0 0 1
-1 0 -0
-1 0 -0
-1 0 -0
0 1 0
0 1 0
0 1 0
1 -0.000001 0.000001
1 -0.000001 0
1 -0 0.000001
-0 -1 -0
-0 -1 -0
-0 -1 -0
20
0 0 1 2 0 1 0 1
0 0 2 3 0 0 2 1
0 4 5 6 3 4 3 1
0 4 6 7 3 3 5 1
0 8 9 10 6 7 6 1
0 8 10 11 6 6 8 1
0 12 13 14 9 10 9 1
0 12 14 15 9 9 11 1
0 16 17 18 12 12 12 1
0 16 18 19 12 12 12 1
0 20 21 22 13 14 13 1
0 20 22 23 13 13 15 1
0 24 25 26 16 17 16 1
0 24 26 27 16 16 18 1
0 28 29 30 19 20 19 1
0 28 30 31 19 19 21 1
0 32 33 34 22 23 22 1
0 32 34 35 22 22 24 1
0 36 37 38 12 12 12 1
0 36 38 39 12 12 12 1

Materials: 3
"CROSS"
0.200000 0.200000 0.200000 1
0.800000 0.800000 0.800000 1
0 0 0 1
1 1 1 1
0
1
"CROSS.ini"
""
"SHADOW"
0.200000 0.200000 0.200000 1
0.800000 0.800000 0.800000 1
0 0 0 1
1 1 1 1
0
1
"SHADOW.png"
""
"UPPER_LIGHT"
0.200000 0.200000 0.200000 1
0.800000 0.800000 0.800000 1
0 0 0 1
1 1 1 1
0
1
"UPPER LIGHT.ini"
""

Bones: 0
GroupComments: 0
MaterialComments: 0
BoneComments: 0
ModelComment: 0
