// MilkShape 3D ASCII

Frames: 30
Frame: 1

Meshes: 1
"default" 0 0
204
0 17.137177 0 1.067752 0.000570 0.008053 -1
0 18.757076 0 1.168660 0.975900 0.008052 -1
0 18.793430 0 -0 0.975900 -0.001860 -1
0 17.170399 0 -0 0.000570 -0.001860 -1
0 17.170399 0 -0 0.000570 0.999287 -1
0 18.793430 0 -0 0.975900 0.999287 -1
0 18.757076 0 -1.168661 0.975900 0.989375 -1
0 17.137177 0 -1.067752 0.000570 0.989375 -1
0 18.648117 0 -2.332807 0.975900 0.979462 -1
0 17.037632 0 -2.131392 0.000570 0.979462 -1
0 18.467010 0 -3.487927 0.975900 0.969550 -1
0 16.872150 0 -3.186769 0.000570 0.969550 -1
0 18.214436 0 -4.629555 0.975900 0.959637 -1
0 16.641392 0 -4.229817 0.000570 0.959637 -1
0 17.891380 0 -5.753261 0.975900 0.949725 -1
0 16.346230 0 -5.256515 0.000570 0.949725 -1
0 17.499081 0 -6.854725 0.975899 0.939813 -1
0 15.987810 0 -6.262868 0.000570 0.939813 -1
0 17.039070 0 -7.929650 0.975899 0.929901 -1
0 15.567516 0 -7.244987 0.000570 0.929900 -1
0 16.513115 0 -8.973912 0.975899 0.919988 -1
0 15.086968 0 -8.199079 0.000570 0.919988 -1
0 15.923251 0 -9.983455 0.975899 0.910076 -1
0 14.548038 0 -9.121457 0.000570 0.910075 -1
0 15.271776 0 -10.954357 0.975900 0.900163 -1
0 13.952814 0 -10.008538 0.000570 0.900163 -1
0 14.561191 0 -11.882893 0.975900 0.890251 -1
0 13.303586 0 -10.856905 0.000570 0.890251 -1
0 13.794264 0 -12.765454 0.975900 0.880338 -1
0 12.602870 0 -11.663260 0.000570 0.880338 -1
0 12.973945 0 -13.598624 0.975900 0.870426 -1
0 11.853386 0 -12.424500 0.000570 0.870426 -1
0 12.103416 0 -14.379189 0.975900 0.860514 -1
0 11.058022 0 -13.137670 0.000570 0.860514 -1
0 11.186055 0 -15.104125 0.975900 0.850601 -1
0 10.219860 0 -13.800017 0.000570 0.850601 -1
0 10.225388 0 -15.770627 0.975900 0.840689 -1
0 9.342132 0 -14.408957 0.000570 0.840689 -1
0 9.225142 0 -16.376104 0.975900 0.830777 -1
0 8.428261 0 -14.962167 0.000570 0.830777 -1
0 8.189198 0 -16.918242 0.975900 0.820865 -1
0 7.481759 0 -15.457488 0.000570 0.820864 -1
0 7.121547 0 -17.394903 0.975900 0.810952 -1
0 6.506281 0 -15.893003 0.000570 0.810952 -1
0 6.026325 0 -17.804283 0.975900 0.801040 -1
0 5.505628 0 -16.267046 0.000570 0.801040 -1
0 4.907776 0 -18.144779 0.975900 0.791128 -1
0 4.483654 0 -16.578142 0.000570 0.791127 -1
0 3.770217 0 -18.415070 0.975900 0.781216 -1
0 3.444318 0 -16.825100 0.000570 0.781216 -1
0 2.618055 0 -18.614126 0.975900 0.771303 -1
0 2.391634 0 -17.006966 0.000570 0.771303 -1
0 1.455748 0 -18.741169 0.975900 0.761391 -1
0 1.329682 0 -17.123034 0.000570 0.761391 -1
0 0.287794 0 -18.795702 0.975900 0.751478 -1
0 0.262563 0 -17.172857 0.000570 0.751479 -1
0 -0.881296 0 -18.777514 0.975900 0.741566 -1
0 -0.805582 0 -17.156254 0.000570 0.741566 -1
0 -2.046990 0 -18.686676 0.975900 0.731654 -1
0 -1.870626 0 -17.073269 0.000570 0.731654 -1
0 -3.204782 0 -18.523575 0.975900 0.721741 -1
0 -2.928458 0 -16.924223 0.000570 0.721742 -1
0 -4.350196 0 -18.288778 0.975900 0.711829 -1
0 -3.974976 0 -16.709711 0.000570 0.711829 -1
0 -5.478792 0 -17.983229 0.975900 0.701916 -1
0 -5.006120 0 -16.430534 0.000570 0.701917 -1
0 -6.586216 0 -17.608105 0.975900 0.692004 -1
0 -6.017936 0 -16.087824 0.000570 0.692004 -1
0 -7.668180 0 -17.164867 0.975900 0.682092 -1
0 -7.006470 0 -15.682843 0.000570 0.682092 -1
0 -8.720490 0 -16.655214 0.975900 0.672179 -1
0 -7.967924 0 -15.217194 0.000570 0.672179 -1
0 -9.739077 0 -16.081127 0.975900 0.662267 -1
0 -8.898567 0 -14.692687 0.000570 0.662267 -1
0 -10.719994 0 -15.444826 0.975900 0.652354 -1
0 -9.794799 0 -14.111321 0.000570 0.652355 -1
0 -11.659472 0 -14.748780 0.975900 0.642442 -1
0 -10.653156 0 -13.475373 0.000570 0.642442 -1
0 -12.553851 0 -13.995680 0.975900 0.632530 -1
0 -11.470321 0 -12.787283 0.000570 0.632530 -1
0 -13.399686 0 -13.188410 0.975900 0.622617 -1
0 -12.243115 0 -12.049723 0.000570 0.622618 -1
0 -14.193696 0 -12.330125 0.975900 0.612705 -1
0 -12.968577 0 -11.265542 0.000570 0.612705 -1
0 -14.932802 0 -11.424140 0.975900 0.602793 -1
0 -13.643880 0 -10.437790 0.000570 0.602793 -1
0 -15.614159 0 -10.473954 0.975900 0.592880 -1
0 -14.266403 0 -9.569647 0.000570 0.592880 -1
0 -16.235130 0 -9.483253 0.975900 0.582968 -1
0 -14.833750 0 -8.664472 0.000570 0.582968 -1
0 -16.793301 0 -8.455856 0.975900 0.573056 -1
0 -15.343737 0 -7.725779 0.000570 0.573056 -1
0 -17.286514 0 -7.395746 0.975900 0.563143 -1
0 -15.794370 0 -6.757214 0.000570 0.563143 -1
0 -17.712891 0 -6.307029 0.975900 0.553231 -1
0 -16.183926 0 -5.762483 0.000570 0.553231 -1
0 -18.070732 0 -5.193908 0.975900 0.543318 -1
0 -16.510880 0 -4.745474 0.000570 0.543318 -1
0 -18.358685 0 -4.060693 0.975900 0.533406 -1
0 -16.773975 0 -3.710103 0.000570 0.533406 -1
0 -18.575638 0 -2.911767 0.975900 0.523494 -1
0 -16.972195 0 -2.660376 0.000570 0.523493 -1
0 -18.720741 0 -1.751570 0.975900 0.513582 -1
0 -17.104759 0 -1.600355 0.000570 0.513582 -1
0 -18.793430 0 -0.584607 0.975900 0.503669 -1
0 -17.171177 0 -0.534149 0.000570 0.503669 -1
0 -18.793430 0 0.584625 0.975900 0.493757 -1
0 -17.171177 0 0.534131 0.000570 0.493757 -1
0 -18.720741 0 1.751586 0.975900 0.483844 -1
0 -17.104759 0 1.600337 0.000570 0.483844 -1
0 -18.575630 0 2.911783 0.975900 0.473932 -1
0 -16.972195 0 2.660359 0.000570 0.473932 -1
0 -18.358685 0 4.060710 0.975900 0.464020 -1
0 -16.773975 0 3.710083 0.000570 0.464020 -1
0 -18.070721 0 5.193928 0.975900 0.454108 -1
0 -16.510887 0 4.745458 0.000570 0.454107 -1
0 -17.712887 0 6.307043 0.975900 0.444196 -1
0 -16.183926 0 5.762473 0.000570 0.444195 -1
0 -17.286514 0 7.395761 0.975900 0.434283 -1
0 -15.794381 0 6.757192 0.000570 0.434283 -1
0 -16.793297 0 8.455873 0.975900 0.424371 -1
0 -15.343739 0 7.725771 0.000570 0.424370 -1
0 -16.235123 0 9.483263 0.975900 0.414459 -1
0 -14.833754 0 8.664456 0.000570 0.414458 -1
0 -15.614148 0 10.473971 0.975900 0.404546 -1
0 -14.266408 0 9.569626 0.000570 0.404546 -1
0 -14.932796 0 11.424150 0.975899 0.394634 -1
0 -13.643888 0 10.437762 0.000570 0.394633 -1
0 -14.193678 0 12.330140 0.975899 0.384721 -1
0 -12.968583 0 11.265536 0.000570 0.384721 -1
0 -13.399675 0 13.188423 0.975899 0.374810 -1
0 -12.243135 0 12.049705 0.000570 0.374808 -1
0 -12.553848 0 13.995688 0.975899 0.364897 -1
0 -11.470332 0 12.787265 0.000570 0.364897 -1
0 -11.659457 0 14.748788 0.975899 0.354984 -1
0 -10.653175 0 13.475362 0.000570 0.354984 -1
0 -10.719982 0 15.444843 0.975899 0.345072 -1
0 -9.794814 0 14.111319 0.000570 0.345072 -1
0 -9.739063 0 16.081135 0.975899 0.335160 -1
0 -8.898585 0 14.692677 0.000570 0.335159 -1
0 -8.720469 0 16.655230 0.975899 0.325247 -1
0 -7.967944 0 15.217192 0.000570 0.325247 -1
0 -7.668162 0 17.164879 0.975899 0.315335 -1
0 -7.006487 0 15.682834 0.000570 0.315335 -1
0 -6.586194 0 17.608110 0.975899 0.305423 -1
0 -6.017947 0 16.087811 0.000570 0.305422 -1
0 -5.478773 0 17.983238 0.975900 0.295510 -1
0 -5.006138 0 16.430531 0.000570 0.295510 -1
0 -4.350181 0 18.288776 0.975900 0.285598 -1
0 -3.974982 0 16.709707 0.000570 0.285598 -1
0 -3.204764 0 18.523577 0.975900 0.275685 -1
0 -2.928475 0 16.924223 0.000570 0.275685 -1
0 -2.046972 0 18.686689 0.975900 0.265773 -1
0 -1.870643 0 17.073259 0.000570 0.265773 -1
0 -0.881278 0 18.777515 0.975900 0.255861 -1
0 -0.805599 0 17.156250 0.000570 0.255860 -1
0 0.287811 0 18.795702 0.975900 0.245949 -1
0 0.262555 0 17.172863 0.000570 0.245949 -1
0 1.455765 0 18.741165 0.975900 0.236036 -1
0 1.329665 0 17.123034 0.000570 0.236037 -1
0 2.618070 0 18.614126 0.975900 0.226124 -1
0 2.391624 0 17.006971 0.000570 0.226124 -1
0 3.770234 0 18.415062 0.975900 0.216211 -1
0 3.444301 0 16.825100 0.000570 0.216212 -1
0 4.907783 0 18.144783 0.975900 0.206299 -1
0 4.483644 0 16.578150 0.000570 0.206299 -1
0 6.026343 0 17.804276 0.975900 0.196387 -1
0 5.505611 0 16.267054 0.000570 0.196387 -1
0 7.121559 0 17.394903 0.975900 0.186474 -1
0 6.506269 0 15.893007 0.000570 0.186475 -1
0 8.189208 0 16.918224 0.975900 0.176562 -1
0 7.481741 0 15.457494 0.000570 0.176562 -1
0 9.225159 0 16.376091 0.975900 0.166650 -1
0 8.428243 0 14.962181 0.000570 0.166650 -1
0 10.225402 0 15.770615 0.975900 0.156738 -1
0 9.342127 0 14.408973 0.000570 0.156738 -1
0 11.186073 0 15.104120 0.975900 0.146825 -1
0 10.219854 0 13.800020 0.000570 0.146825 -1
0 12.103441 0 14.379188 0.975900 0.136913 -1
0 11.058012 0 13.137686 0.000570 0.136913 -1
0 12.973961 0 13.598618 0.975900 0.127000 -1
0 11.853367 0 12.424513 0.000570 0.127000 -1
0 13.794264 0 12.765450 0.975900 0.117088 -1
0 12.602862 0 11.663263 0.000570 0.117088 -1
0 14.561213 0 11.882886 0.975900 0.107176 -1
0 13.303579 0 10.856910 0.000570 0.107176 -1
0 15.271784 0 10.954348 0.975900 0.097264 -1
0 13.952806 0 10.008560 0.000570 0.097264 -1
0 15.923261 0 9.983436 0.975900 0.087351 -1
0 14.548038 0 9.121468 0.000570 0.087351 -1
0 16.513126 0 8.973893 0.975900 0.077439 -1
0 15.086959 0 8.199098 0.000570 0.077439 -1
0 17.039082 0 7.929643 0.975900 0.067527 -1
0 15.567510 0 7.245004 0.000570 0.067527 -1
0 17.499081 0 6.854712 0.975900 0.057615 -1
0 15.987810 0 6.262877 0.000570 0.057614 -1
0 17.891380 0 5.753261 0.975900 0.047702 -1
0 16.346230 0 5.256519 0.000570 0.047702 -1
0 18.214436 0 4.629545 0.975900 0.037789 -1
0 16.641392 0 4.229827 0.000570 0.037789 -1
0 18.467010 0 3.487920 0.975900 0.027877 -1
0 16.872150 0 3.186778 0.000570 0.027877 -1
0 18.648117 0 2.332806 0.975900 0.017965 -1
0 17.037632 0 2.131393 0.000570 0.017965 -1
1
0 1 0
202
0 0 1 2 0 0 0 1
0 0 2 3 0 0 0 1
0 4 5 6 0 0 0 1
0 4 6 7 0 0 0 1
0 7 6 8 0 0 0 1
0 7 8 9 0 0 0 1
0 9 8 10 0 0 0 1
0 9 10 11 0 0 0 1
0 11 10 12 0 0 0 1
0 11 12 13 0 0 0 1
0 13 12 14 0 0 0 1
0 13 14 15 0 0 0 1
0 15 14 16 0 0 0 1
0 15 16 17 0 0 0 1
0 17 16 18 0 0 0 1
0 17 18 19 0 0 0 1
0 19 18 20 0 0 0 1
0 19 20 21 0 0 0 1
0 21 20 22 0 0 0 1
0 21 22 23 0 0 0 1
0 23 22 24 0 0 0 1
0 23 24 25 0 0 0 1
0 25 24 26 0 0 0 1
0 25 26 27 0 0 0 1
0 27 26 28 0 0 0 1
0 27 28 29 0 0 0 1
0 29 28 30 0 0 0 1
0 29 30 31 0 0 0 1
0 31 30 32 0 0 0 1
0 31 32 33 0 0 0 1
0 33 32 34 0 0 0 1
0 33 34 35 0 0 0 1
0 35 34 36 0 0 0 1
0 35 36 37 0 0 0 1
0 37 36 38 0 0 0 1
0 37 38 39 0 0 0 1
0 39 38 40 0 0 0 1
0 39 40 41 0 0 0 1
0 41 40 42 0 0 0 1
0 41 42 43 0 0 0 1
0 43 42 44 0 0 0 1
0 43 44 45 0 0 0 1
0 45 44 46 0 0 0 1
0 45 46 47 0 0 0 1
0 47 46 48 0 0 0 1
0 47 48 49 0 0 0 1
0 49 48 50 0 0 0 1
0 49 50 51 0 0 0 1
0 51 50 52 0 0 0 1
0 51 52 53 0 0 0 1
0 53 52 54 0 0 0 1
0 53 54 55 0 0 0 1
0 55 54 56 0 0 0 1
0 55 56 57 0 0 0 1
0 57 56 58 0 0 0 1
0 57 58 59 0 0 0 1
0 59 58 60 0 0 0 1
0 59 60 61 0 0 0 1
0 61 60 62 0 0 0 1
0 61 62 63 0 0 0 1
0 63 62 64 0 0 0 1
0 63 64 65 0 0 0 1
0 65 64 66 0 0 0 1
0 65 66 67 0 0 0 1
0 67 66 68 0 0 0 1
0 67 68 69 0 0 0 1
0 69 68 70 0 0 0 1
0 69 70 71 0 0 0 1
0 71 70 72 0 0 0 1
0 71 72 73 0 0 0 1
0 73 72 74 0 0 0 1
0 73 74 75 0 0 0 1
0 75 74 76 0 0 0 1
0 75 76 77 0 0 0 1
0 77 76 78 0 0 0 1
0 77 78 79 0 0 0 1
0 79 78 80 0 0 0 1
0 79 80 81 0 0 0 1
0 81 80 82 0 0 0 1
0 81 82 83 0 0 0 1
0 83 82 84 0 0 0 1
0 83 84 85 0 0 0 1
0 85 84 86 0 0 0 1
0 85 86 87 0 0 0 1
0 87 86 88 0 0 0 1
0 87 88 89 0 0 0 1
0 89 88 90 0 0 0 1
0 89 90 91 0 0 0 1
0 91 90 92 0 0 0 1
0 91 92 93 0 0 0 1
0 93 92 94 0 0 0 1
0 93 94 95 0 0 0 1
0 95 94 96 0 0 0 1
0 95 96 97 0 0 0 1
0 97 96 98 0 0 0 1
0 97 98 99 0 0 0 1
0 99 98 100 0 0 0 1
0 99 100 101 0 0 0 1
0 101 100 102 0 0 0 1
0 101 102 103 0 0 0 1
0 103 102 104 0 0 0 1
0 103 104 105 0 0 0 1
0 105 104 106 0 0 0 1
0 105 106 107 0 0 0 1
0 107 106 108 0 0 0 1
0 107 108 109 0 0 0 1
0 109 108 110 0 0 0 1
0 109 110 111 0 0 0 1
0 111 110 112 0 0 0 1
0 111 112 113 0 0 0 1
0 113 112 114 0 0 0 1
0 113 114 115 0 0 0 1
0 115 114 116 0 0 0 1
0 115 116 117 0 0 0 1
0 117 116 118 0 0 0 1
0 117 118 119 0 0 0 1
0 119 118 120 0 0 0 1
0 119 120 121 0 0 0 1
0 121 120 122 0 0 0 1
0 121 122 123 0 0 0 1
0 123 122 124 0 0 0 1
0 123 124 125 0 0 0 1
0 125 124 126 0 0 0 1
0 125 126 127 0 0 0 1
0 127 126 128 0 0 0 1
0 127 128 129 0 0 0 1
0 129 128 130 0 0 0 1
0 129 130 131 0 0 0 1
0 131 130 132 0 0 0 1
0 131 132 133 0 0 0 1
0 133 132 134 0 0 0 1
0 133 134 135 0 0 0 1
0 135 134 136 0 0 0 1
0 135 136 137 0 0 0 1
0 137 136 138 0 0 0 1
0 137 138 139 0 0 0 1
0 139 138 140 0 0 0 1
0 139 140 141 0 0 0 1
0 141 140 142 0 0 0 1
0 141 142 143 0 0 0 1
0 143 142 144 0 0 0 1
0 143 144 145 0 0 0 1
0 145 144 146 0 0 0 1
0 145 146 147 0 0 0 1
0 147 146 148 0 0 0 1
0 147 148 149 0 0 0 1
0 149 148 150 0 0 0 1
0 149 150 151 0 0 0 1
0 151 150 152 0 0 0 1
0 151 152 153 0 0 0 1
0 153 152 154 0 0 0 1
0 153 154 155 0 0 0 1
0 155 154 156 0 0 0 1
0 155 156 157 0 0 0 1
0 157 156 158 0 0 0 1
0 157 158 159 0 0 0 1
0 159 158 160 0 0 0 1
0 159 160 161 0 0 0 1
0 161 160 162 0 0 0 1
0 161 162 163 0 0 0 1
0 163 162 164 0 0 0 1
0 163 164 165 0 0 0 1
0 165 164 166 0 0 0 1
0 165 166 167 0 0 0 1
0 167 166 168 0 0 0 1
0 167 168 169 0 0 0 1
0 169 168 170 0 0 0 1
0 169 170 171 0 0 0 1
0 171 170 172 0 0 0 1
0 171 172 173 0 0 0 1
0 173 172 174 0 0 0 1
0 173 174 175 0 0 0 1
0 175 174 176 0 0 0 1
0 175 176 177 0 0 0 1
0 177 176 178 0 0 0 1
0 177 178 179 0 0 0 1
0 179 178 180 0 0 0 1
0 179 180 181 0 0 0 1
0 181 180 182 0 0 0 1
0 181 182 183 0 0 0 1
0 183 182 184 0 0 0 1
0 183 184 185 0 0 0 1
0 185 184 186 0 0 0 1
0 185 186 187 0 0 0 1
0 187 186 188 0 0 0 1
0 187 188 189 0 0 0 1
0 189 188 190 0 0 0 1
0 189 190 191 0 0 0 1
0 191 190 192 0 0 0 1
0 191 192 193 0 0 0 1
0 193 192 194 0 0 0 1
0 193 194 195 0 0 0 1
0 195 194 196 0 0 0 1
0 195 196 197 0 0 0 1
0 197 196 198 0 0 0 1
0 197 198 199 0 0 0 1
0 199 198 200 0 0 0 1
0 199 200 201 0 0 0 1
0 201 200 202 0 0 0 1
0 201 202 203 0 0 0 1
0 203 202 1 0 0 0 1
0 203 1 0 0 0 0 1

Materials: 1
"Material.001"
1 1 1 0.770000
0.800000 0.800000 0.800000 0.770000
0.500000 0.500000 0.500000 0.770000
0 0 0 0.770000
0.185600
0.770000
"RING_3.png"
""

Bones: 0
GroupComments: 0
MaterialComments: 0
BoneComments: 0
ModelComment: 0
