// MilkShape 3D ASCII

Frames: 30
Frame: 1

Meshes: 2
"Cylinder03" 0 0
62
0 167.500000 -157.149994 0 1 1 -1
0 163.839722 -157.149994 34.825207 0.989074 1 -1
0 0 -157.149994 0 0.500000 1 -1
0 167.500000 157.149994 0 1 0 -1
0 0 157.149994 0 0.500000 0 -1
0 163.839722 157.149994 34.825207 0.989074 0 -1
0 153.018860 -157.149994 68.128387 0.956773 1 -1
0 153.018860 157.149994 68.128387 0.956773 0 -1
0 135.510345 -157.149994 98.454025 0.904508 1 -1
0 135.510345 157.149994 98.454025 0.904508 0 -1
0 112.079376 -157.149994 124.476753 0.834565 1 -1
0 112.079376 157.149994 124.476753 0.834565 0 -1
0 83.750000 -157.149994 145.059250 0.750000 1 -1
0 83.750000 157.149994 145.059250 0.750000 0 -1
0 51.760349 -157.149994 159.301971 0.654508 1 -1
0 51.760349 157.149994 159.301971 0.654508 0 -1
0 17.508518 -157.149994 166.582428 0.552264 1 -1
0 17.508518 157.149994 166.582428 0.552264 0 -1
0 -17.508518 -157.149994 166.582428 0.447736 1 -1
0 -17.508518 157.149994 166.582428 0.447736 0 -1
0 -51.760349 -157.149994 159.301971 0.345491 1 -1
0 -51.760349 157.149994 159.301971 0.345491 0 -1
0 -83.750000 -157.149994 145.059250 0.250000 1 -1
0 -83.750000 157.149994 145.059250 0.250000 0 -1
0 -112.079376 -157.149994 124.476753 0.165435 1 -1
0 -112.079376 157.149994 124.476753 0.165435 0 -1
0 -135.510345 -157.149994 98.454025 0.095492 1 -1
0 -135.510345 157.149994 98.454025 0.095492 0 -1
0 -153.018860 -157.149994 68.128387 0.043227 1 -1
0 -153.018860 157.149994 68.128387 0.043227 0 -1
0 -163.839722 -157.149994 34.825207 0.010926 1 -1
0 -163.839722 157.149994 34.825207 0.010926 0 -1
0 -167.500000 -157.149994 0 0 1 -1
0 -167.500000 157.149994 0 0 0 -1
0 -163.839722 -157.149994 -34.825207 0.010926 1 -1
0 -163.839722 157.149994 -34.825207 0.010926 0 -1
0 -153.018860 -157.149994 -68.128387 0.043227 1 -1
0 -153.018860 157.149994 -68.128387 0.043227 0 -1
0 -135.510345 -157.149994 -98.454025 0.095492 1 -1
0 -135.510345 157.149994 -98.454025 0.095492 0 -1
0 -112.079376 -157.149994 -124.476746 0.165435 1 -1
0 -112.079376 157.149994 -124.476746 0.165435 0 -1
0 -83.750000 -157.149994 -145.059250 0.250000 1 -1
0 -83.750000 157.149994 -145.059250 0.250000 0 -1
0 -51.760349 -157.149994 -159.301971 0.345491 1 -1
0 -51.760349 157.149994 -159.301971 0.345491 0 -1
0 -17.508518 -157.149994 -166.582428 0.447736 1 -1
0 -17.508518 157.149994 -166.582428 0.447736 0 -1
0 17.508518 -157.149994 -166.582428 0.552264 1 -1
0 17.508518 157.149994 -166.582428 0.552264 0 -1
0 51.760349 -157.149994 -159.301971 0.654508 1 -1
0 51.760349 157.149994 -159.301971 0.654508 0 -1
0 83.750000 -157.149994 -145.059250 0.750000 1 -1
0 83.750000 157.149994 -145.059250 0.750000 0 -1
0 112.079376 -157.149994 -124.476746 0.834565 1 -1
0 112.079376 157.149994 -124.476746 0.834565 0 -1
0 135.510345 -157.149994 -98.454025 0.904508 1 -1
0 135.510345 157.149994 -98.454025 0.904508 0 -1
0 153.018860 -157.149994 -68.128387 0.956773 1 -1
0 153.018860 157.149994 -68.128387 0.956773 0 -1
0 163.839722 -157.149994 -34.825207 0.989074 1 -1
0 163.839722 157.149994 -34.825207 0.989074 0 -1
36
0 -1 0
0 1 0
1 0 0
0.978148 0 0.207912
0.913545 0 0.406737
0.809017 0 0.587785
0.669131 0 0.743145
0.500000 0 0.866025
0.309017 0 0.951056
0.104529 0 0.994522
-0.104529 0 0.994522
-0.309017 0 0.951056
-0.500000 0 0.866025
-0.669131 0 0.743145
-0.809017 0 0.587785
-0.913545 0 0.406737
-0.913545 0 0.406737
-0.978148 0 0.207912
-1 0 0
-0.978148 0 -0.207912
-0.913545 0 -0.406737
-0.809017 0 -0.587785
-0.809017 0 -0.587785
-0.669131 0 -0.743145
-0.669131 0 -0.743145
-0.500000 0 -0.866025
-0.309017 0 -0.951056
-0.104529 0 -0.994522
0.104529 0 -0.994522
0.309017 0 -0.951056
0.500000 0 -0.866025
0.669131 0 -0.743145
0.809017 0 -0.587785
0.913545 0 -0.406737
0.913545 0 -0.406737
0.978148 0 -0.207912
120
0 0 1 2 0 0 0 2
0 3 4 5 1 1 1 2
0 0 3 1 2 2 3 1
0 3 5 1 2 3 3 1
0 1 6 2 0 0 0 2
0 5 4 7 1 1 1 2
0 1 5 7 3 3 4 1
0 1 7 6 3 4 4 1
0 6 8 2 0 0 0 2
0 7 4 9 1 1 1 2
0 6 7 8 4 4 5 1
0 7 9 8 4 5 5 1
0 8 10 2 0 0 0 2
0 9 4 11 1 1 1 2
0 8 9 11 5 5 6 1
0 8 11 10 5 6 6 1
0 10 12 2 0 0 0 2
0 11 4 13 1 1 1 2
0 10 11 12 6 6 7 1
0 11 13 12 6 7 7 1
0 12 14 2 0 0 0 2
0 13 4 15 1 1 1 2
0 12 13 15 7 7 8 1
0 12 15 14 7 8 8 1
0 14 16 2 0 0 0 2
0 15 4 17 1 1 1 2
0 14 15 16 8 8 9 1
0 15 17 16 8 9 9 1
0 16 18 2 0 0 0 2
0 17 4 19 1 1 1 2
0 16 17 19 9 9 10 1
0 16 19 18 9 10 10 1
0 18 20 2 0 0 0 2
0 19 4 21 1 1 1 2
0 18 19 20 10 10 11 1
0 19 21 20 10 11 11 1
0 20 22 2 0 0 0 2
0 21 4 23 1 1 1 2
0 20 21 23 11 11 12 1
0 20 23 22 11 12 12 1
0 22 24 2 0 0 0 2
0 23 4 25 1 1 1 2
0 22 23 24 12 12 13 1
0 23 25 24 12 13 13 1
0 24 26 2 0 0 0 2
0 25 4 27 1 1 1 2
0 24 25 27 13 13 14 1
0 24 27 26 13 14 14 1
0 26 28 2 0 0 0 2
0 27 4 29 1 1 1 2
0 26 27 28 14 14 15 1
0 27 29 28 14 16 15 1
0 28 30 2 0 0 0 2
0 29 4 31 1 1 1 2
0 28 29 31 15 16 17 1
0 28 31 30 15 17 17 1
0 30 32 2 0 0 0 2
0 31 4 33 1 1 1 2
0 30 31 32 17 17 18 1
0 31 33 32 17 18 18 1
0 32 34 2 0 0 0 2
0 33 4 35 1 1 1 2
0 32 33 35 18 18 19 1
0 32 35 34 18 19 19 1
0 34 36 2 0 0 0 2
0 35 4 37 1 1 1 2
0 34 35 36 19 19 20 1
0 35 37 36 19 20 20 1
0 36 38 2 0 0 0 2
0 37 4 39 1 1 1 2
0 36 37 39 20 20 21 1
0 36 39 38 20 21 22 1
0 38 40 2 0 0 0 2
0 39 4 41 1 1 1 2
0 38 39 40 22 21 23 1
0 39 41 40 21 24 23 1
0 40 42 2 0 0 0 2
0 41 4 43 1 1 1 2
0 40 41 43 23 24 25 1
0 40 43 42 23 25 25 1
0 42 44 2 0 0 0 2
0 43 4 45 1 1 1 2
0 42 43 44 25 25 26 1
0 43 45 44 25 26 26 1
0 44 46 2 0 0 0 2
0 45 4 47 1 1 1 2
0 44 45 47 26 26 27 1
0 44 47 46 26 27 27 1
0 46 48 2 0 0 0 2
0 47 4 49 1 1 1 2
0 46 47 48 27 27 28 1
0 47 49 48 27 28 28 1
0 48 50 2 0 0 0 2
0 49 4 51 1 1 1 2
0 48 49 51 28 28 29 1
0 48 51 50 28 29 29 1
0 50 52 2 0 0 0 2
0 51 4 53 1 1 1 2
0 50 51 52 29 29 30 1
0 51 53 52 29 30 30 1
0 52 54 2 0 0 0 2
0 53 4 55 1 1 1 2
0 52 53 55 30 30 31 1
0 52 55 54 30 31 31 1
0 54 56 2 0 0 0 2
0 55 4 57 1 1 1 2
0 54 55 56 31 31 32 1
0 55 57 56 31 32 32 1
0 56 58 2 0 0 0 2
0 57 4 59 1 1 1 2
0 56 57 59 32 32 33 1
0 56 59 58 32 33 34 1
0 58 60 2 0 0 0 2
0 59 4 61 1 1 1 2
0 58 59 60 34 33 35 1
0 59 61 60 33 35 35 1
0 60 0 2 0 0 0 2
0 61 4 3 1 1 1 2
0 60 61 3 35 35 2 1
0 60 3 0 35 2 2 1
"Duplicate01" 0 1
62
0 -159.125031 149.292496 0 1 1 -1
0 -155.647766 149.292496 33.083946 0.989074 1 -1
0 -0.000021 149.292496 0 0.500000 1 -1
0 -159.124969 -149.292496 0 1 0 -1
0 0.000016 -149.292496 0 0.500000 0 -1
0 -155.647705 -149.292496 33.083946 0.989074 0 -1
0 -145.367950 149.292496 64.721970 0.956773 1 -1
0 -145.367889 -149.292496 64.721970 0.956773 0 -1
0 -128.734863 149.292496 93.531326 0.904509 1 -1
0 -128.734802 -149.292496 93.531326 0.904509 0 -1
0 -106.475410 149.292496 118.252914 0.834565 1 -1
0 -106.475395 -149.292496 118.252914 0.834565 0 -1
0 -79.562515 149.292496 137.806290 0.750000 1 -1
0 -79.562485 -149.292496 137.806290 0.750000 0 -1
0 -49.172348 149.292496 151.336868 0.654509 1 -1
0 -49.172318 -149.292496 151.336868 0.654509 0 -1
0 -16.633112 149.292496 158.253311 0.552264 1 -1
0 -16.633078 -149.292496 158.253311 0.552264 0 -1
0 16.633072 149.292496 158.253311 0.447736 1 -1
0 16.633110 -149.292496 158.253311 0.447736 0 -1
0 49.172318 149.292496 151.336868 0.345491 1 -1
0 49.172348 -149.292496 151.336868 0.345491 0 -1
0 79.562485 149.292496 137.806290 0.250000 1 -1
0 79.562515 -149.292496 137.806290 0.250000 0 -1
0 106.475388 149.292496 118.252914 0.165435 1 -1
0 106.475418 -149.292496 118.252914 0.165435 0 -1
0 128.734802 149.292496 93.531326 0.095491 1 -1
0 128.734863 -149.292496 93.531326 0.095491 0 -1
0 145.367889 149.292496 64.721970 0.043227 1 -1
0 145.367950 -149.292496 64.721970 0.043227 0 -1
0 155.647705 149.292496 33.083946 0.010926 1 -1
0 155.647766 -149.292496 33.083946 0.010926 0 -1
0 159.124969 149.292496 0 0 1 -1
0 159.125031 -149.292496 0 0 0 -1
0 155.647705 149.292496 -33.083946 0.010926 1 -1
0 155.647766 -149.292496 -33.083946 0.010926 0 -1
0 145.367889 149.292496 -64.721970 0.043227 1 -1
0 145.367950 -149.292496 -64.721970 0.043227 0 -1
0 128.734802 149.292496 -93.531326 0.095491 1 -1
0 128.734863 -149.292496 -93.531326 0.095491 0 -1
0 106.475388 149.292496 -118.252907 0.165435 1 -1
0 106.475418 -149.292496 -118.252907 0.165435 0 -1
0 79.562485 149.292496 -137.806290 0.250000 1 -1
0 79.562515 -149.292496 -137.806290 0.250000 0 -1
0 49.172318 149.292496 -151.336868 0.345491 1 -1
0 49.172348 -149.292496 -151.336868 0.345491 0 -1
0 16.633072 149.292496 -158.253311 0.447736 1 -1
0 16.633110 -149.292496 -158.253311 0.447736 0 -1
0 -16.633112 149.292496 -158.253311 0.552264 1 -1
0 -16.633078 -149.292496 -158.253311 0.552264 0 -1
0 -49.172348 149.292496 -151.336868 0.654509 1 -1
0 -49.172318 -149.292496 -151.336868 0.654509 0 -1
0 -79.562515 149.292496 -137.806290 0.750000 1 -1
0 -79.562485 -149.292496 -137.806290 0.750000 0 -1
0 -106.475410 149.292496 -118.252907 0.834565 1 -1
0 -106.475395 -149.292496 -118.252907 0.834565 0 -1
0 -128.734863 149.292496 -93.531326 0.904509 1 -1
0 -128.734802 -149.292496 -93.531326 0.904509 0 -1
0 -145.367950 149.292496 -64.721970 0.956773 1 -1
0 -145.367889 -149.292496 -64.721970 0.956773 0 -1
0 -155.647766 149.292496 -33.083946 0.989074 1 -1
0 -155.647705 -149.292496 -33.083946 0.989074 0 -1
56
0 1 0
0 -1 0
-1 -0 0
-0.978148 -0 0.207912
-0.913545 -0 0.406737
-0.809017 -0 0.587785
-0.809017 -0 0.587785
-0.669131 -0 0.743145
-0.669130 -0 0.743145
-0.500000 -0 0.866025
-0.500000 -0 0.866025
-0.309017 -0 0.951056
-0.309017 -0 0.951056
-0.104529 -0 0.994522
-0.104529 -0 0.994522
0.104529 0 0.994522
0.104529 0 0.994522
0.309017 0 0.951056
0.309017 0 0.951056
0.500000 0 0.866025
0.500000 0 0.866025
0.669131 0 0.743145
0.669130 0 0.743145
0.809017 0 0.587785
0.809017 0 0.587785
0.913545 0 0.406737
0.913545 0 0.406737
0.978148 0 0.207912
0.978148 0 0.207912
1 0 0
0.978148 0 -0.207912
0.913545 0 -0.406737
0.809017 0 -0.587785
0.809017 0 -0.587785
0.669131 0 -0.743145
0.669130 0 -0.743145
0.500000 0 -0.866025
0.500000 0 -0.866025
0.309017 0 -0.951056
0.309017 0 -0.951056
0.104529 0 -0.994522
0.104529 0 -0.994522
-0.104529 -0 -0.994522
-0.104529 -0 -0.994522
-0.309017 -0 -0.951056
-0.309017 -0 -0.951056
-0.500000 -0 -0.866025
-0.500000 -0 -0.866025
-0.669131 -0 -0.743145
-0.669130 -0 -0.743145
-0.809017 -0 -0.587785
-0.809017 -0 -0.587785
-0.913545 -0 -0.406737
-0.913545 -0 -0.406737
-0.978148 -0 -0.207912
-0.978148 -0 -0.207912
120
0 0 1 2 0 0 0 2
0 3 4 5 1 1 1 2
0 0 3 1 2 2 3 1
0 3 5 1 2 3 3 1
0 1 6 2 0 0 0 2
0 5 4 7 1 1 1 2
0 1 5 7 3 3 4 1
0 1 7 6 3 4 4 1
0 6 8 2 0 0 0 2
0 7 4 9 1 1 1 2
0 6 7 8 4 4 5 1
0 7 9 8 4 6 5 1
0 8 10 2 0 0 0 2
0 9 4 11 1 1 1 2
0 8 9 11 5 6 7 1
0 8 11 10 5 7 8 1
0 10 12 2 0 0 0 2
0 11 4 13 1 1 1 2
0 10 11 12 8 7 9 1
0 11 13 12 7 10 9 1
0 12 14 2 0 0 0 2
0 13 4 15 1 1 1 2
0 12 13 15 9 10 11 1
0 12 15 14 9 11 12 1
0 14 16 2 0 0 0 2
0 15 4 17 1 1 1 2
0 14 15 16 12 11 13 1
0 15 17 16 11 14 13 1
0 16 18 2 0 0 0 2
0 17 4 19 1 1 1 2
0 16 17 19 13 14 15 1
0 16 19 18 13 15 16 1
0 18 20 2 0 0 0 2
0 19 4 21 1 1 1 2
0 18 19 20 16 15 17 1
0 19 21 20 15 18 17 1
0 20 22 2 0 0 0 2
0 21 4 23 1 1 1 2
0 20 21 23 17 18 19 1
0 20 23 22 17 19 20 1
0 22 24 2 0 0 0 2
0 23 4 25 1 1 1 2
0 22 23 24 20 19 21 1
0 23 25 24 19 22 21 1
0 24 26 2 0 0 0 2
0 25 4 27 1 1 1 2
0 24 25 27 21 22 23 1
0 24 27 26 21 23 24 1
0 26 28 2 0 0 0 2
0 27 4 29 1 1 1 2
0 26 27 28 24 23 25 1
0 27 29 28 23 26 25 1
0 28 30 2 0 0 0 2
0 29 4 31 1 1 1 2
0 28 29 31 25 26 27 1
0 28 31 30 25 27 28 1
0 30 32 2 0 0 0 2
0 31 4 33 1 1 1 2
0 30 31 32 28 27 29 1
0 31 33 32 27 29 29 1
0 32 34 2 0 0 0 2
0 33 4 35 1 1 1 2
0 32 33 35 29 29 30 1
0 32 35 34 29 30 30 1
0 34 36 2 0 0 0 2
0 35 4 37 1 1 1 2
0 34 35 36 30 30 31 1
0 35 37 36 30 31 31 1
0 36 38 2 0 0 0 2
0 37 4 39 1 1 1 2
0 36 37 39 31 31 32 1
0 36 39 38 31 32 33 1
0 38 40 2 0 0 0 2
0 39 4 41 1 1 1 2
0 38 39 40 33 32 34 1
0 39 41 40 32 35 34 1
0 40 42 2 0 0 0 2
0 41 4 43 1 1 1 2
0 40 41 43 34 35 36 1
0 40 43 42 34 36 37 1
0 42 44 2 0 0 0 2
0 43 4 45 1 1 1 2
0 42 43 44 37 36 38 1
0 43 45 44 36 39 38 1
0 44 46 2 0 0 0 2
0 45 4 47 1 1 1 2
0 44 45 47 38 39 40 1
0 44 47 46 38 40 41 1
0 46 48 2 0 0 0 2
0 47 4 49 1 1 1 2
0 46 47 48 41 40 42 1
0 47 49 48 40 43 42 1
0 48 50 2 0 0 0 2
0 49 4 51 1 1 1 2
0 48 49 51 42 43 44 1
0 48 51 50 42 44 45 1
0 50 52 2 0 0 0 2
0 51 4 53 1 1 1 2
0 50 51 52 45 44 46 1
0 51 53 52 44 47 46 1
0 52 54 2 0 0 0 2
0 53 4 55 1 1 1 2
0 52 53 55 46 47 48 1
0 52 55 54 46 48 49 1
0 54 56 2 0 0 0 2
0 55 4 57 1 1 1 2
0 54 55 56 49 48 50 1
0 55 57 56 48 51 50 1
0 56 58 2 0 0 0 2
0 57 4 59 1 1 1 2
0 56 57 59 50 51 52 1
0 56 59 58 50 52 53 1
0 58 60 2 0 0 0 2
0 59 4 61 1 1 1 2
0 58 59 60 53 52 54 1
0 59 61 60 52 55 54 1
0 60 0 2 0 0 0 2
0 61 4 3 1 1 1 2
0 60 61 3 54 55 2 1
0 60 3 0 54 2 2 1

Materials: 2
"Material.001"
1 1 1 1
0.800000 0.800000 0.800000 1
0.500000 0.500000 0.500000 1
1 1 1 1
0.185600
1
"BACKGROUND.png"
""
"Material03"
0.200000 0.200000 0.200000 0.100000
0.800000 0.800000 0.800000 0.100000
0 0 0 0.100000
1 1 1 0.100000
0
0.100000
"RAD.ini"
""

Bones: 0
GroupComments: 0
MaterialComments: 0
BoneComments: 0
ModelComment: 0
