// MilkShape 3D ASCII

Frames: 30
Frame: 1

Meshes: 1
"default" 0 0
84
0 25.384291 -0.227273 -163.938828 0.975610 1 -1
0 0.000027 -0.227273 -165.887711 1 1 -1
0 -0.000002 -0.227273 -1.559951 1 0 -1
0 0.299781 -0.227273 -1.536936 0.975610 0 -1
0 -0.000031 -0.227273 -165.887711 0 1 -1
0 -25.384296 -0.227273 -163.938828 0.024390 1 -1
0 -0.299786 -0.227273 -1.536936 0.024390 0 -1
0 -0.000002 -0.227273 -1.559951 0 0 -1
0 -50.173615 -0.227273 -158.137894 0.048780 1 -1
0 -0.592532 -0.227273 -1.468436 0.048780 0 -1
0 -73.786926 -0.227273 -148.620911 0.073171 1 -1
0 -0.871406 -0.227273 -1.356038 0.073171 0 -1
0 -95.670670 -0.227273 -135.610886 0.097561 1 -1
0 -1.129844 -0.227273 -1.202397 0.097561 0 -1
0 -115.312019 -0.227273 -119.412727 0.121951 1 -1
0 -1.361806 -0.227273 -1.011103 0.121951 0 -1
0 -132.250534 -0.227273 -100.406250 0.146341 1 -1
0 -1.561840 -0.227273 -0.786641 0.146341 0 -1
0 -146.089233 -0.227273 -79.036865 0.170732 1 -1
0 -1.725274 -0.227273 -0.534273 0.170732 0 -1
0 -156.503693 -0.227273 -55.805405 0.195122 1 -1
0 -1.848270 -0.227273 -0.259913 0.195122 0 -1
0 -163.249893 -0.227273 -31.256470 0.219512 1 -1
0 -1.927932 -0.227273 0.030007 0.219512 0 -1
0 -166.169525 -0.227273 -5.965466 0.243902 1 -1
0 -1.962412 -0.227273 0.328679 0.243902 0 -1
0 -165.194443 -0.227273 19.474848 0.268293 1 -1
0 -1.950904 -0.227273 0.629128 0.268293 0 -1
0 -160.347244 -0.227273 44.468170 0.292683 1 -1
0 -1.893653 -0.227273 0.924297 0.292683 0 -1
0 -151.741638 -0.227273 68.428642 0.317073 1 -1
0 -1.792028 -0.227273 1.207265 0.317073 0 -1
0 -139.579376 -0.227273 90.794647 0.341463 1 -1
0 -1.648395 -0.227273 1.471385 0.341463 0 -1
0 -124.145508 -0.227273 111.042023 0.365854 1 -1
0 -1.466128 -0.227273 1.710501 0.365854 0 -1
0 -105.801758 -0.227273 128.696091 0.390244 1 -1
0 -1.249496 -0.227273 1.918998 0.390244 0 -1
0 -84.978104 -0.227273 143.343048 0.414634 1 -1
0 -1.003574 -0.227273 2.091964 0.414634 0 -1
0 -62.162601 -0.227273 154.639755 0.439024 1 -1
0 -0.734132 -0.227273 2.225389 0.439024 0 -1
0 -37.890095 -0.227273 162.321304 0.463414 1 -1
0 -0.447472 -0.227273 2.316096 0.463415 0 -1
0 -12.729463 -0.227273 166.207535 0.487805 1 -1
0 -0.150341 -0.227273 2.361998 0.487805 0 -1
0 12.729531 -0.227273 166.207535 0.512195 1 -1
0 0.150322 -0.227273 2.361998 0.512195 0 -1
0 37.890163 -0.227273 162.321259 0.536585 1 -1
0 0.447467 -0.227273 2.316096 0.536585 0 -1
0 62.162647 -0.227273 154.639755 0.560975 1 -1
0 0.734113 -0.227273 2.225389 0.560976 0 -1
0 84.978142 -0.227273 143.343048 0.585366 1 -1
0 1.003570 -0.227273 2.091964 0.585366 0 -1
0 105.801781 -0.227273 128.696075 0.609756 1 -1
0 1.249491 -0.227273 1.918998 0.609756 0 -1
0 124.145569 -0.227273 111.041977 0.634146 1 -1
0 1.466123 -0.227273 1.710501 0.634146 0 -1
0 139.579437 -0.227273 90.794617 0.658536 1 -1
0 1.648390 -0.227273 1.471385 0.658537 0 -1
0 151.741714 -0.227273 68.428535 0.682927 1 -1
0 1.792024 -0.227273 1.207265 0.682927 0 -1
0 160.347244 -0.227273 44.468071 0.707317 1 -1
0 1.893648 -0.227273 0.924297 0.707317 0 -1
0 165.194443 -0.227273 19.474751 0.731707 1 -1
0 1.950899 -0.227273 0.629128 0.731707 0 -1
0 166.169525 -0.227273 -5.965537 0.756097 1 -1
0 1.962408 -0.227273 0.328679 0.756098 0 -1
0 163.249893 -0.227273 -31.256561 0.780488 1 -1
0 1.927927 -0.227273 0.030007 0.780488 0 -1
0 156.503662 -0.227273 -55.805470 0.804878 1 -1
0 1.848265 -0.227273 -0.259913 0.804878 0 -1
0 146.089172 -0.227273 -79.036949 0.829268 1 -1
0 1.725269 -0.227273 -0.534273 0.829268 0 -1
0 132.250488 -0.227273 -100.406311 0.853658 1 -1
0 1.561835 -0.227273 -0.786641 0.853659 0 -1
0 115.311935 -0.227273 -119.412827 0.878049 1 -1
0 1.361801 -0.227273 -1.011103 0.878049 0 -1
0 95.670662 -0.227273 -135.610886 0.902439 1 -1
0 1.129840 -0.227273 -1.202397 0.902439 0 -1
0 73.786896 -0.227273 -148.620911 0.926829 1 -1
0 0.871401 -0.227273 -1.356038 0.926829 0 -1
0 50.173599 -0.227273 -158.137894 0.951219 1 -1
0 0.592528 -0.227273 -1.468436 0.951220 0 -1
1
0 1 0
82
0 0 1 2 0 0 0 1
0 0 2 3 0 0 0 1
0 4 5 6 0 0 0 1
0 4 6 7 0 0 0 1
0 5 8 9 0 0 0 1
0 5 9 6 0 0 0 1
0 8 10 11 0 0 0 1
0 8 11 9 0 0 0 1
0 10 12 13 0 0 0 1
0 10 13 11 0 0 0 1
0 12 14 15 0 0 0 1
0 12 15 13 0 0 0 1
0 14 16 17 0 0 0 1
0 14 17 15 0 0 0 1
0 16 18 19 0 0 0 1
0 16 19 17 0 0 0 1
0 18 20 21 0 0 0 1
0 18 21 19 0 0 0 1
0 20 22 23 0 0 0 1
0 20 23 21 0 0 0 1
0 22 24 25 0 0 0 1
0 22 25 23 0 0 0 1
0 24 26 27 0 0 0 1
0 24 27 25 0 0 0 1
0 26 28 29 0 0 0 1
0 26 29 27 0 0 0 1
0 28 30 31 0 0 0 1
0 28 31 29 0 0 0 1
0 30 32 33 0 0 0 1
0 30 33 31 0 0 0 1
0 32 34 35 0 0 0 1
0 32 35 33 0 0 0 1
0 34 36 37 0 0 0 1
0 34 37 35 0 0 0 1
0 36 38 39 0 0 0 1
0 36 39 37 0 0 0 1
0 38 40 41 0 0 0 1
0 38 41 39 0 0 0 1
0 40 42 43 0 0 0 1
0 40 43 41 0 0 0 1
0 42 44 45 0 0 0 1
0 42 45 43 0 0 0 1
0 44 46 47 0 0 0 1
0 44 47 45 0 0 0 1
0 46 48 49 0 0 0 1
0 46 49 47 0 0 0 1
0 48 50 51 0 0 0 1
0 48 51 49 0 0 0 1
0 50 52 53 0 0 0 1
0 50 53 51 0 0 0 1
0 52 54 55 0 0 0 1
0 52 55 53 0 0 0 1
0 54 56 57 0 0 0 1
0 54 57 55 0 0 0 1
0 56 58 59 0 0 0 1
0 56 59 57 0 0 0 1
0 58 60 61 0 0 0 1
0 58 61 59 0 0 0 1
0 60 62 63 0 0 0 1
0 60 63 61 0 0 0 1
0 62 64 65 0 0 0 1
0 62 65 63 0 0 0 1
0 64 66 67 0 0 0 1
0 64 67 65 0 0 0 1
0 66 68 69 0 0 0 1
0 66 69 67 0 0 0 1
0 68 70 71 0 0 0 1
0 68 71 69 0 0 0 1
0 70 72 73 0 0 0 1
0 70 73 71 0 0 0 1
0 72 74 75 0 0 0 1
0 72 75 73 0 0 0 1
0 74 76 77 0 0 0 1
0 74 77 75 0 0 0 1
0 76 78 79 0 0 0 1
0 76 79 77 0 0 0 1
0 78 80 81 0 0 0 1
0 78 81 79 0 0 0 1
0 80 82 83 0 0 0 1
0 80 83 81 0 0 0 1
0 82 0 3 0 0 0 1
0 82 3 83 0 0 0 1

Materials: 1
"Material04"
0.200000 0.200000 0.200000 1
0.800000 0.800000 0.800000 1
0 0 0 1
1 1 1 1
0
1
"RAD_2.ini"
""

Bones: 0
GroupComments: 0
MaterialComments: 0
BoneComments: 0
ModelComment: 0
