// MilkShape 3D ASCII

Frames: 480
Frame: 1

Meshes: 1
"UP_WLINES" 0 0
312
0 -50.239067 -39.609745 -35.144146 0.286581 0.121457 -1
0 -50.236641 -39.609745 -45.661144 0.058023 0.124214 -1
0 -39.651146 -39.609745 -35.147213 0.286715 0.984734 -1
0 -39.650215 -39.609745 -45.660252 0.058045 0.987123 -1
0 -39.649719 -39.609745 -56.156635 0.058023 0.124214 -1
0 -29.193024 -39.609745 -45.659252 0.286715 0.984734 -1
0 -29.193932 -39.609749 -56.137066 0.286581 0.121457 -1
0 -17.952324 -39.609749 -56.116207 0.058023 0.124214 -1
0 -39.651146 -39.609745 -35.147213 0.730461 0.121368 -1
0 -39.651627 -39.609745 -24.386417 0.502586 0.121199 -1
0 -50.239067 -39.609745 -35.144146 0.730175 0.988161 -1
0 -50.242805 -39.609741 -24.385044 0.502659 0.984617 -1
0 -50.245209 -39.609741 -13.378514 0.286715 0.984734 -1
0 -39.652496 -39.609741 -13.378010 0.286581 0.121457 -1
0 -39.651146 -39.609745 -35.147213 0.286581 0.121457 -1
0 -29.191795 -39.609745 -24.388088 0.502659 0.984617 -1
0 -29.192719 -39.609745 -35.150097 0.286715 0.984734 -1
0 -50.248970 -39.609737 -2.282639 0.502586 0.121199 -1
0 -50.245209 -39.609741 -13.378514 0.730461 0.121368 -1
0 -39.652946 -39.609741 -2.283991 0.502659 0.984617 -1
0 -39.652496 -39.609741 -13.378010 0.730175 0.988161 -1
0 -29.190628 -39.609741 -2.284987 0.502586 0.121199 -1
0 -29.191521 -39.609741 -13.377672 0.730461 0.121368 -1
0 -39.652946 -39.609741 -2.283991 0.286715 0.984734 -1
0 -39.653801 -39.609741 8.450317 0.502659 0.984617 -1
0 -50.248970 -39.609737 -2.282639 0.286581 0.121457 -1
0 -50.251160 -39.609741 8.449020 0.502586 0.121199 -1
0 18.459763 -39.609753 -45.654934 0.286715 0.984734 -1
0 5.677427 -39.609749 -45.656094 0.058045 0.987123 -1
0 18.457321 -39.609753 -56.048763 0.286581 0.121457 -1
0 5.677116 -39.609753 -56.072514 0.058023 0.124214 -1
0 -39.653801 -39.609741 8.450317 0.286715 0.984734 -1
0 -39.654221 -39.609741 19.421188 0.058045 0.987123 -1
0 -50.251160 -39.609741 8.449020 0.286581 0.121457 -1
0 -50.254745 -39.609737 19.416443 0.058023 0.124214 -1
0 -18.026306 -39.609749 -45.658276 0.058045 0.987123 -1
0 -29.190384 -39.609741 8.451866 0.286715 0.984734 -1
0 -29.189484 -39.609741 19.425751 0.058045 0.987123 -1
0 -39.653801 -39.609741 8.450317 0.286581 0.121457 -1
0 -39.654221 -39.609741 19.421188 0.058023 0.124214 -1
0 -18.024834 -39.609741 19.430962 0.286715 0.984734 -1
0 -29.189255 -39.609741 30.540752 0.058023 0.124214 -1
0 -18.024132 -39.609741 30.535702 0.286581 0.121457 -1
0 -39.653801 -39.609741 8.450317 0.502586 0.121199 -1
0 -39.652946 -39.609741 -2.283991 0.730461 0.121368 -1
0 -29.190384 -39.609741 8.451866 0.502659 0.984617 -1
0 -29.190628 -39.609741 -2.284987 0.730175 0.988161 -1
0 -29.191795 -39.609745 -24.388088 0.286715 0.984734 -1
0 -29.191521 -39.609741 -13.377672 0.502659 0.984617 -1
0 -39.651627 -39.609745 -24.386417 0.286581 0.121457 -1
0 -39.652496 -39.609741 -13.378010 0.502586 0.121199 -1
0 18.463463 -39.609753 -35.163692 0.286715 0.984734 -1
0 5.678051 -39.609753 -35.160030 0.058045 0.987123 -1
0 18.459763 -39.609753 -45.654934 0.286581 0.121457 -1
0 5.677427 -39.609749 -45.656094 0.058023 0.124214 -1
0 5.883366 -39.607319 43.275555 0.058045 0.987123 -1
0 5.680826 -39.609745 30.524677 0.286715 0.984734 -1
0 18.944023 -39.607323 43.266644 0.058023 0.124214 -1
0 -6.414425 -39.609749 -35.156536 0.058045 0.987123 -1
0 -18.025558 -39.609749 -35.153400 0.286715 0.984734 -1
0 -6.413591 -39.609749 -45.657207 0.058023 0.124214 -1
0 -18.026306 -39.609749 -45.658276 0.286581 0.121457 -1
0 -6.412722 -39.609837 -56.094280 0.286581 0.121457 -1
0 -17.952324 -39.609749 -56.116207 0.286715 0.984734 -1
0 -29.192719 -39.609745 -35.150097 0.502659 0.984617 -1
0 -29.193024 -39.609745 -45.659252 0.502586 0.121199 -1
0 -29.193024 -39.609745 -45.659252 0.730175 0.988161 -1
0 -29.192719 -39.609745 -35.150097 0.730461 0.121368 -1
0 -39.650215 -39.609745 -45.660252 0.967096 0.985183 -1
0 -39.651146 -39.609745 -35.147213 0.967033 0.124848 -1
0 18.473038 -39.609749 -2.290686 0.058045 0.987123 -1
0 5.679623 -39.609745 -2.289391 0.286715 0.984734 -1
0 18.469460 -39.609749 -13.375744 0.058023 0.124214 -1
0 5.678984 -39.609745 -13.376289 0.286581 0.121457 -1
0 -6.415306 -39.609745 -2.287703 0.502659 0.984617 -1
0 -6.415283 -39.609745 -13.376816 0.502586 0.121199 -1
0 18.467094 -39.609753 -24.394779 0.502586 0.121199 -1
0 5.678354 -39.609749 -24.393131 0.286581 0.121457 -1
0 18.463463 -39.609753 -35.163692 0.502659 0.984617 -1
0 5.678051 -39.609753 -35.160030 0.286715 0.984734 -1
0 -6.416952 -39.609745 30.530148 0.502586 0.121199 -1
0 -6.416151 -39.609745 19.435966 0.502659 0.984617 -1
0 5.680824 -39.609745 30.524685 0.730461 0.121368 -1
0 5.680563 -39.609745 19.441597 0.730175 0.988161 -1
0 18.482407 -39.609745 30.518635 0.730175 0.988161 -1
0 18.478867 -39.609745 19.447090 0.967096 0.985183 -1
0 5.680563 -39.609745 19.441597 0.967033 0.124848 -1
0 -18.024834 -39.609741 19.430962 0.058045 0.987123 -1
0 -29.189484 -39.609741 19.425751 0.058023 0.124214 -1
0 -18.024612 -39.609741 8.453297 0.286715 0.984734 -1
0 -29.190384 -39.609741 8.451866 0.286581 0.121457 -1
0 -6.416151 -39.609745 19.435966 0.967033 0.124848 -1
0 -18.024834 -39.609741 19.430962 0.967096 0.985183 -1
0 -6.416140 -39.609745 8.454988 0.730461 0.121368 -1
0 -18.024612 -39.609741 8.453297 0.730175 0.988161 -1
0 5.680563 -39.609745 19.441597 0.058023 0.124214 -1
0 -6.416151 -39.609745 19.435966 0.286581 0.121457 -1
0 5.679909 -39.609745 8.456600 0.058045 0.987123 -1
0 -6.416140 -39.609745 8.454988 0.286715 0.984734 -1
0 -6.415306 -39.609745 -2.287703 0.730461 0.121368 -1
0 -18.025276 -39.609745 -2.286492 0.967033 0.124848 -1
0 -6.415283 -39.609745 -13.376816 0.730175 0.988161 -1
0 -18.025070 -39.609741 -13.377174 0.967096 0.985183 -1
0 30.981934 -39.609749 -13.375220 0.502586 0.121199 -1
0 18.469460 -39.609749 -13.375744 0.286581 0.121457 -1
0 30.979012 -39.609753 -24.396694 0.502659 0.984617 -1
0 18.467094 -39.609753 -24.394779 0.286715 0.984734 -1
0 18.469460 -39.609749 -13.375744 0.502586 0.121199 -1
0 18.467094 -39.609753 -24.394779 0.502659 0.984617 -1
0 5.678354 -39.609749 -24.393131 0.286715 0.984734 -1
0 -18.025276 -39.609745 -2.286492 0.730461 0.121368 -1
0 -18.025070 -39.609741 -13.377174 0.502586 0.121199 -1
0 5.678984 -39.609745 -13.376289 0.730175 0.988161 -1
0 -6.415283 -39.609745 -13.376816 0.502659 0.984617 -1
0 5.678354 -39.609749 -24.393131 0.730461 0.121368 -1
0 -6.414412 -39.609749 -24.391315 0.502586 0.121199 -1
0 -18.025803 -39.609749 -24.389553 0.730461 0.121368 -1
0 -6.414425 -39.609749 -35.156536 0.502659 0.984617 -1
0 -18.025558 -39.609749 -35.153400 0.730175 0.988161 -1
0 -6.415283 -39.609745 -13.376816 0.286715 0.984734 -1
0 -18.025070 -39.609741 -13.377174 0.058045 0.987123 -1
0 -6.414412 -39.609749 -24.391315 0.286581 0.121457 -1
0 -18.025803 -39.609749 -24.389553 0.058023 0.124214 -1
0 -18.025070 -39.609741 -13.377174 0.730175 0.988161 -1
0 -18.025803 -39.609749 -24.389553 0.502659 0.984617 -1
0 -29.191795 -39.609745 -24.388088 0.502586 0.121199 -1
0 -18.024612 -39.609741 8.453297 0.502659 0.984617 -1
0 -29.190384 -39.609741 8.451866 0.502586 0.121199 -1
0 -18.025276 -39.609745 -2.286492 0.286715 0.984734 -1
0 -29.190628 -39.609741 -2.284987 0.286581 0.121457 -1
0 -6.416140 -39.609745 8.454988 0.502659 0.984617 -1
0 -18.024612 -39.609741 8.453297 0.502586 0.121199 -1
0 -6.415306 -39.609745 -2.287703 0.286715 0.984734 -1
0 -18.025276 -39.609745 -2.286492 0.286581 0.121457 -1
0 5.678354 -39.609749 -24.393131 0.502586 0.121199 -1
0 5.678051 -39.609753 -35.160030 0.502659 0.984617 -1
0 -6.414425 -39.609749 -35.156536 0.286715 0.984734 -1
0 -29.191795 -39.609745 -24.388088 0.967033 0.124848 -1
0 -29.192719 -39.609745 -35.150097 0.967096 0.985183 -1
0 18.482407 -39.609745 30.518635 0.286581 0.121457 -1
0 31.256905 -39.609753 -35.164982 0.058045 0.987123 -1
0 31.250271 -39.609753 -45.654392 0.058023 0.124214 -1
0 31.253208 -39.609753 -45.656231 0.058045 0.987123 -1
0 31.247829 -39.609753 -56.048222 0.058023 0.124214 -1
0 -17.952324 -39.609699 -68.072784 0.058045 0.987123 -1
0 -17.952322 -39.609749 -56.116199 0.286715 0.984734 -1
0 -6.067448 -39.609798 -68.071014 0.058023 0.124214 -1
0 -6.412720 -39.609837 -56.094273 0.286581 0.121457 -1
0 31.256901 -39.609753 -35.164982 0.058045 0.987123 -1
0 18.463463 -39.609753 -35.163685 0.286715 0.984734 -1
0 30.979012 -39.609753 -24.396694 0.058023 0.124214 -1
0 18.467094 -39.609753 -24.394787 0.286581 0.121457 -1
0 43.630615 -39.609756 -24.694103 0.058045 0.987123 -1
0 30.979004 -39.609753 -24.396687 0.286715 0.984734 -1
0 43.636322 -39.609753 -13.333569 0.058023 0.124214 -1
0 30.981934 -39.609749 -13.375220 0.286581 0.121457 -1
0 -50.239067 58.120872 -34.944107 0.286581 0.121457 -1
0 -50.236649 58.120869 -45.461109 0.058023 0.124214 -1
0 -39.651154 58.120872 -34.947163 0.286715 0.984734 -1
0 -39.650223 58.120884 -45.460217 0.058045 0.987123 -1
0 -39.649727 58.120884 -55.956593 0.058023 0.124214 -1
0 -29.193031 58.120884 -45.459209 0.286715 0.984734 -1
0 -29.193939 58.120895 -55.937023 0.286581 0.121457 -1
0 -17.952332 58.120899 -55.916164 0.058023 0.124214 -1
0 -39.651154 58.120872 -34.947163 0.730461 0.121368 -1
0 -39.651627 58.120872 -24.186378 0.502586 0.121199 -1
0 -50.239067 58.120872 -34.944107 0.730175 0.988161 -1
0 -50.242805 58.120861 -24.185005 0.502659 0.984617 -1
0 -50.245209 58.120865 -13.178476 0.286715 0.984734 -1
0 -39.652504 58.120865 -13.177969 0.286581 0.121457 -1
0 -39.651154 58.120872 -34.947163 0.286581 0.121457 -1
0 -29.191795 58.120876 -24.188046 0.502659 0.984617 -1
0 -29.192726 58.120888 -34.950062 0.286715 0.984734 -1
0 -50.248978 58.120857 -2.082600 0.502586 0.121199 -1
0 -50.245209 58.120865 -13.178476 0.730461 0.121368 -1
0 -39.652946 58.120869 -2.083956 0.502659 0.984617 -1
0 -39.652504 58.120865 -13.177969 0.730175 0.988161 -1
0 -29.190628 58.120869 -2.084949 0.502586 0.121199 -1
0 -29.191528 58.120880 -13.177633 0.730461 0.121368 -1
0 -39.652946 58.120869 -2.083956 0.286715 0.984734 -1
0 -39.653801 58.120857 8.650354 0.502659 0.984617 -1
0 -50.248978 58.120857 -2.082600 0.286581 0.121457 -1
0 -50.251160 58.120857 8.649057 0.502586 0.121199 -1
0 18.459755 58.120918 -45.454891 0.286715 0.984734 -1
0 5.677420 58.120911 -45.456051 0.058045 0.987123 -1
0 18.457314 58.120930 -55.848721 0.286581 0.121457 -1
0 5.677113 58.120922 -55.872471 0.058023 0.124214 -1
0 -39.653801 58.120857 8.650354 0.286715 0.984734 -1
0 -39.654228 58.120861 19.621225 0.058045 0.987123 -1
0 -50.251160 58.120857 8.649057 0.286581 0.121457 -1
0 -50.254745 58.120850 19.616488 0.058023 0.124214 -1
0 -18.026314 58.120899 -45.458233 0.058045 0.987123 -1
0 -29.190384 58.120869 8.651905 0.286715 0.984734 -1
0 -29.189491 58.120861 19.625788 0.058045 0.987123 -1
0 -39.653801 58.120857 8.650354 0.286581 0.121457 -1
0 -39.654228 58.120861 19.621225 0.058023 0.124214 -1
0 -18.024837 58.120872 19.631006 0.286715 0.984734 -1
0 -29.189255 58.120861 30.740795 0.058023 0.124214 -1
0 -18.024132 58.120861 30.735737 0.286581 0.121457 -1
0 -39.653801 58.120857 8.650354 0.502586 0.121199 -1
0 -39.652946 58.120869 -2.083956 0.730461 0.121368 -1
0 -29.190384 58.120869 8.651905 0.502659 0.984617 -1
0 -29.190628 58.120869 -2.084949 0.730175 0.988161 -1
0 -29.191795 58.120876 -24.188046 0.286715 0.984734 -1
0 -29.191528 58.120880 -13.177633 0.502659 0.984617 -1
0 -39.651627 58.120872 -24.186378 0.286581 0.121457 -1
0 -39.652504 58.120865 -13.177969 0.502586 0.121199 -1
0 18.463463 58.120918 -34.963650 0.286715 0.984734 -1
0 5.678045 58.120911 -34.959984 0.058045 0.987123 -1
0 18.459755 58.120918 -45.454891 0.286581 0.121457 -1
0 5.677420 58.120911 -45.456051 0.058023 0.124214 -1
0 5.883358 58.106796 43.475590 0.058045 0.987123 -1
0 5.680817 58.120876 30.724712 0.286715 0.984734 -1
0 18.944016 58.106815 43.466679 0.058023 0.124214 -1
0 -6.414431 58.120903 -34.956497 0.058045 0.987123 -1
0 -18.025566 58.120888 -34.953362 0.286715 0.984734 -1
0 -6.413597 58.120907 -45.457165 0.058023 0.124214 -1
0 -18.026314 58.120899 -45.458233 0.286581 0.121457 -1
0 -6.412725 58.121418 -55.894238 0.286581 0.121457 -1
0 -17.952332 58.120899 -55.916164 0.286715 0.984734 -1
0 -29.192726 58.120888 -34.950062 0.502659 0.984617 -1
0 -29.193031 58.120884 -45.459209 0.502586 0.121199 -1
0 -29.193031 58.120884 -45.459209 0.730175 0.988161 -1
0 -29.192726 58.120888 -34.950062 0.730461 0.121368 -1
0 -39.650223 58.120884 -45.460217 0.967096 0.985183 -1
0 -39.651154 58.120872 -34.947163 0.967033 0.124848 -1
0 18.473030 58.120907 -2.090645 0.058045 0.987123 -1
0 5.679615 58.120899 -2.089349 0.286715 0.984734 -1
0 18.469452 58.120907 -13.175705 0.058023 0.124214 -1
0 5.678978 58.120899 -13.176250 0.286581 0.121457 -1
0 -6.415308 58.120884 -2.087662 0.502659 0.984617 -1
0 -6.415287 58.120895 -13.176777 0.502586 0.121199 -1
0 18.467087 58.120914 -24.194744 0.502586 0.121199 -1
0 5.678347 58.120899 -24.193089 0.286581 0.121457 -1
0 18.463463 58.120918 -34.963650 0.502659 0.984617 -1
0 5.678045 58.120911 -34.959984 0.286715 0.984734 -1
0 -6.416954 58.120876 30.730190 0.502586 0.121199 -1
0 -6.416159 58.120872 19.636011 0.502659 0.984617 -1
0 5.680817 58.120876 30.724720 0.730461 0.121368 -1
0 5.680559 58.120888 19.641642 0.730175 0.988161 -1
0 18.482399 58.120892 30.718678 0.730175 0.988161 -1
0 18.478867 58.120892 19.647127 0.967096 0.985183 -1
0 5.680559 58.120888 19.641642 0.967033 0.124848 -1
0 -18.024837 58.120872 19.631006 0.058045 0.987123 -1
0 -29.189491 58.120861 19.625788 0.058023 0.124214 -1
0 -18.024620 58.120872 8.653334 0.286715 0.984734 -1
0 -29.190384 58.120869 8.651905 0.286581 0.121457 -1
0 -6.416159 58.120872 19.636011 0.967033 0.124848 -1
0 -18.024837 58.120872 19.631006 0.967096 0.985183 -1
0 -6.416142 58.120884 8.655027 0.730461 0.121368 -1
0 -18.024620 58.120872 8.653334 0.730175 0.988161 -1
0 5.680559 58.120888 19.641642 0.058023 0.124214 -1
0 -6.416159 58.120872 19.636011 0.286581 0.121457 -1
0 5.679903 58.120888 8.656639 0.058045 0.987123 -1
0 -6.416142 58.120884 8.655027 0.286715 0.984734 -1
0 -6.415308 58.120884 -2.087662 0.730461 0.121368 -1
0 -18.025284 58.120884 -2.086452 0.967033 0.124848 -1
0 -6.415287 58.120895 -13.176777 0.730175 0.988161 -1
0 -18.025078 58.120880 -13.177135 0.967096 0.985183 -1
0 30.981926 58.120914 -13.175180 0.502586 0.121199 -1
0 18.469452 58.120907 -13.175705 0.286581 0.121457 -1
0 30.978996 58.120922 -24.196651 0.502659 0.984617 -1
0 18.467087 58.120914 -24.194744 0.286715 0.984734 -1
0 18.469452 58.120907 -13.175705 0.502586 0.121199 -1
0 18.467087 58.120914 -24.194744 0.502659 0.984617 -1
0 5.678347 58.120899 -24.193089 0.286715 0.984734 -1
0 -18.025284 58.120884 -2.086452 0.730461 0.121368 -1
0 -18.025078 58.120880 -13.177135 0.502586 0.121199 -1
0 5.678978 58.120899 -13.176250 0.730175 0.988161 -1
0 -6.415287 58.120895 -13.176777 0.502659 0.984617 -1
0 5.678347 58.120899 -24.193089 0.730461 0.121368 -1
0 -6.414421 58.120892 -24.191280 0.502586 0.121199 -1
0 -18.025810 58.120888 -24.189514 0.730461 0.121368 -1
0 -6.414431 58.120903 -34.956497 0.502659 0.984617 -1
0 -18.025566 58.120888 -34.953362 0.730175 0.988161 -1
0 -6.415287 58.120895 -13.176777 0.286715 0.984734 -1
0 -18.025078 58.120880 -13.177135 0.058045 0.987123 -1
0 -6.414421 58.120892 -24.191280 0.286581 0.121457 -1
0 -18.025810 58.120888 -24.189514 0.058023 0.124214 -1
0 -18.025078 58.120880 -13.177135 0.730175 0.988161 -1
0 -18.025810 58.120888 -24.189514 0.502659 0.984617 -1
0 -29.191795 58.120876 -24.188046 0.502586 0.121199 -1
0 -18.024620 58.120872 8.653334 0.502659 0.984617 -1
0 -29.190384 58.120869 8.651905 0.502586 0.121199 -1
0 -18.025284 58.120884 -2.086452 0.286715 0.984734 -1
0 -29.190628 58.120869 -2.084949 0.286581 0.121457 -1
0 -6.416142 58.120884 8.655027 0.502659 0.984617 -1
0 -18.024620 58.120872 8.653334 0.502586 0.121199 -1
0 -6.415308 58.120884 -2.087662 0.286715 0.984734 -1
0 -18.025284 58.120884 -2.086452 0.286581 0.121457 -1
0 5.678347 58.120899 -24.193089 0.502586 0.121199 -1
0 5.678045 58.120911 -34.959984 0.502659 0.984617 -1
0 -6.414431 58.120903 -34.956497 0.286715 0.984734 -1
0 -29.191795 58.120876 -24.188046 0.967033 0.124848 -1
0 -29.192726 58.120888 -34.950062 0.967096 0.985183 -1
0 18.482399 58.120892 30.718678 0.286581 0.121457 -1
0 31.256897 58.120922 -34.964943 0.058045 0.987123 -1
0 18.463455 58.120918 -34.963650 0.286715 0.984734 -1
0 31.250263 58.120922 -45.454342 0.058023 0.124214 -1
0 31.253201 58.120922 -45.456188 0.058045 0.987123 -1
0 31.247818 58.120937 -55.848179 0.058023 0.124214 -1
0 -17.952332 58.120621 -67.872757 0.058045 0.987123 -1
0 -17.952330 58.120899 -55.916164 0.286715 0.984734 -1
0 -6.067453 58.121204 -67.870987 0.058023 0.124214 -1
0 -6.412724 58.121418 -55.894230 0.286581 0.121457 -1
0 31.256893 58.120922 -34.964943 0.058045 0.987123 -1
0 30.978996 58.120922 -24.196648 0.058023 0.124214 -1
0 18.467087 58.120914 -24.194744 0.286581 0.121457 -1
0 43.630608 58.120926 -24.494061 0.058045 0.987123 -1
0 30.978996 58.120922 -24.196651 0.286715 0.984734 -1
0 43.636314 58.120934 -13.133530 0.058023 0.124214 -1
0 30.981918 58.120914 -13.175182 0.286581 0.121457 -1
231
0 -1 0
-0 -1 0
-0 -1 0
-0 -1 0
-0 -1 0
-0 -1 0
-0 -1 0
-0 -1 0
-0 -1 0
-0 -1 0
-0 -1 0
-0 -1 0
0 0 0
-0 -1 0.000001
-0 -1 -0
-0 -1 -0
0 -1 -0
-0 -1 0
-0 -1 0
-0 -1 0
-0 -1 0
-0 -1 0
-0 -1 0
-0.000003 -1 0.000003
-0 -1 0
-0 -1 -0
-0 -1 -0
0 -1 0
0 -1 0
0 -1 0
-0 -1 0
-0 -1 -0
-0 -1 -0
-0 -1 -0
-0 -1 0.000190
-0 -1 0.000190
-0 -1 0
-0 -1 0.000003
-0 -1 0
-0.000004 -1 0.000004
-0.000008 -1 -0
-0 -1 0
-0 -1 0
-0 -1 0
-0 -1 0
-0 -1 0
-0 -1 0
-0 -1 0
-0 -1 0
0 -1 0
-0 -1 -0
-0 -1 -0
-0 -1 -0
-0 -1 -0
-0 -1 -0
-0 -1 -0
-0 -1 0
0 -1 0
0 -1 0
-0 -1 0
-0 -1 0
-0 -1 0
-0 -1 -0
-0 -1 -0
-0 -1 0
0 -1 0
0 -1 0
-0 -1 -0
-0 -1 0
-0 -1 0
-0 -1 0.000001
-0 -1 0
0 -1 0.000001
-0 -1 0.000001
-0 -1 0.000001
-0 -1 0
-0 -1 0
-0 -1 0
-0 -1 0
-0 -1 -0
-0 -1 0
0 -1 0
0 -1 0
-0 -1 0
-0 -1 0
-0 -1 0
-0 -1 0
0 -1 0.000190
0.000008 1 0.000004
0.000008 1 0.000004
0.000008 1 0.000003
0 1 0
0 1 -0
0 1 -0
0 1 -0
0 -1 0
0.000001 -1 -0
0.000001 -1 -0.000001
0.000001 -1 -0.000001
0.000001 -1 -0.000001
0.000001 -1 -0.000001
0.000001 -1 -0.000001
0.000001 -1 -0
0.000001 -1 -0.000001
0.000001 -1 -0
-0 -1 0
0.000001 -1 -0
0.000001 -1 -0.000001
0.000001 -1 -0.000001
0.000001 -1 -0.000001
0.000001 -1 -0
0 -1 0
-0.000001 -1 0.000002
-0.727500 0 0.686108
-0 -1 0.000001
0.000001 -1 -0.000001
0.000001 -1 -0.000001
0 -1 -0.000001
0.000001 -1 -0.000001
0.000001 -1 -0.000001
0.000001 -1 -0.000001
-0 -1 0
0.000001 -1 -0
0.000001 -1 -0.000001
0.000016 -1 -0.000016
0.000001 -1 -0.000001
0.000001 -1 -0
0.000001 -1 -0
-0 -1 0
0 -1 -0.000001
0.000001 -1 -0.000001
0 -1 -0.000001
0.000001 -1 -0.000001
0.000001 -1 -0.000001
0 -1 -0
0 -1 0
0.000001 -1 -0
0.000001 -1 -0
0.000001 -1 -0.000001
0.000001 -1 -0
0.000001 -1 -0
0 -1 -0
0.000001 -1 -0
0.000001 -0.999999 -0.001104
0.000001 -0.999999 -0.001104
0.000001 -1 -0
0.000001 -1 -0.000001
0.000001 -1 -0.000017
0.000001 -1 -0.000001
0.000023 -1 -0.000024
0.000045 -1 0
0.000001 -1 -0
0.000001 -1 0
-0 -1 0
0.000001 -1 -0
0.000001 -1 -0.000001
0.000001 -1 -0
0.000001 -1 -0
0.000001 -1 -0
0.000001 -1 -0
0.000001 -1 -0.000001
0 -1 -0.000001
0.000001 -1 -0
0.000001 -1 -0.000001
0.000001 -1 -0.000001
0.000001 -1 -0
0.000001 -1 -0
0 -1 -0.000001
0.000001 -1 -0
0.000001 -1 -0
0.000001 -1 -0.000001
0 -1 -0.000001
0.000001 -1 0
0.000001 -1 -0
0 -1 -0.000001
0 -1 -0.000001
0 -1 -0.000001
0.000001 -1 0
0.000001 -1 -0
0.000001 -1 -0.000001
0 -1 -0.000001
-0 -1 -0.000001
0.000001 -1 -0
0.000001 -1 0
0.000001 -1 -0.000001
0.000001 -1 -0.000001
0.000001 -1 -0.000001
0.000001 -1 -0.000001
0.000001 -1 -0
0.000001 -1 -0
0.000001 -1 0
0.000001 -1 -0
0 -1 -0
0 -1 0
0 -1 -0
0.000001 -1 -0
0.000001 -1 -0.000001
0.000001 -1 -0
0.000001 -1 0
0.000001 -1 -0
0.000001 -1 -0.000001
0 -1 -0.000001
0 -1 -0.000001
0.000001 -1 -0
0.000001 -1 0
0 -1 -0.000001
0.000001 -1 -0.000001
0.000001 -1 -0
0.000001 -1 0
0 -1 -0.000001
-0 -1 -0.000001
0.000001 -1 -0.000001
0.000001 -1 -0.000001
0.000001 -1 -0.000001
0.000001 -1 -0.000001
-0 -1 -0.000001
0.000001 -0.999999 -0.001104
0 -1 -0
-0.668572 0 0.743648
0 -1 -0
0 -1 -0.000001
0 -1 -0.000001
-0.000049 1 -0.000023
-0.000047 1 -0.000021
-0.000045 1 -0.000019
-0 1 -0
-0 1 0
-0.000001 1 0
-0 1 -0.000001
-0.000001 1 0
-0.000002 1 0.000001
188
0 0 1 2 0 0 0 1
0 1 3 2 0 0 0 1
0 3 4 5 0 1 2 1
0 4 6 5 1 3 2 1
0 5 6 7 2 3 4 1
0 8 9 10 0 5 6 1
0 10 9 11 6 5 7 1
0 12 11 13 0 7 8 1
0 11 9 13 7 5 8 1
0 9 14 15 5 0 0 1
0 14 16 15 0 0 0 1
0 17 18 19 9 10 11 1
0 18 20 19 10 0 11 1
0 19 20 21 11 0 12 1
0 20 21 22 0 12 13 1
0 23 24 25 14 15 15 1
0 25 24 26 15 15 16 1
0 27 28 29 17 18 19 1
0 29 28 30 19 18 20 1
0 31 32 33 0 21 21 1
0 33 32 34 21 21 22 1
0 5 7 35 2 4 23 1
0 36 37 38 0 0 0 1
0 38 37 39 0 0 0 1
0 37 40 41 0 24 0 1
0 40 42 41 24 25 0 1
0 43 44 45 0 0 0 1
0 44 46 45 0 26 0 1
0 47 48 49 27 28 29 1
0 49 48 50 29 28 30 1
0 51 52 53 0 31 32 1
0 53 52 54 32 31 33 1
0 55 56 57 34 35 35 1
0 58 59 60 0 36 37 1
0 59 61 60 36 38 37 1
0 60 35 62 37 23 39 1
0 35 63 62 23 40 39 1
0 59 64 61 36 41 38 1
0 61 64 65 38 41 42 1
0 66 67 68 0 0 0 1
0 68 67 69 0 0 0 1
0 70 71 72 43 44 45 1
0 72 71 73 45 44 46 1
0 71 74 73 44 0 46 1
0 74 75 73 0 0 46 1
0 76 77 78 47 48 48 1
0 78 77 79 48 48 49 1
0 80 42 81 50 25 25 1
0 81 42 40 25 25 24 1
0 82 80 83 0 50 0 1
0 83 80 81 0 50 25 1
0 84 82 85 0 0 0 1
0 85 82 86 0 0 0 1
0 87 88 89 0 0 0 1
0 89 88 90 0 0 0 1
0 91 92 93 51 52 52 1
0 93 92 94 52 52 53 1
0 95 96 97 0 0 0 1
0 97 96 98 0 0 0 1
0 99 100 101 0 54 54 1
0 101 100 102 54 54 55 1
0 103 104 105 56 57 57 1
0 105 104 106 57 57 58 1
0 107 73 108 59 46 60 1
0 108 73 109 60 46 61 1
0 110 46 111 62 26 63 1
0 111 46 48 63 26 28 1
0 112 113 114 64 65 65 1
0 114 113 115 65 65 66 1
0 115 116 117 66 67 0 1
0 117 116 118 0 67 68 1
0 119 120 121 69 70 71 1
0 121 120 122 71 70 72 1
0 123 22 124 73 13 74 1
0 124 22 125 74 13 75 1
0 126 127 128 76 77 77 1
0 128 127 129 77 77 78 1
0 130 131 132 79 80 80 1
0 132 131 133 80 80 81 1
0 134 121 135 82 71 83 1
0 135 121 136 83 71 84 1
0 116 137 118 67 85 68 1
0 118 137 138 68 85 86 1
0 57 56 139 35 35 87 1
0 140 51 141 0 0 0 1
0 141 51 53 0 0 32 1
0 142 27 143 0 17 0 1
0 143 27 29 0 17 19 1
0 144 145 146 88 89 89 1
0 146 145 147 89 89 90 1
0 148 149 150 91 91 91 1
0 150 149 151 91 91 91 1
0 152 153 154 92 93 93 1
0 154 153 155 93 93 94 1
0 156 157 158 95 96 96 1
0 157 159 158 96 97 96 1
0 159 160 161 97 98 99 1
0 160 162 161 98 100 99 1
0 161 162 163 99 100 101 1
0 164 165 166 0 102 103 1
0 166 165 167 103 102 104 1
0 168 167 169 105 104 106 1
0 167 165 169 104 102 106 1
0 165 170 171 102 107 107 1
0 170 172 171 107 108 107 1
0 173 174 175 109 110 111 1
0 174 176 175 110 112 111 1
0 175 176 177 111 112 113 1
0 176 177 178 112 113 114 1
0 179 180 181 115 116 116 1
0 181 180 182 116 116 0 1
0 183 184 185 117 118 119 1
0 185 184 186 119 118 120 1
0 187 188 189 121 122 122 1
0 189 188 190 122 122 123 1
0 161 163 191 99 101 124 1
0 192 193 194 125 126 127 1
0 194 193 195 127 126 128 1
0 193 196 197 126 129 130 1
0 196 198 197 129 131 130 1
0 199 200 201 132 133 133 1
0 200 202 201 133 134 133 1
0 203 204 205 135 136 137 1
0 205 204 206 137 136 138 1
0 207 208 209 139 140 141 1
0 209 208 210 141 140 142 1
0 211 212 213 143 144 144 1
0 214 215 216 145 146 147 1
0 215 217 216 146 148 147 1
0 216 191 218 147 124 149 1
0 191 219 218 124 150 149 1
0 215 220 217 146 151 148 1
0 217 220 221 148 151 152 1
0 222 223 224 153 154 154 1
0 224 223 225 154 154 155 1
0 226 227 228 156 157 158 1
0 228 227 229 158 157 159 1
0 227 230 229 157 160 159 1
0 230 231 229 160 161 159 1
0 232 233 234 162 163 163 1
0 234 233 235 163 163 164 1
0 236 198 237 165 131 166 1
0 237 198 196 166 131 129 1
0 238 236 239 167 165 168 1
0 239 236 237 168 165 166 1
0 240 238 241 169 167 170 1
0 241 238 242 170 167 171 1
0 243 244 245 172 173 173 1
0 245 244 246 173 173 174 1
0 247 248 249 175 176 176 1
0 249 248 250 176 176 177 1
0 251 252 253 178 179 179 1
0 253 252 254 179 179 180 1
0 255 256 257 181 182 182 1
0 257 256 258 182 182 183 1
0 259 260 261 184 185 185 1
0 261 260 262 185 185 186 1
0 263 229 264 187 159 188 1
0 264 229 265 188 159 189 1
0 266 202 267 190 134 191 1
0 267 202 204 191 134 136 1
0 268 269 270 192 193 193 1
0 270 269 271 193 193 194 1
0 271 272 273 194 195 196 1
0 273 272 274 196 195 197 1
0 275 276 277 198 199 200 1
0 277 276 278 200 199 201 1
0 279 178 280 202 114 203 1
0 280 178 281 203 114 204 1
0 282 283 284 205 206 206 1
0 284 283 285 206 206 207 1
0 286 287 288 208 209 209 1
0 288 287 289 209 209 210 1
0 290 277 291 211 200 212 1
0 291 277 292 212 200 213 1
0 272 293 274 195 214 197 1
0 274 293 294 197 214 215 1
0 213 212 295 144 144 216 1
0 296 297 298 217 218 219 1
0 298 297 209 219 218 141 1
0 299 183 300 220 117 221 1
0 300 183 185 221 117 119 1
0 301 302 303 222 223 223 1
0 303 302 304 223 223 224 1
0 305 297 306 225 218 226 1
0 306 297 307 226 218 227 1
0 308 309 310 228 229 229 1
0 310 309 311 229 229 230 1

Materials: 1
"WIRES"
0.200000 0.200000 0.200000 0.740000
0.800000 0.800000 0.800000 0.740000
0 0 0 0.740000
1 1 1 0.740000
0
0.740000
"WIRE.png"
""

Bones: 0
GroupComments: 0
MaterialComments: 0
BoneComments: 0
ModelComment: 0
