// MilkShape 3D ASCII

Frames: 480
Frame: 1

Meshes: 1
"BT_WLINES" 0 0
232
0 49.238922 -21.242430 -54.083118 0.999983 0.898015 -1
0 32.072868 -21.242430 -54.096333 0.808998 0.897350 -1
0 49.240440 -21.242428 -69.811905 1 0.107198 -1
0 32.074692 -21.242428 -69.820053 0.809018 0.106788 -1
0 15.942745 -21.242430 -54.108334 0.629539 0.896747 -1
0 15.942968 -21.242428 -69.827591 0.629541 0.106409 -1
0 0.767197 -21.242430 -54.119839 0.460699 0.896169 -1
0 0.766602 -21.242428 -69.834747 0.460693 0.106049 -1
0 -13.692009 -21.242428 -54.130268 0.299830 0.895644 -1
0 -13.695435 -21.242428 -69.841553 0.299792 0.105707 -1
0 -27.474899 -21.242428 -69.847855 0.146485 0.105390 -1
0 -27.472504 -21.242428 -54.140774 0.146512 0.895116 -1
0 -40.640259 -21.242428 -69.854050 0.000011 0.105079 -1
0 -40.641228 -21.242428 -54.150738 0 0.894615 -1
0 0.770592 -21.242430 34.684483 0.460818 0.106228 -1
0 0.770973 -21.242430 48.976055 0.460822 0.895667 -1
0 15.941380 -21.242430 34.677052 0.629610 0.105818 -1
0 -40.645676 -21.242428 20.652515 0.000002 0.105090 -1
0 -27.460251 -21.242428 20.652325 0.146706 0.105079 -1
0 -27.464546 -21.242430 34.697475 0.146659 0.896796 -1
0 -40.645821 -21.242430 34.694881 0 0.896650 -1
0 -40.645821 -21.242430 34.694881 0.000013 0.106802 -1
0 -27.464546 -21.242430 34.697475 0.146670 0.106946 -1
0 -27.461548 -21.242430 48.956333 0.146703 0.894577 -1
0 -40.646988 -21.242430 48.957294 0 0.894630 -1
0 -13.680077 -21.242430 34.691280 0.300029 0.896447 -1
0 -13.252617 -21.242765 20.653698 0.304785 0.105156 -1
0 32.062271 -21.242430 34.669430 0.808971 0.895215 -1
0 49.231384 -21.242428 20.659817 0.999999 0.105501 -1
0 49.231453 -21.242430 34.663677 1 0.894891 -1
0 -13.681908 -21.242428 20.653698 0.300008 0.105156 -1
0 0.770256 -21.242428 20.655071 0.460807 0.105234 -1
0 0.770592 -21.242430 34.684483 0.460811 0.896064 -1
0 15.941608 -21.242428 20.656597 0.629608 0.105320 -1
0 15.941380 -21.242430 34.677052 0.629605 0.895645 -1
0 32.064003 -21.242428 20.658161 0.808990 0.105408 -1
0 32.062271 -21.242430 34.669430 0.808971 0.895215 -1
0 -27.460243 -21.242428 20.652317 0.146703 0.896661 -1
0 -27.463242 -21.242428 6.274193 0.146670 0.106042 -1
0 -13.681908 -21.242428 20.653698 0.300003 0.896737 -1
0 -13.683777 -21.242428 6.271164 0.299982 0.105876 -1
0 0.769855 -21.242430 6.267971 0.460795 0.105700 -1
0 0.770256 -21.242428 20.655071 0.460800 0.896812 -1
0 15.941830 -21.242428 6.264263 0.629601 0.105496 -1
0 15.941608 -21.242428 20.656597 0.629598 0.896896 -1
0 32.065750 -21.242428 6.260597 0.808998 0.105294 -1
0 32.064003 -21.242428 20.658161 0.808978 0.896982 -1
0 49.232750 -21.242428 6.256675 1 0.105079 -1
0 49.231384 -21.242428 20.659817 0.999985 0.897073 -1
0 49.235626 -21.242428 -23.361084 0.999980 0.897681 -1
0 32.069252 -21.242428 -23.363350 0.808989 0.897563 -1
0 49.237457 -21.242430 -38.618084 1 0.105079 -1
0 32.071083 -21.242430 -38.616608 0.809010 0.105155 -1
0 15.942291 -21.242428 -23.365505 0.629563 0.897451 -1
0 15.942505 -21.242430 -38.615284 0.629566 0.105224 -1
0 0.768143 -21.242428 -23.367615 0.460738 0.897341 -1
0 0.767616 -21.242430 -38.614010 0.460732 0.105290 -1
0 -13.687843 -21.242428 -23.369171 0.299903 0.897260 -1
0 -13.689865 -21.242430 -38.612892 0.299881 0.105349 -1
0 -27.470108 -21.242430 -38.611710 0.146564 0.105410 -1
0 -27.467804 -21.242428 -23.371212 0.146590 0.897155 -1
0 -40.642448 -21.242430 -38.610680 0.000011 0.105463 -1
0 -40.643394 -21.242428 -23.372734 0 0.897075 -1
0 49.237457 -21.242430 -38.618084 0.999984 0.897490 -1
0 32.071083 -21.242430 -38.616608 0.808994 0.897565 -1
0 49.238922 -21.242430 -54.083118 1 0.108528 -1
0 32.072868 -21.242430 -54.096333 0.809014 0.107854 -1
0 15.942505 -21.242430 -38.615284 0.629552 0.897633 -1
0 15.942745 -21.242430 -54.108334 0.629554 0.107242 -1
0 0.767616 -21.242430 -38.614010 0.460719 0.897697 -1
0 0.767197 -21.242430 -54.119839 0.460714 0.106655 -1
0 -13.689865 -21.242430 -38.612892 0.299868 0.897755 -1
0 -13.692009 -21.242428 -54.130268 0.299845 0.106123 -1
0 -27.472504 -21.242428 -54.140774 0.146526 0.105587 -1
0 -27.470108 -21.242430 -38.611710 0.146553 0.897815 -1
0 -40.641228 -21.242428 -54.150738 0.000014 0.105079 -1
0 -40.642448 -21.242430 -38.610680 0 0.897868 -1
0 -27.463242 -21.242428 6.274193 0.146656 0.897264 -1
0 -27.465508 -21.242430 -8.377754 0.146631 0.105615 -1
0 -13.683777 -21.242428 6.271164 0.299968 0.897101 -1
0 -13.685837 -21.242430 -8.379322 0.299945 0.105530 -1
0 0.768539 -21.242430 -8.381450 0.460766 0.105416 -1
0 0.769855 -21.242430 6.267971 0.460781 0.896928 -1
0 15.942066 -21.242430 -8.383343 0.629589 0.105313 -1
0 15.941830 -21.242428 6.264263 0.629586 0.896728 -1
0 32.067513 -21.242430 -8.385427 0.809002 0.105201 -1
0 32.065750 -21.242428 6.260597 0.808982 0.896530 -1
0 49.234169 -21.242430 -8.387682 1 0.105079 -1
0 49.232750 -21.242428 6.256675 0.999984 0.896318 -1
0 -13.683205 -21.242430 48.963131 0.300003 0.894952 -1
0 -13.680077 -21.242430 34.691280 0.300038 0.106604 -1
0 16.374832 -21.242765 48.985638 0.634433 0.896196 -1
0 32.062271 -21.242430 34.669430 0.808973 0.105397 -1
0 32.497231 -21.242765 48.993336 0.813813 0.896621 -1
0 -40.643394 -21.242428 -23.372734 0.000011 0.105079 -1
0 -27.467804 -21.242428 -23.371212 0.146602 0.105159 -1
0 -27.465508 -21.242430 -8.377754 0.146627 0.897501 -1
0 -13.685837 -21.242430 -8.379322 0.299939 0.897418 -1
0 -13.687843 -21.242428 -23.369171 0.299917 0.105267 -1
0 0.768143 -21.242428 -23.367615 0.460753 0.105349 -1
0 0.768539 -21.242430 -8.381450 0.460758 0.897306 -1
0 15.942291 -21.242428 -23.365505 0.629580 0.105461 -1
0 15.942066 -21.242430 -8.383343 0.629578 0.897206 -1
0 32.069252 -21.242428 -23.363350 0.809008 0.105575 -1
0 32.067513 -21.242430 -8.385427 0.808989 0.897096 -1
0 49.235626 -21.242428 -23.361084 1 0.105694 -1
0 49.234169 -21.242430 -8.387682 0.999984 0.896977 -1
0 15.941381 -21.242430 34.677052 0.629610 0.105818 -1
0 0.770977 -21.242430 48.976055 0.460822 0.895667 -1
0 -40.644371 -21.242430 -8.382068 0 0.897273 -1
0 -40.644524 -21.242430 6.271446 0.000013 0.105891 -1
0 -40.645683 -21.242428 20.652515 0 0.896672 -1
0 -40.644371 -21.242430 -8.382068 0.000002 0.105382 -1
0 -40.644524 -21.242430 6.271446 0 0.897116 -1
0 49.231453 -21.242430 34.663677 1 0.105079 -1
0 49.229713 -21.242430 49.000607 0.999981 0.897023 -1
0 49.238914 35.928551 -53.883091 0.999983 0.908072 -1
0 32.072868 35.928551 -53.896305 0.808998 0.907407 -1
0 49.240433 35.928551 -69.611900 1 0.117254 -1
0 32.074684 35.928551 -69.620041 0.809018 0.116845 -1
0 15.942743 35.928551 -53.908306 0.629539 0.906804 -1
0 15.942966 35.928551 -69.627571 0.629541 0.116466 -1
0 0.767197 35.928551 -53.919811 0.460699 0.906226 -1
0 0.766602 35.928551 -69.634735 0.460693 0.116106 -1
0 -13.692009 35.928551 -53.930241 0.299830 0.905701 -1
0 -13.695435 35.928551 -69.641541 0.299792 0.115764 -1
0 -27.474899 35.928551 -69.647858 0.146485 0.115446 -1
0 -27.472504 35.928551 -53.940754 0.146512 0.905173 -1
0 -40.640259 35.928551 -69.654022 0.000011 0.115136 -1
0 -40.641243 35.928551 -53.950703 0 0.904672 -1
0 0.770588 35.928551 34.884502 0.460818 0.117277 -1
0 0.770966 35.928555 49.176083 0.460822 0.906716 -1
0 15.941372 35.928551 34.877071 0.629610 0.116866 -1
0 -40.645676 35.928551 20.852535 0.000002 0.116365 -1
0 -27.460243 35.928551 20.852345 0.146707 0.116354 -1
0 -27.464539 35.928551 34.897503 0.146659 0.908072 -1
0 -40.645828 35.928551 34.894901 0 0.907925 -1
0 -40.645828 35.928551 34.894901 0.000013 0.117851 -1
0 -27.464539 35.928551 34.897503 0.146670 0.117995 -1
0 -27.461548 35.928555 49.156361 0.146703 0.905626 -1
0 -40.646973 35.928555 49.157314 0 0.905679 -1
0 -13.680084 35.928551 34.891308 0.300028 0.907723 -1
0 -13.681900 35.928551 20.853725 0.300008 0.116432 -1
0 32.062263 35.928551 34.869450 0.808971 0.906490 -1
0 49.231384 35.928551 20.859837 0.999999 0.116776 -1
0 49.231453 35.928551 34.863705 1 0.906167 -1
0 0.770248 35.928551 20.855091 0.460807 0.116509 -1
0 0.770588 35.928551 34.884502 0.460811 0.907339 -1
0 15.941608 35.928551 20.856625 0.629608 0.116595 -1
0 15.941372 35.928551 34.877071 0.629605 0.906920 -1
0 32.064003 35.928551 20.858181 0.808990 0.116683 -1
0 32.062271 35.928551 34.869457 0.808971 0.906491 -1
0 -27.460243 35.928551 20.852345 0.146703 0.907660 -1
0 -27.463242 35.928551 6.474216 0.146670 0.117041 -1
0 -13.681900 35.928551 20.853725 0.300003 0.907736 -1
0 -13.683777 35.928551 6.471188 0.299982 0.116874 -1
0 0.769852 35.928551 6.467995 0.460795 0.116699 -1
0 0.770248 35.928551 20.855091 0.460799 0.907811 -1
0 15.941826 35.928551 6.464287 0.629601 0.116495 -1
0 15.941608 35.928551 20.856625 0.629598 0.907895 -1
0 32.065750 35.928551 6.460625 0.808998 0.116293 -1
0 32.064003 35.928551 20.858181 0.808978 0.907981 -1
0 49.232742 35.928551 6.456699 1 0.116078 -1
0 49.231384 35.928551 20.859837 0.999985 0.908072 -1
0 49.235619 35.928555 -23.161062 0.999980 0.908072 -1
0 32.069252 35.928555 -23.163328 0.808989 0.907954 -1
0 49.237450 35.928555 -38.418056 1 0.115470 -1
0 32.071075 35.928551 -38.416588 0.809010 0.115547 -1
0 15.942291 35.928555 -23.165480 0.629563 0.907842 -1
0 15.942503 35.928555 -38.415260 0.629566 0.115615 -1
0 0.768147 35.928555 -23.167593 0.460738 0.907733 -1
0 0.767616 35.928555 -38.413982 0.460732 0.115682 -1
0 -13.687851 35.928555 -23.169149 0.299903 0.907652 -1
0 -13.689865 35.928555 -38.412865 0.299881 0.115740 -1
0 -27.470108 35.928555 -38.411682 0.146564 0.115801 -1
0 -27.467804 35.928555 -23.171186 0.146590 0.907546 -1
0 -40.642448 35.928555 -38.410656 0.000011 0.115855 -1
0 -40.643394 35.928555 -23.172710 0 0.907467 -1
0 49.237450 35.928555 -38.418056 0.999984 0.907694 -1
0 32.071075 35.928551 -38.416588 0.808994 0.907769 -1
0 49.238914 35.928551 -53.883091 1 0.118733 -1
0 32.072868 35.928551 -53.896305 0.809014 0.118059 -1
0 15.942503 35.928555 -38.415260 0.629552 0.907837 -1
0 15.942743 35.928551 -53.908306 0.629554 0.117447 -1
0 0.767616 35.928555 -38.413982 0.460719 0.907902 -1
0 0.767197 35.928551 -53.919811 0.460714 0.116860 -1
0 -13.689865 35.928555 -38.412865 0.299868 0.907959 -1
0 -13.692009 35.928551 -53.930241 0.299845 0.116328 -1
0 -27.472504 35.928551 -53.940754 0.146526 0.115791 -1
0 -27.470108 35.928555 -38.411682 0.146553 0.908019 -1
0 -40.641243 35.928551 -53.950703 0.000013 0.115284 -1
0 -40.642448 35.928555 -38.410656 0 0.908072 -1
0 -27.463242 35.928551 6.474216 0.146656 0.908072 -1
0 -27.465508 35.928555 -8.177729 0.146631 0.116423 -1
0 -13.683777 35.928551 6.471188 0.299968 0.907908 -1
0 -13.685837 35.928555 -8.179296 0.299945 0.116338 -1
0 0.768539 35.928555 -8.181425 0.460766 0.116223 -1
0 0.769852 35.928551 6.467995 0.460781 0.907736 -1
0 15.942062 35.928555 -8.183315 0.629588 0.116121 -1
0 15.941826 35.928551 6.464287 0.629586 0.907535 -1
0 32.067505 35.928555 -8.185402 0.809002 0.116008 -1
0 32.065750 35.928551 6.460625 0.808982 0.907337 -1
0 49.234169 35.928555 -8.187658 1 0.115886 -1
0 49.232742 35.928551 6.456699 0.999984 0.907125 -1
0 -13.683205 35.928555 49.163151 0.300003 0.906001 -1
0 -13.680084 35.928551 34.891308 0.300038 0.117653 -1
0 16.374826 35.929470 49.185665 0.634433 0.907245 -1
0 32.062263 35.928551 34.869450 0.808973 0.116445 -1
0 32.497223 35.929470 49.193363 0.813813 0.907670 -1
0 -40.643394 35.928555 -23.172710 0.000011 0.115649 -1
0 -27.467804 35.928555 -23.171186 0.146602 0.115730 -1
0 -27.465508 35.928555 -8.177729 0.146627 0.908072 -1
0 -13.685837 35.928555 -8.179296 0.299939 0.907989 -1
0 -13.687851 35.928555 -23.169149 0.299917 0.115837 -1
0 0.768147 35.928555 -23.167593 0.460753 0.115920 -1
0 0.768539 35.928555 -8.181425 0.460758 0.907877 -1
0 15.942291 35.928555 -23.165480 0.629580 0.116031 -1
0 15.942062 35.928555 -8.183315 0.629578 0.907776 -1
0 32.069252 35.928555 -23.163328 0.809008 0.116145 -1
0 32.067505 35.928555 -8.185402 0.808988 0.907667 -1
0 49.235619 35.928555 -23.161062 1 0.116265 -1
0 49.234169 35.928555 -8.187658 0.999984 0.907547 -1
0 0.770977 35.928555 49.176090 0.460822 0.906716 -1
0 -40.644371 35.928555 -8.182051 0 0.907843 -1
0 -40.644531 35.928551 6.471470 0.000013 0.116890 -1
0 -40.645691 35.928551 20.852543 0 0.907671 -1
0 -40.644371 35.928555 -8.182051 0.000002 0.116189 -1
0 -40.644531 35.928551 6.471470 0 0.907923 -1
0 49.231453 35.928551 34.863705 1 0.116128 -1
0 49.229713 35.928555 49.200634 0.999981 0.908072 -1
0 32.062263 35.928551 34.869457 0.808973 0.116446 -1
0 32.497231 35.929470 49.193363 0.813813 0.907670 -1
140
0 -1 -0
0 -1 -0
0 -1 -0
0 -1 -0
0 -1 -0
0 -1 -0
-0 -1 -0
-0 -1 -0
-0 -1 -0
0 -1 0
0 1 0
0 -1 -0
-0.000008 -1 0.000008
-0 -1 -0
0 -1 -0
-0.000006 -1 0.000006
-0.000024 -1 0.000023
-0 -1 -0
-0 -1 -0
0 -1 -0
-0 -1 -0
-0 -1 -0
-0 -1 -0
-0 -1 -0
-0 -1 -0
-0 -1 -0
0 -1 0
0 -1 -0
-0 -1 0
-0 -1 0
-0 -1 0
0 -1 0
0 -1 0
-0 -1 0
-0 -1 0
-0 -1 0
0 -1 0
-0 -1 0
0 -1 0
-0 -1 0
0 -1 0
-0 -1 0
0 -1 0
0 -1 0
-0 -1 0
-0 -1 0
-0 -1 0
-0 -1 -0
-0 -1 -0
-0 -1 -0
0 -1 -0
0 -1 -0
0 -1 -0
-0 -1 -0
0 -1 0
0 -1 0
-0 -1 0
0 -1 0
-0 -1 0
-0 -1 0
0 -1 0
0 -1 0
0 -1 0
0 -1 0
0 -1 0
0 -1 0
-0.000007 -1 -0.000023
-0 -1 -0.000023
0.000007 -1 -0.000016
0 -1 -0
0 -1 -0
0 -1 -0
-0 -1 -0
0 -1 -0
0 -1 -0
-0 -1 -0
0 -1 -0
-0 -1 -0
0 -1 -0
-0 -1 -0
0 -1 -0
-0 -1 -0
-0.000011 -1 -0.000023
-0.000011 -1 -0.000011
0 -1 -0
0 -1 0
0 -1 0
0 -1 0
0 -1 0
0.000010 -1 -0.000012
0.000020 -1 0
-0 -1 0
-0 1 -0
0.000059 -1 0.000126
-0 -1 0
-0 -1 0
-0 -1 0
0 -1 0
0 -1 0
0 -1 0
-0 -1 0
-0 -1 0
-0 -1 -0
0 -1 0
-0 -1 0
0 -1 0
-0 -1 0
-0 -1 0
-0 -1 0
-0 -1 0
-0 -1 0
-0 -1 0
-0 -1 0
-0 -1 0
-0 -1 0
-0 -1 0
0 -1 0
0 -1 -0
-0 -1 -0
-0 -1 -0
-0 -1 -0
-0 -1 -0
-0 -1 -0
-0 -1 -0
-0 -1 -0
-0 -1 -0
-0 -1 -0
-0 -1 -0
-0 -1 -0
-0 -1 0
0 -1 0
0.000020 -1 0.000064
-0 -1 0.000064
-0.000027 -1 0.000032
0.000029 -1 0.000031
0 -1 -0
0 -1 -0
-0.000027 -1 0.000032
-0.000055 -1 0
0 -1 0.000064
192
0 0 1 2 0 1 2 1
0 2 1 3 2 1 3 1
0 1 4 3 1 4 3 1
0 3 4 5 3 4 5 1
0 4 6 5 4 6 5 1
0 5 6 7 5 6 7 1
0 6 8 7 6 8 7 1
0 7 8 9 7 8 9 1
0 8 10 9 8 9 9 1
0 8 11 10 8 9 9 1
0 10 11 12 9 9 9 1
0 11 13 12 9 9 9 1
0 14 15 16 9 10 10 1
0 17 18 19 11 12 13 1
0 17 19 20 11 13 14 1
0 21 22 23 9 9 9 1
0 21 23 24 9 9 9 1
0 25 19 18 15 13 12 1
0 25 18 26 15 12 16 1
0 27 28 29 17 18 17 1
0 30 31 25 19 20 15 1
0 25 31 32 15 20 21 1
0 31 33 32 20 22 21 1
0 32 33 34 21 22 23 1
0 33 35 34 22 24 23 1
0 34 35 36 23 24 25 1
0 35 28 36 24 18 25 1
0 37 38 39 26 27 28 1
0 38 40 39 27 29 28 1
0 39 40 41 28 29 30 1
0 39 41 42 28 30 31 1
0 41 43 42 30 32 31 1
0 42 43 44 31 32 9 1
0 43 45 44 32 9 9 1
0 44 45 46 9 9 9 1
0 45 47 46 9 9 9 1
0 46 47 48 9 9 9 1
0 49 50 51 33 34 35 1
0 51 50 52 35 34 36 1
0 50 53 52 34 37 36 1
0 52 53 54 36 37 38 1
0 53 55 54 37 39 38 1
0 54 55 56 38 39 40 1
0 55 57 56 39 41 40 1
0 56 57 58 40 41 42 1
0 57 59 58 41 43 42 1
0 57 60 59 41 44 43 1
0 59 60 61 43 44 45 1
0 60 62 61 44 46 45 1
0 63 64 65 9 9 9 1
0 65 64 66 9 9 9 1
0 64 67 66 9 9 9 1
0 66 67 68 9 9 9 1
0 67 69 68 9 9 9 1
0 68 69 70 9 9 47 1
0 69 71 70 9 48 47 1
0 70 71 72 47 48 49 1
0 71 73 72 48 50 49 1
0 71 74 73 48 51 50 1
0 73 74 75 50 51 52 1
0 74 76 75 51 53 52 1
0 77 78 79 54 55 56 1
0 78 80 79 55 57 56 1
0 79 80 81 56 57 58 1
0 79 81 82 56 58 59 1
0 81 83 82 58 60 59 1
0 82 83 84 59 60 61 1
0 83 85 84 60 62 61 1
0 84 85 86 61 62 63 1
0 85 87 86 62 64 63 1
0 86 87 88 63 64 65 1
0 89 23 22 9 9 9 1
0 89 22 90 9 9 9 1
0 89 90 14 9 9 9 1
0 91 92 93 66 67 68 1
0 94 95 96 69 70 71 1
0 96 95 97 71 70 72 1
0 95 98 97 70 73 72 1
0 97 98 99 72 73 74 1
0 97 99 100 72 74 75 1
0 99 101 100 74 76 75 1
0 100 101 102 75 76 77 1
0 101 103 102 76 78 77 1
0 102 103 104 77 78 79 1
0 103 105 104 78 80 79 1
0 104 105 106 79 80 81 1
0 107 92 91 82 67 66 1
0 108 107 91 83 82 66 1
0 89 14 108 9 9 83 1
0 96 109 94 71 84 69 1
0 38 37 110 27 26 85 1
0 37 111 110 26 86 85 1
0 78 77 112 55 54 87 1
0 77 113 112 54 88 87 1
0 93 114 115 68 89 90 1
0 92 114 93 67 89 68 1
0 116 117 118 9 9 9 1
0 118 117 119 9 9 9 1
0 117 120 119 9 9 9 1
0 119 120 121 9 9 9 1
0 120 122 121 9 9 9 1
0 121 122 123 9 9 9 1
0 122 124 123 9 9 9 1
0 123 124 125 9 9 9 1
0 124 126 125 9 9 9 1
0 124 127 126 9 9 9 1
0 126 127 128 9 9 9 1
0 127 129 128 9 9 9 1
0 130 131 132 91 92 93 1
0 133 134 135 9 9 9 1
0 133 135 136 9 9 9 1
0 137 138 139 94 95 96 1
0 137 139 140 94 96 97 1
0 141 135 134 9 9 9 1
0 141 134 142 9 9 9 1
0 143 144 145 9 9 9 1
0 142 146 141 9 9 9 1
0 141 146 147 9 9 9 1
0 146 148 147 9 9 9 1
0 147 148 149 9 9 9 1
0 148 150 149 9 9 9 1
0 149 150 151 9 9 9 1
0 150 144 151 9 9 9 1
0 152 153 154 9 9 9 1
0 153 155 154 9 9 9 1
0 154 155 156 9 9 9 1
0 154 156 157 9 9 9 1
0 156 158 157 9 9 9 1
0 157 158 159 9 9 9 1
0 158 160 159 9 9 9 1
0 159 160 161 9 9 9 1
0 160 162 161 9 9 9 1
0 161 162 163 9 9 9 1
0 164 165 166 9 98 99 1
0 166 165 167 99 98 100 1
0 165 168 167 98 101 100 1
0 167 168 169 100 101 102 1
0 168 170 169 101 9 102 1
0 169 170 171 102 9 9 1
0 170 172 171 9 9 9 1
0 171 172 173 9 9 9 1
0 172 174 173 9 9 9 1
0 172 175 174 9 9 9 1
0 174 175 176 9 9 9 1
0 175 177 176 9 9 9 1
0 178 179 180 103 104 105 1
0 180 179 181 105 104 106 1
0 179 182 181 104 107 106 1
0 181 182 183 106 107 108 1
0 182 184 183 107 109 108 1
0 183 184 185 108 109 110 1
0 184 186 185 109 111 110 1
0 185 186 187 110 111 112 1
0 186 188 187 111 113 112 1
0 186 189 188 111 114 113 1
0 188 189 190 113 114 115 1
0 189 191 190 114 116 115 1
0 192 193 194 117 118 119 1
0 193 195 194 118 120 119 1
0 194 195 196 119 120 121 1
0 194 196 197 119 121 122 1
0 196 198 197 121 123 122 1
0 197 198 199 122 123 124 1
0 198 200 199 123 125 124 1
0 199 200 201 124 125 126 1
0 200 202 201 125 127 126 1
0 201 202 203 126 127 128 1
0 204 139 138 129 96 95 1
0 204 138 205 129 95 130 1
0 204 205 130 129 130 91 1
0 206 207 208 131 132 133 1
0 209 210 211 9 9 9 1
0 211 210 212 9 9 9 1
0 210 213 212 9 9 9 1
0 212 213 214 9 9 9 1
0 212 214 215 9 9 9 1
0 214 216 215 9 9 9 1
0 215 216 217 9 9 9 1
0 216 218 217 9 9 9 1
0 217 218 219 9 9 9 1
0 218 220 219 9 9 9 1
0 219 220 221 9 9 9 1
0 132 207 206 93 132 131 1
0 222 132 206 134 93 131 1
0 204 130 222 129 91 134 1
0 211 223 209 9 9 9 1
0 153 152 224 9 9 9 1
0 152 225 224 9 9 9 1
0 193 192 226 118 117 135 1
0 192 227 226 117 136 135 1
0 208 228 229 133 137 138 1
0 230 228 231 139 137 139 1

Materials: 1
"WIRES"
0.200000 0.200000 0.200000 0.740000
0.800000 0.800000 0.800000 0.740000
0 0 0 0.740000
1 1 1 0.740000
0
0.740000
"WIRE.png"
""

Bones: 0
GroupComments: 0
MaterialComments: 0
BoneComments: 0
ModelComment: 0
