// MilkShape 3D ASCII

Frames: 30
Frame: 1

Meshes: 1
"Box03" 0 0
20
0 -60.430202 -1.081936 60.306915 0 0 -1
0 -60.430202 -121.861725 60.306915 0 1 -1
0 59.948246 -1.081936 60.306915 1 0 -1
0 59.948246 -121.861725 60.306915 1 1 -1
0 59.948246 -1.081936 60.306915 0 0 -1
0 59.948246 -121.861725 60.306915 0 1 -1
0 59.948246 -1.081936 -60.472809 1 0 -1
0 59.948246 -121.861725 -60.472809 1 1 -1
0 59.948246 -1.081936 -60.472809 0 0 -1
0 59.948246 -121.861725 -60.472809 0 1 -1
0 -60.430202 -1.081936 -60.472809 1 0 -1
0 -60.430202 -121.861725 -60.472809 1 1 -1
0 -60.430202 -1.081936 -60.472809 0 0 -1
0 -60.430202 -121.861725 -60.472809 0 1 -1
0 -60.430202 -1.081936 60.306915 1 0 -1
0 -60.430202 -121.861725 60.306915 1 1 -1
0 -60.430202 -1.081936 60.306915 0 1 -1
0 59.948246 -1.081936 60.306915 1 1 -1
0 -60.430202 -121.861725 60.306915 0 0 -1
0 59.948246 -121.861725 60.306915 1 0 -1
6
0 0 1
1 0 0
0 0 -1
-1 0 0
0 1 0
0 -1 0
12
0 0 1 2 0 0 0 1
0 1 3 2 0 0 0 1
0 4 5 6 1 1 1 2
0 5 7 6 1 1 1 2
0 8 9 10 2 2 2 1
0 9 11 10 2 2 2 1
0 12 13 14 3 3 3 2
0 13 15 14 3 3 3 2
0 12 16 6 4 4 4 3
0 16 17 6 4 4 4 3
0 18 13 19 5 5 5 3
0 13 7 19 5 5 5 3

Materials: 1
"PLATFORM"
1 1 1 1
1 1 1 1
1 1 1 1
1 1 1 1
0
1
"PLATFORM_2.png"
""

Bones: 0
GroupComments: 0
MaterialComments: 0
BoneComments: 0
ModelComment: 0
