// MilkShape 3D ASCII

Frames: 30
Frame: 1

Meshes: 1
"SCREEN_4" 0 0
4
0 -464.436737 33.820503 40.854771 0 0 -1
0 -464.436737 -55.820503 40.854771 0 1 -1
0 -382.040070 -55.820503 267.237427 1 1 -1
0 -382.040070 33.820503 267.237427 1 0 -1
1
-0.939692 0 0.342021
2
0 0 1 2 0 0 0 1
0 0 2 3 0 0 0 1

Materials: 1
"SCREEN_4"
0.200000 0.200000 0.200000 0.670000
0.800000 0.800000 0.800000 0.670000
0 0 0 0.670000
1 1 1 0.670000
0
0.670000
"SCREEN_4.png"
""

Bones: 0
GroupComments: 0
MaterialComments: 0
BoneComments: 0
ModelComment: 0
