// MilkShape 3D ASCII

Frames: 30
Frame: 1

Meshes: 3
"SIDES_LIGHT" 0 0
64
0 87.698402 -23.003143 -77.809395 -0.003906 -0 -1
0 87.698402 -15.342811 -77.809395 0.329427 0 -1
0 87.698410 -23.003143 77.809387 -0.003906 3 -1
0 87.698410 -15.342811 77.809387 0.329427 3 -1
0 87.698402 -7.682465 -77.809395 0.662760 0 -1
0 87.698410 -7.682465 77.809387 0.662760 3 -1
0 87.698402 -0.022128 -77.809395 0.996094 0 -1
0 87.698410 -0.022128 77.809387 0.996094 3 -1
0 87.698410 -23.003143 77.809387 0 -0.005183 -1
0 87.698410 -15.342811 77.809387 0.333333 -0.005183 -1
0 77.809395 -15.342811 87.698402 0.333333 0.250697 -1
0 77.809395 -23.003143 87.698402 0 0.250697 -1
0 87.698410 -7.682465 77.809387 0.666667 -0.005183 -1
0 77.809395 -7.682465 87.698402 0.666667 0.250697 -1
0 87.698410 -0.022128 77.809387 1 -0.005183 -1
0 77.809395 -0.022128 87.698402 1 0.250697 -1
0 77.809395 -23.003143 87.698402 0.007813 3.003906 -1
0 77.809395 -15.342811 87.698402 0.341146 3.003906 -1
0 -77.809387 -23.003143 87.698410 0.007813 0.003906 -1
0 -77.809387 -15.342811 87.698410 0.341146 0.003906 -1
0 77.809395 -7.682465 87.698402 0.674479 3.003906 -1
0 -77.809387 -7.682465 87.698410 0.674479 0.003906 -1
0 77.809395 -0.022128 87.698402 1.007813 3.003906 -1
0 -77.809387 -0.022128 87.698410 1.007813 0.003906 -1
0 -77.809387 -23.003143 87.698410 0 0.506578 -1
0 -77.809387 -15.342811 87.698410 0.333333 0.506578 -1
0 -87.698402 -15.342811 77.809395 0.333333 0.762458 -1
0 -87.698402 -23.003143 77.809395 0 0.762458 -1
0 -77.809387 -7.682465 87.698410 0.666667 0.506578 -1
0 -87.698402 -7.682465 77.809395 0.666667 0.762458 -1
0 -77.809387 -0.022128 87.698410 1 0.506578 -1
0 -87.698402 -0.022128 77.809395 1 0.762458 -1
0 -87.698402 -23.003143 77.809395 -0.003906 3 -1
0 -87.698402 -15.342811 77.809395 0.329427 3 -1
0 -87.698410 -23.003143 -77.809387 -0.003906 0 -1
0 -87.698410 -15.342811 -77.809387 0.329427 0 -1
0 -87.698402 -7.682465 77.809395 0.662760 3 -1
0 -87.698410 -7.682465 -77.809387 0.662760 0 -1
0 -87.698402 -0.022128 77.809395 0.996094 3 -1
0 -87.698410 -0.022128 -77.809387 0.996094 0 -1
0 -87.698410 -23.003143 -77.809387 0 -0.001046 -1
0 -87.698410 -15.342811 -77.809387 0.333333 -0.001046 -1
0 -77.809395 -15.342811 -87.698402 0.333333 0.254282 -1
0 -77.809395 -23.003143 -87.698402 0 0.254282 -1
0 -87.698410 -7.682465 -77.809387 0.666667 -0.001046 -1
0 -77.809395 -7.682465 -87.698402 0.666667 0.254282 -1
0 -87.698410 -0.022128 -77.809387 1 -0.001046 -1
0 -77.809395 -0.022128 -87.698402 1 0.254282 -1
0 -77.809395 -23.003143 -87.698402 0.007813 0.003906 -1
0 -77.809395 -15.342811 -87.698402 0.341146 0.003906 -1
0 77.809387 -23.003143 -87.698410 0.007813 3.003906 -1
0 77.809387 -15.342811 -87.698410 0.341146 3.003906 -1
0 -77.809395 -7.682465 -87.698402 0.674479 0.003906 -1
0 77.809387 -7.682465 -87.698410 0.674479 3.003906 -1
0 -77.809395 -0.022128 -87.698402 1.007813 0.003906 -1
0 77.809387 -0.022128 -87.698410 1.007813 3.003906 -1
0 77.809387 -23.003143 -87.698410 0 0.509609 -1
0 77.809387 -15.342811 -87.698410 0.333333 0.509609 -1
0 87.698402 -15.342811 -77.809395 0.333333 0.764936 -1
0 87.698402 -23.003143 -77.809395 0 0.764936 -1
0 77.809387 -7.682465 -87.698410 0.666667 0.509609 -1
0 87.698402 -7.682465 -77.809395 0.666667 0.764936 -1
0 77.809387 -0.022128 -87.698410 1 0.509609 -1
0 87.698402 -0.022128 -77.809395 1 0.764936 -1
12
1 0 -0
1 0 -0
0.707107 0 0.707107
0 0 1
0 0 1
-0.707107 0 0.707107
-1 0 0
-1 0 0
-0.707107 0 -0.707107
-0 0 -1
-0 0 -1
0.707107 0 -0.707107
48
0 0 1 2 0 0 0 1
0 1 3 2 0 0 0 1
0 1 4 5 0 1 1 1
0 1 5 3 0 1 0 1
0 4 6 5 1 1 1 1
0 6 7 5 1 1 1 1
0 8 9 10 2 2 2 1
0 8 10 11 2 2 2 1
0 9 12 10 2 2 2 1
0 12 13 10 2 2 2 1
0 12 14 15 2 2 2 1
0 12 15 13 2 2 2 1
0 16 17 18 3 3 3 1
0 17 19 18 3 3 3 1
0 17 20 21 3 4 4 1
0 17 21 19 3 4 3 1
0 20 22 21 4 4 4 1
0 22 23 21 4 4 4 1
0 24 25 26 5 5 5 1
0 24 26 27 5 5 5 1
0 25 28 26 5 5 5 1
0 28 29 26 5 5 5 1
0 28 30 31 5 5 5 1
0 28 31 29 5 5 5 1
0 32 33 34 6 6 6 1
0 33 35 34 6 6 6 1
0 33 36 37 6 7 7 1
0 33 37 35 6 7 6 1
0 36 38 37 7 7 7 1
0 38 39 37 7 7 7 1
0 40 41 42 8 8 8 1
0 40 42 43 8 8 8 1
0 41 44 42 8 8 8 1
0 44 45 42 8 8 8 1
0 44 46 47 8 8 8 1
0 44 47 45 8 8 8 1
0 48 49 50 9 9 9 1
0 49 51 50 9 9 9 1
0 49 52 53 9 10 10 1
0 49 53 51 9 10 9 1
0 52 54 53 10 10 10 1
0 54 55 53 10 10 10 1
0 56 57 58 11 11 11 1
0 56 58 59 11 11 11 1
0 57 60 58 11 11 11 1
0 60 61 58 11 11 11 1
0 60 62 63 11 11 11 1
0 60 63 61 11 11 11 1
"LIGHT" 0 1
48
0 63.231117 -22.929262 -56.101074 0.044239 0 -1
0 86.736786 -22.939653 -76.956223 0.501111 0 -1
0 86.736794 -22.939653 76.956207 0.501111 3 -1
0 63.231117 -22.929262 56.101070 0.044239 3 -1
0 86.736786 -9.779311 -76.956223 0.957982 0 -1
0 86.736794 -9.779311 76.956207 0.957982 3 -1
0 63.231117 -22.929262 56.101070 0.049593 -0.005183 -1
0 86.736794 -22.939653 76.956207 0.506465 -0.005183 -1
0 56.101074 -22.929262 63.231117 0.049593 0.250697 -1
0 76.956223 -22.939653 86.736786 0.506465 0.250697 -1
0 86.736794 -9.779311 76.956207 0.963336 -0.005183 -1
0 76.956223 -9.779311 86.736786 0.963336 0.250697 -1
0 56.101074 -22.929262 63.231117 0.060301 3.003906 -1
0 76.956223 -22.939653 86.736786 0.517173 3.003906 -1
0 -76.956207 -22.939653 86.736794 0.517173 0.003906 -1
0 -56.101070 -22.929262 63.231117 0.060301 0.003906 -1
0 76.956223 -9.779311 86.736786 0.974043 3.003906 -1
0 -76.956207 -9.779311 86.736794 0.974043 0.003906 -1
0 -56.101070 -22.929262 63.231117 0.049593 0.506578 -1
0 -76.956207 -22.939653 86.736794 0.506465 0.506578 -1
0 -63.231117 -22.929262 56.101074 0.049593 0.762458 -1
0 -86.736786 -22.939653 76.956223 0.506465 0.762458 -1
0 -76.956207 -9.779311 86.736794 0.963336 0.506578 -1
0 -86.736786 -9.779311 76.956223 0.963336 0.762458 -1
0 -63.231117 -22.929262 56.101074 0.044239 3 -1
0 -86.736786 -22.939653 76.956223 0.501111 3 -1
0 -86.736794 -22.939653 -76.956207 0.501111 0 -1
0 -63.231117 -22.929262 -56.101070 0.044239 0 -1
0 -86.736786 -9.779311 76.956223 0.957982 3 -1
0 -86.736794 -9.779311 -76.956207 0.957982 0 -1
0 -63.231117 -22.929262 -56.101070 0.049593 -0.001046 -1
0 -86.736794 -22.939653 -76.956207 0.506465 -0.001046 -1
0 -56.101074 -22.929262 -63.231117 0.049593 0.254282 -1
0 -76.956223 -22.939653 -86.736786 0.506465 0.254282 -1
0 -86.736794 -9.779311 -76.956207 0.963336 -0.001046 -1
0 -76.956223 -9.779311 -86.736786 0.963336 0.254282 -1
0 -56.101074 -22.929262 -63.231117 0.060301 0.003906 -1
0 -76.956223 -22.939653 -86.736786 0.517173 0.003906 -1
0 76.956207 -22.939653 -86.736794 0.517173 3.003906 -1
0 56.101070 -22.929262 -63.231117 0.060301 3.003906 -1
0 -76.956223 -9.779311 -86.736786 0.974043 0.003906 -1
0 76.956207 -9.779311 -86.736794 0.974043 3.003906 -1
0 56.101070 -22.929262 -63.231117 0.049593 0.509609 -1
0 76.956207 -22.939653 -86.736794 0.506465 0.509609 -1
0 63.231117 -22.929262 -56.101074 0.049593 0.764936 -1
0 86.736786 -22.939653 -76.956223 0.506465 0.764936 -1
0 76.956207 -9.779311 -86.736794 0.963336 0.509609 -1
0 86.736786 -9.779311 -76.956223 0.963336 0.764936 -1
36
-0.000442 -1 0
0.706950 -0.707263 -0
0.706950 -0.707263 -0
-0.000442 -1 0
1 0 -0
-0.000234 -1 -0.000234
0.499917 -0.707224 0.499917
-0.000234 -1 -0.000234
0.707107 0 0.707107
-0 -1 -0.000442
0 -0.707263 0.706950
0 -0.707263 0.706950
0 -1 -0.000442
0 0 1
0.000234 -1 -0.000234
-0.499917 -0.707224 0.499917
0.000234 -1 -0.000234
-0.707107 0 0.707107
0.000442 -1 -0
-0.706950 -0.707263 0
-0.706950 -0.707263 0
0.000442 -1 0
-1 0 0
0.000234 -1 0.000234
-0.499917 -0.707224 -0.499917
0.000234 -1 0.000234
-0.707107 0 -0.707107
0 -1 0.000442
-0 -0.707263 -0.706950
-0 -0.707263 -0.706950
0 -1 0.000442
-0 0 -1
-0.000234 -1 0.000234
0.499917 -0.707224 -0.499917
-0.000234 -1 0.000234
0.707107 0 -0.707107
32
0 0 1 2 0 1 2 1
0 0 2 3 0 2 3 1
0 1 4 2 1 4 2 1
0 4 5 2 4 4 2 1
0 6 7 8 5 6 7 1
0 7 9 8 6 6 7 1
0 7 10 11 6 8 8 1
0 7 11 9 6 8 6 1
0 12 13 14 9 10 11 1
0 12 14 15 9 11 12 1
0 13 16 14 10 13 11 1
0 16 17 14 13 13 11 1
0 18 19 20 14 15 16 1
0 19 21 20 15 15 16 1
0 19 22 23 15 17 17 1
0 19 23 21 15 17 15 1
0 24 25 26 18 19 20 1
0 24 26 27 18 20 21 1
0 25 28 26 19 22 20 1
0 28 29 26 22 22 20 1
0 30 31 32 23 24 25 1
0 31 33 32 24 24 25 1
0 31 34 35 24 26 26 1
0 31 35 33 24 26 24 1
0 36 37 38 27 28 29 1
0 36 38 39 27 29 30 1
0 37 40 38 28 31 29 1
0 40 41 38 31 31 29 1
0 42 43 44 32 33 34 1
0 43 45 44 33 33 34 1
0 43 46 47 33 35 35 1
0 43 47 45 33 35 33 1
"EXTERNAL_2" 0 2
64
0 90.269241 -23.003143 -80.090347 -0.000365 1 -1
0 101.717621 -15.342811 -90.247787 0 0.666667 -1
0 90.269257 -23.003143 80.090340 0.998412 1 -1
0 101.717644 -15.342811 90.247772 1 0.666667 -1
0 101.717621 -7.682465 -90.247787 0 0.333333 -1
0 101.717644 -7.682465 90.247772 1 0.333333 -1
0 90.269241 -0.022128 -80.090347 -0.000365 0 -1
0 90.269257 -0.022128 80.090340 0.998412 0 -1
0 90.269257 -23.003143 80.090340 0.125000 1 -1
0 101.717644 -15.342811 90.247772 0.125000 0.666667 -1
0 90.247787 -15.342811 101.717636 0.250000 0.666667 -1
0 80.090347 -23.003143 90.269241 0.250000 1 -1
0 101.717644 -7.682465 90.247772 0.125000 0.333333 -1
0 90.247787 -7.682465 101.717636 0.250000 0.333333 -1
0 90.269257 -0.022128 80.090340 0.125000 0 -1
0 80.090347 -0.022128 90.269241 0.250000 0 -1
0 80.090347 -23.003143 90.269241 0.998412 1 -1
0 90.247787 -15.342811 101.717636 1 0.666667 -1
0 -80.090340 -23.003143 90.269257 0.001588 1 -1
0 -90.247787 -15.342811 101.717636 0 0.666667 -1
0 90.247787 -7.682465 101.717636 1 0.333333 -1
0 -90.247787 -7.682465 101.717636 0 0.333333 -1
0 80.090347 -0.022128 90.269241 0.998412 0 -1
0 -80.090340 -0.022128 90.269257 0.001588 0 -1
0 -80.090340 -23.003143 90.269257 0.375000 1 -1
0 -90.247787 -15.342811 101.717636 0.375000 0.666667 -1
0 -101.717621 -15.342811 90.247787 0.500000 0.666667 -1
0 -90.269241 -23.003143 80.090347 0.500000 1 -1
0 -90.247787 -7.682465 101.717636 0.375000 0.333333 -1
0 -101.717621 -7.682465 90.247787 0.500000 0.333333 -1
0 -80.090340 -0.022128 90.269257 0.375000 0 -1
0 -90.269241 -0.022128 80.090347 0.500000 0 -1
0 -90.269241 -23.003143 80.090347 0.998412 1 -1
0 -101.717621 -15.342811 90.247787 1 0.666667 -1
0 -90.269257 -23.003143 -80.090340 -0.000365 1 -1
0 -101.717644 -15.342811 -90.247787 0 0.666667 -1
0 -101.717621 -7.682465 90.247787 1 0.333333 -1
0 -101.717644 -7.682465 -90.247787 0 0.333333 -1
0 -90.269241 -0.022128 80.090347 0.998412 0 -1
0 -90.269257 -0.022128 -80.090340 -0.000365 0 -1
0 -90.269257 -23.003143 -80.090340 0.625000 1 -1
0 -101.717644 -15.342811 -90.247787 0.625000 0.666667 -1
0 -90.247787 -15.342811 -101.717621 0.750000 0.666667 -1
0 -80.090347 -23.003143 -90.269241 0.750000 1 -1
0 -101.717644 -7.682465 -90.247787 0.625000 0.333333 -1
0 -90.247787 -7.682465 -101.717621 0.750000 0.333333 -1
0 -90.269257 -0.022128 -80.090340 0.625000 0 -1
0 -80.090347 -0.022128 -90.269241 0.750000 0 -1
0 -80.090347 -23.003143 -90.269241 0.001588 1 -1
0 -90.247787 -15.342811 -101.717621 0 0.666667 -1
0 80.090340 -23.003143 -90.269257 0.998412 1 -1
0 90.247787 -15.342811 -101.717651 1 0.666667 -1
0 -90.247787 -7.682465 -101.717621 0 0.333333 -1
0 90.247787 -7.682465 -101.717651 1 0.333333 -1
0 -80.090347 -0.022128 -90.269241 0.001588 0 -1
0 80.090340 -0.022128 -90.269257 0.998412 0 -1
0 80.090340 -23.003143 -90.269257 0.875000 1 -1
0 90.247787 -15.342811 -101.717651 0.875000 0.666667 -1
0 101.717621 -15.342811 -90.247787 1 0.666667 -1
0 90.269241 -23.003143 -80.090347 1 1 -1
0 90.247787 -7.682465 -101.717651 0.875000 0.333333 -1
0 101.717621 -7.682465 -90.247787 1 0.333333 -1
0 80.090340 -0.022128 -90.269257 0.875000 0 -1
0 90.269241 -0.022128 -80.090347 1 0 -1
64
0.556111 -0.831108 -0
0.882074 -0.471110 -0
0.556111 -0.831108 -0
0.882074 -0.471110 -0
0.882074 0.471110 -0
0.882074 0.471110 -0
0.556111 0.831108 -0
0.556111 0.831108 -0
0.316940 -0.893923 0.316940
0.601710 -0.525252 0.601710
0.601710 -0.525252 0.601710
0.316940 -0.893923 0.316940
0.601710 0.525252 0.601710
0.601710 0.525252 0.601710
0.316940 0.893923 0.316940
0.316940 0.893923 0.316940
0 -0.831109 0.556110
0 -0.471110 0.882074
0 -0.831108 0.556110
0 -0.471110 0.882074
0 0.471110 0.882074
0 0.471110 0.882074
0 0.831108 0.556111
0 0.831108 0.556111
-0.316940 -0.893923 0.316940
-0.601711 -0.525252 0.601710
-0.601711 -0.525252 0.601710
-0.316940 -0.893923 0.316940
-0.601711 0.525252 0.601710
-0.601711 0.525252 0.601710
-0.316940 0.893923 0.316940
-0.316940 0.893923 0.316940
-0.556111 -0.831108 0
-0.882074 -0.471110 0
-0.556111 -0.831108 0
-0.882074 -0.471110 0
-0.882074 0.471110 0
-0.882074 0.471110 0
-0.556111 0.831108 0
-0.556111 0.831108 0
-0.316940 -0.893923 -0.316940
-0.601710 -0.525252 -0.601711
-0.601710 -0.525252 -0.601711
-0.316940 -0.893923 -0.316940
-0.601710 0.525252 -0.601711
-0.601710 0.525252 -0.601711
-0.316940 0.893923 -0.316940
-0.316940 0.893923 -0.316940
-0 -0.831108 -0.556111
-0 -0.471110 -0.882074
-0 -0.831108 -0.556110
-0 -0.471110 -0.882074
-0 0.471110 -0.882074
-0 0.471110 -0.882074
-0 0.831108 -0.556111
-0 0.831108 -0.556110
0.316940 -0.893923 -0.316940
0.601711 -0.525252 -0.601709
0.601711 -0.525252 -0.601709
0.316940 -0.893923 -0.316940
0.601711 0.525252 -0.601709
0.601711 0.525252 -0.601709
0.316940 0.893923 -0.316940
0.316940 0.893923 -0.316940
48
0 0 1 2 0 1 2 1
0 1 3 2 1 3 2 1
0 1 4 5 1 4 5 1
0 1 5 3 1 5 3 1
0 4 6 5 4 6 5 1
0 6 7 5 6 7 5 1
0 8 9 10 8 9 10 1
0 8 10 11 8 10 11 1
0 9 12 10 9 12 10 1
0 12 13 10 12 13 10 1
0 12 14 15 12 14 15 1
0 12 15 13 12 15 13 1
0 16 17 18 16 17 18 1
0 17 19 18 17 19 18 1
0 17 20 21 17 20 21 1
0 17 21 19 17 21 19 1
0 20 22 21 20 22 21 1
0 22 23 21 22 23 21 1
0 24 25 26 24 25 26 1
0 24 26 27 24 26 27 1
0 25 28 26 25 28 26 1
0 28 29 26 28 29 26 1
0 28 30 31 28 30 31 1
0 28 31 29 28 31 29 1
0 32 33 34 32 33 34 1
0 33 35 34 33 35 34 1
0 33 36 37 33 36 37 1
0 33 37 35 33 37 35 1
0 36 38 37 36 38 37 1
0 38 39 37 38 39 37 1
0 40 41 42 40 41 42 1
0 40 42 43 40 42 43 1
0 41 44 42 41 44 42 1
0 44 45 42 44 45 42 1
0 44 46 47 44 46 47 1
0 44 47 45 44 47 45 1
0 48 49 50 48 49 50 1
0 49 51 50 49 51 50 1
0 49 52 53 49 52 53 1
0 49 53 51 49 53 51 1
0 52 54 53 52 54 53 1
0 54 55 53 54 55 53 1
0 56 57 58 56 57 58 1
0 56 58 59 56 58 59 1
0 57 60 58 57 60 58 1
0 60 61 58 60 61 58 1
0 60 62 63 60 62 63 1
0 60 63 61 60 63 61 1

Materials: 3
"SIDES_LIGHT"
0.200000 0.200000 0.200000 1
0.800000 0.800000 0.800000 1
0 0 0 1
1 1 1 1
0
1
"SIDES_LIGHT.png"
""
"LIGHT"
0.200000 0.200000 0.200000 1
0.800000 0.800000 0.800000 1
0 0 0 1
1 1 1 1
0
1
"LIGHT.png"
""
"STAGE_2"
0.200000 0.200000 0.200000 1
0.800000 0.800000 0.800000 1
0 0 0 1
1 1 1 1
0
1
"STAGE_2.png"
""

Bones: 0
GroupComments: 0
MaterialComments: 0
BoneComments: 0
ModelComment: 0
