// MilkShape 3D ASCII

Frames: 30
Frame: 1

Meshes: 1
"BACK" 0 0
192
0 -507 94.923767 -60.790745 0 0 -1
0 -507 -35.946182 -60.790745 0 1 -1
0 -507 -35.946182 67.783272 1 1 -1
0 -507 94.923767 67.783272 1 0 -1
0 -419.381500 300.297607 -60.790745 0 0 -1
0 -474.689545 181.689163 -60.790745 0 1 -1
0 -474.689545 181.689163 67.783272 1 1 -1
0 -419.381500 300.297607 67.783272 1 0 -1
0 -253.177444 449.400330 -60.790745 0 0 -1
0 -353.429657 365.278778 -60.790745 0 1 -1
0 -353.429657 365.278778 67.783272 1 1 -1
0 -253.177444 449.400330 67.783272 1 0 -1
0 -499.614563 -128.237320 -60.790745 0 0 -1
0 -444.306519 -246.845764 -60.790745 0 1 -1
0 -444.306519 -246.845764 67.783272 1 1 -1
0 -499.614563 -128.237320 67.783272 1 0 -1
0 -469.470245 94.923767 200.853668 0 0 -1
0 -469.470245 -35.946182 200.853668 0 1 -1
0 -405.183228 -35.946182 312.202026 1 1 -1
0 -405.183228 94.923767 312.202026 1 0 -1
0 -393.590393 300.297607 157.044418 0 0 -1
0 -441.488556 181.689163 184.698441 0 1 -1
0 -377.201569 181.689163 296.046814 1 1 -1
0 -329.303406 300.297607 268.392792 1 0 -1
0 -249.653473 449.400330 73.942390 0 0 -1
0 -336.474426 365.278778 124.068497 0 1 -1
0 -272.187408 365.278778 235.416870 1 1 -1
0 -185.366455 449.400330 185.290756 1 0 -1
0 -463.074280 -128.237320 197.160950 0 0 -1
0 -415.176086 -246.845764 169.506927 0 1 -1
0 -350.889099 -246.845764 280.855286 1 1 -1
0 -398.787262 -128.237320 308.509308 1 0 -1
0 -306.146332 94.923767 408.679504 0 0 -1
0 -306.146332 -35.946182 408.679504 0 1 -1
0 -194.797943 -35.946182 472.966492 1 1 -1
0 -194.797943 94.923767 472.966492 1 0 -1
0 -262.337067 300.297607 332.799652 0 0 -1
0 -289.991089 181.689163 380.697815 0 1 -1
0 -178.642731 181.689163 444.984833 1 1 -1
0 -150.988708 300.297607 397.086670 1 0 -1
0 -179.235046 449.400330 188.862717 0 0 -1
0 -229.361145 365.278778 275.683685 0 1 -1
0 -118.012772 365.278778 339.970703 1 1 -1
0 -67.886681 449.400330 253.149719 1 0 -1
0 -302.453613 -128.237320 402.283539 0 0 -1
0 -274.799561 -246.845764 354.385345 0 1 -1
0 -163.451233 -246.845764 418.672363 1 1 -1
0 -191.105240 -128.237320 466.570526 1 0 -1
0 -60.790745 94.923767 507 0 0 -1
0 -60.790745 -35.946182 507 0 1 -1
0 67.783279 -35.946182 506.999969 1 1 -1
0 67.783279 94.923767 506.999969 1 0 -1
0 -60.790733 300.297607 419.381470 0 0 -1
0 -60.790737 181.689163 474.689514 0 1 -1
0 67.783279 181.689163 474.689514 1 1 -1
0 67.783279 300.297607 419.381500 1 0 -1
0 -60.790741 449.400330 253.177429 0 0 -1
0 -60.790733 365.278778 353.429657 0 1 -1
0 67.783295 365.278778 353.429657 1 1 -1
0 67.783272 449.400330 253.177429 1 0 -1
0 -60.790737 -128.237320 499.614563 0 0 -1
0 -60.790722 -246.845764 444.306488 0 1 -1
0 67.783264 -246.845764 444.306519 1 1 -1
0 67.783272 -128.237320 499.614532 1 0 -1
0 200.853668 94.923767 469.470245 0 0 -1
0 200.853668 -35.946182 469.470245 0 1 -1
0 312.202026 -35.946182 405.183197 1 1 -1
0 312.202026 94.923767 405.183197 1 0 -1
0 157.044418 300.297607 393.590363 0 0 -1
0 184.698441 181.689163 441.488525 0 1 -1
0 296.046783 181.689163 377.201538 1 1 -1
0 268.392792 300.297607 329.303375 1 0 -1
0 73.942390 449.400330 249.653458 0 0 -1
0 124.068512 365.278778 336.474426 0 1 -1
0 235.416885 365.278778 272.187408 1 1 -1
0 185.290756 449.400330 185.366440 1 0 -1
0 197.160965 -128.237320 463.074249 0 0 -1
0 169.506943 -246.845764 415.176056 0 1 -1
0 280.855286 -246.845764 350.889099 1 1 -1
0 308.509308 -128.237320 398.787231 1 0 -1
0 408.679504 94.923767 306.146332 0 0 -1
0 408.679504 -35.946182 306.146332 0 1 -1
0 472.966492 -35.946182 194.797928 1 1 -1
0 472.966492 94.923767 194.797928 1 0 -1
0 332.799622 300.297607 262.337036 0 0 -1
0 380.697815 181.689163 289.991058 0 1 -1
0 444.984802 181.689163 178.642715 1 1 -1
0 397.086670 300.297607 150.988693 1 0 -1
0 188.862717 449.400330 179.235031 0 0 -1
0 275.683685 365.278778 229.361145 0 1 -1
0 339.970703 365.278778 118.012764 1 1 -1
0 253.149719 449.400330 67.886665 1 0 -1
0 402.283539 -128.237320 302.453583 0 0 -1
0 354.385345 -246.845764 274.799530 0 1 -1
0 418.672363 -246.845764 163.451233 1 1 -1
0 466.570496 -128.237320 191.105209 1 0 -1
0 507 94.923767 60.790745 0 0 -1
0 507 -35.946182 60.790745 0 1 -1
0 506.999939 -35.946182 -67.783295 1 1 -1
0 506.999939 94.923767 -67.783295 1 0 -1
0 419.381439 300.297607 60.790722 0 0 -1
0 474.689514 181.689163 60.790710 0 1 -1
0 474.689484 181.689163 -67.783272 1 1 -1
0 419.381470 300.297607 -67.783295 1 0 -1
0 253.177429 449.400330 60.790730 0 0 -1
0 353.429657 365.278778 60.790733 0 1 -1
0 353.429657 365.278778 -67.783302 1 1 -1
0 253.177414 449.400330 -67.783287 1 0 -1
0 499.614563 -128.237320 60.790710 0 0 -1
0 444.306458 -246.845764 60.790695 0 1 -1
0 444.306519 -246.845764 -67.783264 1 1 -1
0 499.614502 -128.237320 -67.783287 1 0 -1
0 469.470245 94.923767 -200.853668 0 0 -1
0 469.470245 -35.946182 -200.853668 0 1 -1
0 405.183167 -35.946182 -312.202026 1 1 -1
0 405.183167 94.923767 -312.202026 1 0 -1
0 393.590332 300.297607 -157.044418 0 0 -1
0 441.488525 181.689163 -184.698456 0 1 -1
0 377.201508 181.689163 -296.046783 1 1 -1
0 329.303345 300.297607 -268.392792 1 0 -1
0 249.653442 449.400330 -73.942398 0 0 -1
0 336.474426 365.278778 -124.068512 0 1 -1
0 272.187408 365.278778 -235.416885 1 1 -1
0 185.366425 449.400330 -185.290756 1 0 -1
0 463.074249 -128.237320 -197.160980 0 0 -1
0 415.176025 -246.845764 -169.506943 0 1 -1
0 350.889099 -246.845764 -280.855286 1 1 -1
0 398.787201 -128.237320 -308.509308 1 0 -1
0 306.146332 94.923767 -408.679504 0 0 -1
0 306.146332 -35.946182 -408.679504 0 1 -1
0 194.797897 -35.946182 -472.966461 1 1 -1
0 194.797897 94.923767 -472.966461 1 0 -1
0 262.337006 300.297607 -332.799622 0 0 -1
0 289.991058 181.689163 -380.697815 0 1 -1
0 178.642685 181.689163 -444.984772 1 1 -1
0 150.988663 300.297607 -397.086639 1 0 -1
0 179.235016 449.400330 -188.862717 0 0 -1
0 229.361145 365.278778 -275.683685 0 1 -1
0 118.012764 365.278778 -339.970703 1 1 -1
0 67.886650 449.400330 -253.149704 1 0 -1
0 302.453552 -128.237320 -402.283539 0 0 -1
0 274.799500 -246.845764 -354.385315 0 1 -1
0 163.451233 -246.845764 -418.672363 1 1 -1
0 191.105194 -128.237320 -466.570496 1 0 -1
0 60.790745 94.923767 -507 0 0 -1
0 60.790745 -35.946182 -507 0 1 -1
0 -67.783302 -35.946182 -506.999908 1 1 -1
0 -67.783302 94.923767 -506.999908 1 0 -1
0 60.790695 300.297607 -419.381439 0 0 -1
0 60.790710 181.689163 -474.689514 0 1 -1
0 -67.783287 181.689163 -474.689453 1 1 -1
0 -67.783302 300.297607 -419.381439 1 0 -1
0 60.790714 449.400330 -253.177414 0 0 -1
0 60.790733 365.278778 -353.429657 0 1 -1
0 -67.783302 365.278778 -353.429657 1 1 -1
0 -67.783287 449.400330 -253.177399 1 0 -1
0 60.790684 -128.237320 -499.614532 0 0 -1
0 60.790688 -246.845764 -444.306427 0 1 -1
0 -67.783264 -246.845764 -444.306519 1 1 -1
0 -67.783295 -128.237320 -499.614502 1 0 -1
0 -200.853668 94.923767 -469.470245 0 0 -1
0 -200.853668 -35.946182 -469.470245 0 1 -1
0 -312.202026 -35.946182 -405.183136 1 1 -1
0 -312.202026 94.923767 -405.183136 1 0 -1
0 -157.044434 300.297607 -393.590332 0 0 -1
0 -184.698456 181.689163 -441.488525 0 1 -1
0 -296.046783 181.689163 -377.201477 1 1 -1
0 -268.392792 300.297607 -329.303314 1 0 -1
0 -73.942406 449.400330 -249.653427 0 0 -1
0 -124.068512 365.278778 -336.474426 0 1 -1
0 -235.416885 365.278778 -272.187408 1 1 -1
0 -185.290741 449.400330 -185.366409 1 0 -1
0 -197.160995 -128.237320 -463.074219 0 0 -1
0 -169.506927 -246.845764 -415.175995 0 1 -1
0 -280.855286 -246.845764 -350.889099 1 1 -1
0 -308.509308 -128.237320 -398.787201 1 0 -1
0 -408.679504 94.923767 -306.146332 0 0 -1
0 -408.679504 -35.946182 -306.146332 0 1 -1
0 -472.966461 -35.946182 -194.797867 1 1 -1
0 -472.966461 94.923767 -194.797867 1 0 -1
0 -332.799622 300.297607 -262.337006 0 0 -1
0 -380.697815 181.689163 -289.991058 0 1 -1
0 -444.984772 181.689163 -178.642670 1 1 -1
0 -397.086639 300.297607 -150.988632 1 0 -1
0 -188.862717 449.400330 -179.235001 0 0 -1
0 -275.683685 365.278778 -229.361145 0 1 -1
0 -339.970703 365.278778 -118.012764 1 1 -1
0 -253.149689 449.400330 -67.886642 1 0 -1
0 -402.283539 -128.237320 -302.453522 0 0 -1
0 -354.385315 -246.845764 -274.799500 0 1 -1
0 -418.672363 -246.845764 -163.451233 1 1 -1
0 -466.570496 -128.237320 -191.105194 1 0 -1
104
-1 0 0
-0.906308 0.422618 0
-0.642787 0.766045 0
-0.906308 -0.422618 0
-0.866025 0 0.500000
-0.784886 0.422618 0.453154
-0.556670 0.766045 0.321394
-0.784886 -0.422618 0.453154
-0.784886 -0.422619 0.453154
-0.784885 -0.422618 0.453154
-0.500000 0 0.866026
-0.453154 0.422618 0.784885
-0.321394 0.766045 0.556670
-0.321394 0.766045 0.556670
-0.321394 0.766045 0.556670
-0.453154 -0.422618 0.784885
-0.453154 -0.422619 0.784885
-0.453154 -0.422618 0.784886
0 0 1
-0 0.422618 0.906308
0 0.422618 0.906308
-0 0.422618 0.906308
0 0.766045 0.642787
0 0.766045 0.642787
0 -0.422618 0.906308
-0 -0.422619 0.906308
0 -0.422618 0.906308
0.500000 0 0.866025
0.453154 0.422618 0.784886
0.453154 0.422618 0.784886
0.453154 0.422618 0.784886
0.321394 0.766045 0.556670
0.321394 0.766045 0.556670
0.453154 -0.422618 0.784886
0.453154 -0.422618 0.784886
0.453154 -0.422618 0.784886
0.866026 0 0.500000
0.784885 0.422618 0.453154
0.784885 0.422619 0.453154
0.784885 0.422618 0.453154
0.556670 0.766045 0.321394
0.556670 0.766045 0.321394
0.556670 0.766045 0.321394
0.784886 -0.422618 0.453154
0.784885 -0.422619 0.453154
0.784886 -0.422618 0.453154
1 0 -0
0.906308 0.422618 -0
0.906308 0.422619 -0
0.906308 0.422618 0
0.642787 0.766045 -0
0.642787 0.766045 0
0.642787 0.766045 -0
0.906308 -0.422618 -0
0.906308 -0.422619 0
0.906308 -0.422618 -0
0.866025 0 -0.500000
0.784886 0.422618 -0.453154
0.784885 0.422619 -0.453154
0.784886 0.422618 -0.453154
0.556670 0.766045 -0.321394
0.784886 -0.422618 -0.453154
0.784886 -0.422619 -0.453153
0.784885 -0.422618 -0.453154
0.499999 0 -0.866026
0.453154 0.422618 -0.784886
0.453154 0.422619 -0.784886
0.453154 0.422618 -0.784886
0.321394 0.766045 -0.556670
0.321394 0.766045 -0.556670
0.321394 0.766045 -0.556670
0.453154 -0.422618 -0.784885
0.453154 -0.422619 -0.784885
0.453154 -0.422618 -0.784886
-0.000001 0 -1
-0 0.422618 -0.906308
-0 0.422619 -0.906308
0 0.422618 -0.906308
-0 0.766045 -0.642787
0 0.766045 -0.642787
-0 0.766045 -0.642787
0 -0.422618 -0.906308
0.000001 -0.422619 -0.906308
-0 -0.422618 -0.906308
-0.500001 0 -0.866025
-0.453154 0.422618 -0.784885
-0.453154 0.422619 -0.784885
-0.453154 0.422618 -0.784886
-0.321394 0.766045 -0.556670
-0.321394 0.766045 -0.556670
-0.321394 0.766045 -0.556670
-0.453154 -0.422618 -0.784886
-0.453153 -0.422619 -0.784886
-0.453154 -0.422618 -0.784886
-0.866026 0 -0.499999
-0.784886 0.422618 -0.453154
-0.784886 0.422619 -0.453153
-0.784886 0.422618 -0.453154
-0.556670 0.766045 -0.321394
-0.556670 0.766045 -0.321394
-0.556670 0.766045 -0.321393
-0.784885 -0.422618 -0.453154
-0.784885 -0.422619 -0.453154
-0.784886 -0.422618 -0.453154
96
0 0 1 2 0 0 0 1
0 0 2 3 0 0 0 1
0 4 5 6 1 1 1 1
0 4 6 7 1 1 1 1
0 8 9 10 2 2 2 1
0 8 10 11 2 2 2 1
0 12 13 14 3 3 3 1
0 12 14 15 3 3 3 1
0 16 17 18 4 4 4 1
0 16 18 19 4 4 4 1
0 20 21 22 5 5 5 1
0 20 22 23 5 5 5 1
0 24 25 26 6 6 6 1
0 24 26 27 6 6 6 1
0 28 29 30 7 8 7 1
0 28 30 31 7 7 9 1
0 32 33 34 10 10 10 1
0 32 34 35 10 10 10 1
0 36 37 38 11 11 11 1
0 36 38 39 11 11 11 1
0 40 41 42 12 13 12 1
0 40 42 43 12 12 14 1
0 44 45 46 15 16 15 1
0 44 46 47 15 15 17 1
0 48 49 50 18 18 18 1
0 48 50 51 18 18 18 1
0 52 53 54 19 20 19 1
0 52 54 55 19 19 21 1
0 56 57 58 22 22 22 1
0 56 58 59 22 22 23 1
0 60 61 62 24 25 24 1
0 60 62 63 24 24 26 1
0 64 65 66 27 27 27 1
0 64 66 67 27 27 27 1
0 68 69 70 28 29 28 1
0 68 70 71 28 28 30 1
0 72 73 74 31 31 31 1
0 72 74 75 31 31 32 1
0 76 77 78 33 34 33 1
0 76 78 79 33 33 35 1
0 80 81 82 36 36 36 1
0 80 82 83 36 36 36 1
0 84 85 86 37 38 37 1
0 84 86 87 37 37 39 1
0 88 89 90 40 41 40 1
0 88 90 91 40 40 42 1
0 92 93 94 43 44 43 1
0 92 94 95 43 43 45 1
0 96 97 98 46 46 46 1
0 96 98 99 46 46 46 1
0 100 101 102 47 48 47 1
0 100 102 103 47 47 49 1
0 104 105 106 50 51 50 1
0 104 106 107 50 50 52 1
0 108 109 110 53 54 53 1
0 108 110 111 53 53 55 1
0 112 113 114 56 56 56 1
0 112 114 115 56 56 56 1
0 116 117 118 57 58 57 1
0 116 118 119 57 57 59 1
0 120 121 122 60 60 60 1
0 120 122 123 60 60 60 1
0 124 125 126 61 62 61 1
0 124 126 127 61 61 63 1
0 128 129 130 64 64 64 1
0 128 130 131 64 64 64 1
0 132 133 134 65 66 65 1
0 132 134 135 65 65 67 1
0 136 137 138 68 69 68 1
0 136 138 139 68 68 70 1
0 140 141 142 71 72 71 1
0 140 142 143 71 71 73 1
0 144 145 146 74 74 74 1
0 144 146 147 74 74 74 1
0 148 149 150 75 76 75 1
0 148 150 151 75 75 77 1
0 152 153 154 78 79 78 1
0 152 154 155 78 78 80 1
0 156 157 158 81 82 81 1
0 156 158 159 81 81 83 1
0 160 161 162 84 84 84 1
0 160 162 163 84 84 84 1
0 164 165 166 85 86 85 1
0 164 166 167 85 85 87 1
0 168 169 170 88 89 88 1
0 168 170 171 88 88 90 1
0 172 173 174 91 92 91 1
0 172 174 175 91 91 93 1
0 176 177 178 94 94 94 1
0 176 178 179 94 94 94 1
0 180 181 182 95 96 95 1
0 180 182 183 95 95 97 1
0 184 185 186 98 99 98 1
0 184 186 187 98 98 100 1
0 188 189 190 101 102 101 1
0 188 190 191 101 101 103 1

Materials: 1
"BACK"
0.200000 0.200000 0.200000 0.630000
0.800000 0.800000 0.800000 0.630000
0 0 0 0.630000
1 1 1 0.630000
0
0.630000
"SCREEN_1.png"
""

Bones: 0
GroupComments: 0
MaterialComments: 0
BoneComments: 0
ModelComment: 0
