// MilkShape 3D ASCII

Frames: 30
Frame: 1

Meshes: 4
"EXTERNAL" 0 2
64
0 89.820145 -23.003143 -79.691887 -0.000365 1 -1
0 101.211563 -15.342811 -89.798798 0 0.666667 -1
0 89.820160 -23.003143 79.691879 0.998412 1 -1
0 101.211586 -15.342811 89.798782 1 0.666667 -1
0 101.211563 -7.682465 -89.798798 0 0.333333 -1
0 101.211586 -7.682465 89.798782 1 0.333333 -1
0 89.820145 -0.022128 -79.691887 -0.000365 0 -1
0 89.820160 -0.022128 79.691879 0.998412 0 -1
0 89.820160 -23.003143 79.691879 0.125000 1 -1
0 101.211586 -15.342811 89.798782 0.125000 0.666667 -1
0 89.798798 -15.342811 101.211578 0.250000 0.666667 -1
0 79.691887 -23.003143 89.820145 0.250000 1 -1
0 101.211586 -7.682465 89.798782 0.125000 0.333333 -1
0 89.798798 -7.682465 101.211578 0.250000 0.333333 -1
0 89.820160 -0.022128 79.691879 0.125000 0 -1
0 79.691887 -0.022128 89.820145 0.250000 0 -1
0 79.691887 -23.003143 89.820145 0.998412 1 -1
0 89.798798 -15.342811 101.211578 1 0.666667 -1
0 -79.691879 -23.003143 89.820160 0.001588 1 -1
0 -89.798798 -15.342811 101.211578 0 0.666667 -1
0 89.798798 -7.682465 101.211578 1 0.333333 -1
0 -89.798798 -7.682465 101.211578 0 0.333333 -1
0 79.691887 -0.022128 89.820145 0.998412 0 -1
0 -79.691879 -0.022128 89.820160 0.001588 0 -1
0 -79.691879 -23.003143 89.820160 0.375000 1 -1
0 -89.798798 -15.342811 101.211578 0.375000 0.666667 -1
0 -101.211563 -15.342811 89.798798 0.500000 0.666667 -1
0 -89.820145 -23.003143 79.691887 0.500000 1 -1
0 -89.798798 -7.682465 101.211578 0.375000 0.333333 -1
0 -101.211563 -7.682465 89.798798 0.500000 0.333333 -1
0 -79.691879 -0.022128 89.820160 0.375000 0 -1
0 -89.820145 -0.022128 79.691887 0.500000 0 -1
0 -89.820145 -23.003143 79.691887 0.998412 1 -1
0 -101.211563 -15.342811 89.798798 1 0.666667 -1
0 -89.820160 -23.003143 -79.691879 -0.000365 1 -1
0 -101.211586 -15.342811 -89.798798 0 0.666667 -1
0 -101.211563 -7.682465 89.798798 1 0.333333 -1
0 -101.211586 -7.682465 -89.798798 0 0.333333 -1
0 -89.820145 -0.022128 79.691887 0.998412 0 -1
0 -89.820160 -0.022128 -79.691879 -0.000365 0 -1
0 -89.820160 -23.003143 -79.691879 0.625000 1 -1
0 -101.211586 -15.342811 -89.798798 0.625000 0.666667 -1
0 -89.798798 -15.342811 -101.211563 0.750000 0.666667 -1
0 -79.691887 -23.003143 -89.820145 0.750000 1 -1
0 -101.211586 -7.682465 -89.798798 0.625000 0.333333 -1
0 -89.798798 -7.682465 -101.211563 0.750000 0.333333 -1
0 -89.820160 -0.022128 -79.691879 0.625000 0 -1
0 -79.691887 -0.022128 -89.820145 0.750000 0 -1
0 -79.691887 -23.003143 -89.820145 0.001588 1 -1
0 -89.798798 -15.342811 -101.211563 0 0.666667 -1
0 79.691879 -23.003143 -89.820160 0.998412 1 -1
0 89.798798 -15.342811 -101.211594 1 0.666667 -1
0 -89.798798 -7.682465 -101.211563 0 0.333333 -1
0 89.798798 -7.682465 -101.211594 1 0.333333 -1
0 -79.691887 -0.022128 -89.820145 0.001588 0 -1
0 79.691879 -0.022128 -89.820160 0.998412 0 -1
0 79.691879 -23.003143 -89.820160 0.875000 1 -1
0 89.798798 -15.342811 -101.211594 0.875000 0.666667 -1
0 101.211563 -15.342811 -89.798798 1 0.666667 -1
0 89.820145 -23.003143 -79.691887 1 1 -1
0 89.798798 -7.682465 -101.211594 0.875000 0.333333 -1
0 101.211563 -7.682465 -89.798798 1 0.333333 -1
0 79.691879 -0.022128 -89.820160 0.875000 0 -1
0 89.820145 -0.022128 -79.691887 1 0 -1
64
0.558027 -0.829823 -0
0.882617 -0.470092 -0
0.558027 -0.829823 -0
0.882617 -0.470092 -0
0.882617 0.470092 -0
0.882617 0.470092 -0
0.558027 0.829823 -0
0.558027 0.829823 -0
0.318204 -0.893024 0.318204
0.602082 -0.524400 0.602081
0.602082 -0.524400 0.602081
0.318204 -0.893024 0.318204
0.602082 0.524400 0.602081
0.602082 0.524400 0.602081
0.318204 0.893024 0.318205
0.318204 0.893024 0.318204
0 -0.829823 0.558026
0 -0.470092 0.882617
0 -0.829823 0.558027
0 -0.470092 0.882617
0 0.470092 0.882617
0 0.470092 0.882617
0 0.829823 0.558027
0 0.829823 0.558027
-0.318204 -0.893024 0.318204
-0.602082 -0.524400 0.602081
-0.602082 -0.524400 0.602081
-0.318204 -0.893024 0.318204
-0.602082 0.524400 0.602081
-0.602082 0.524400 0.602081
-0.318205 0.893024 0.318204
-0.318205 0.893024 0.318204
-0.558027 -0.829823 0
-0.882617 -0.470092 0
-0.558027 -0.829823 0
-0.882617 -0.470092 0
-0.882617 0.470092 0
-0.882617 0.470092 0
-0.558027 0.829823 0
-0.558027 0.829823 0
-0.318204 -0.893024 -0.318204
-0.602081 -0.524400 -0.602082
-0.602081 -0.524400 -0.602082
-0.318204 -0.893024 -0.318204
-0.602081 0.524400 -0.602082
-0.602081 0.524400 -0.602082
-0.318204 0.893024 -0.318204
-0.318204 0.893024 -0.318205
-0 -0.829823 -0.558027
-0 -0.470092 -0.882617
-0 -0.829823 -0.558027
-0 -0.470092 -0.882617
-0 0.470092 -0.882617
-0 0.470092 -0.882617
-0 0.829823 -0.558027
-0 0.829823 -0.558027
0.318204 -0.893024 -0.318204
0.602082 -0.524400 -0.602081
0.602082 -0.524400 -0.602081
0.318204 -0.893024 -0.318204
0.602082 0.524400 -0.602081
0.602082 0.524400 -0.602081
0.318204 0.893024 -0.318204
0.318205 0.893024 -0.318204
48
0 0 1 2 0 1 2 1
0 1 3 2 1 3 2 1
0 1 4 5 1 4 5 1
0 1 5 3 1 5 3 1
0 4 6 5 4 6 5 1
0 6 7 5 6 7 5 1
0 8 9 10 8 9 10 1
0 8 10 11 8 10 11 1
0 9 12 10 9 12 10 1
0 12 13 10 12 13 10 1
0 12 14 15 12 14 15 1
0 12 15 13 12 15 13 1
0 16 17 18 16 17 18 1
0 17 19 18 17 19 18 1
0 17 20 21 17 20 21 1
0 17 21 19 17 21 19 1
0 20 22 21 20 22 21 1
0 22 23 21 22 23 21 1
0 24 25 26 24 25 26 1
0 24 26 27 24 26 27 1
0 25 28 26 25 28 26 1
0 28 29 26 28 29 26 1
0 28 30 31 28 30 31 1
0 28 31 29 28 31 29 1
0 32 33 34 32 33 34 1
0 33 35 34 33 35 34 1
0 33 36 37 33 36 37 1
0 33 37 35 33 37 35 1
0 36 38 37 36 38 37 1
0 38 39 37 38 39 37 1
0 40 41 42 40 41 42 1
0 40 42 43 40 42 43 1
0 41 44 42 41 44 42 1
0 44 45 42 44 45 42 1
0 44 46 47 44 46 47 1
0 44 47 45 44 47 45 1
0 48 49 50 48 49 50 1
0 49 51 50 49 51 50 1
0 49 52 53 49 52 53 1
0 49 53 51 49 53 51 1
0 52 54 53 52 54 53 1
0 54 55 53 54 55 53 1
0 56 57 58 56 57 58 1
0 56 58 59 56 58 59 1
0 57 60 58 57 60 58 1
0 60 61 58 60 61 58 1
0 60 62 63 60 62 63 1
0 60 63 61 60 63 61 1
"EDGE" 0 2
16
0 -89.820145 -0.022128 79.691887 0 0 -1
0 -78.121635 -0.022128 88.050339 0 0 -1
0 -88.050331 -0.022128 78.121643 0 0 -1
0 -79.691879 -0.022128 89.820160 0 0 -1
0 88.050339 -0.022128 78.121635 0 0 -1
0 79.691887 -0.022128 89.820145 0 0 -1
0 89.820160 -0.022128 79.691879 0 0 -1
0 78.121643 -0.022128 88.050331 0 0 -1
0 89.820145 -0.022128 -79.691887 0 0 -1
0 79.691879 -0.022128 -89.820160 0 0 -1
0 78.121635 -0.022128 -88.050339 0 0 -1
0 88.050331 -0.022128 -78.121643 0 0 -1
0 -78.121643 -0.022128 -88.050331 0 0 -1
0 -79.691887 -0.022128 -89.820145 0 0 -1
0 -89.820160 -0.022128 -79.691879 0 0 -1
0 -88.050339 -0.022128 -78.121635 0 0 -1
1
0 1 0
16
0 0 1 2 0 0 0 1
0 1 0 3 0 0 0 1
0 4 5 6 0 0 0 1
0 5 4 7 0 0 0 1
0 8 9 10 0 0 0 1
0 10 11 8 0 0 0 1
0 12 13 14 0 0 0 1
0 14 15 12 0 0 0 1
0 15 14 0 0 0 0 1
0 0 2 15 0 0 0 1
0 3 7 1 0 0 0 1
0 7 3 5 0 0 0 1
0 6 11 4 0 0 0 1
0 11 6 8 0 0 0 1
0 12 9 13 0 0 0 1
0 9 12 10 0 0 0 1
"BOTTOM" 0 0
9
0 88.050331 -23.003143 -78.121643 1 0.056381 -1
0 88.050339 -23.003143 78.121635 1 0.943619 -1
0 0 -23.003143 0 0.500000 0.500000 -1
0 78.121643 -23.003143 88.050331 0.943619 1 -1
0 -78.121635 -23.003143 88.050339 0.056381 1 -1
0 -88.050331 -23.003143 78.121643 0 0.943619 -1
0 -88.050339 -23.003143 -78.121635 0 0.056381 -1
0 -78.121643 -23.003143 -88.050331 0.056381 0 -1
0 78.121635 -23.003143 -88.050339 0.943619 0 -1
1
0 -1 0
8
0 0 1 2 0 0 0 2
0 1 3 2 0 0 0 2
0 3 4 2 0 0 0 2
0 4 5 2 0 0 0 2
0 5 6 2 0 0 0 2
0 6 7 2 0 0 0 2
0 7 8 2 0 0 0 2
0 8 0 2 0 0 0 2
"INTERNAL_SIDES" 0 1
64
0 88.050331 -23.003143 -78.121643 -0.003906 -0 -1
0 88.050331 -15.342811 -78.121643 0.329427 0 -1
0 88.050339 -23.003143 78.121635 -0.003906 3 -1
0 88.050339 -15.342811 78.121635 0.329427 3 -1
0 88.050331 -7.682465 -78.121643 0.662760 0 -1
0 88.050339 -7.682465 78.121635 0.662760 3 -1
0 88.050331 -0.022128 -78.121643 0.996094 0 -1
0 88.050339 -0.022128 78.121635 0.996094 3 -1
0 88.050339 -23.003143 78.121635 0 -0.005183 -1
0 88.050339 -15.342811 78.121635 0.333333 -0.005183 -1
0 78.121643 -15.342811 88.050331 0.333333 0.250697 -1
0 78.121643 -23.003143 88.050331 0 0.250697 -1
0 88.050339 -7.682465 78.121635 0.666667 -0.005183 -1
0 78.121643 -7.682465 88.050331 0.666667 0.250697 -1
0 88.050339 -0.022128 78.121635 1 -0.005183 -1
0 78.121643 -0.022128 88.050331 1 0.250697 -1
0 78.121643 -23.003143 88.050331 0.007813 3.003906 -1
0 78.121643 -15.342811 88.050331 0.341146 3.003906 -1
0 -78.121635 -23.003143 88.050339 0.007813 0.003906 -1
0 -78.121635 -15.342811 88.050339 0.341146 0.003906 -1
0 78.121643 -7.682465 88.050331 0.674479 3.003906 -1
0 -78.121635 -7.682465 88.050339 0.674479 0.003906 -1
0 78.121643 -0.022128 88.050331 1.007813 3.003906 -1
0 -78.121635 -0.022128 88.050339 1.007813 0.003906 -1
0 -78.121635 -23.003143 88.050339 0 0.506578 -1
0 -78.121635 -15.342811 88.050339 0.333333 0.506578 -1
0 -88.050331 -15.342811 78.121643 0.333333 0.762458 -1
0 -88.050331 -23.003143 78.121643 0 0.762458 -1
0 -78.121635 -7.682465 88.050339 0.666667 0.506578 -1
0 -88.050331 -7.682465 78.121643 0.666667 0.762458 -1
0 -78.121635 -0.022128 88.050339 1 0.506578 -1
0 -88.050331 -0.022128 78.121643 1 0.762458 -1
0 -88.050331 -23.003143 78.121643 -0.003906 3 -1
0 -88.050331 -15.342811 78.121643 0.329427 3 -1
0 -88.050339 -23.003143 -78.121635 -0.003906 0 -1
0 -88.050339 -15.342811 -78.121635 0.329427 0 -1
0 -88.050331 -7.682465 78.121643 0.662760 3 -1
0 -88.050339 -7.682465 -78.121635 0.662760 0 -1
0 -88.050331 -0.022128 78.121643 0.996094 3 -1
0 -88.050339 -0.022128 -78.121635 0.996094 0 -1
0 -88.050339 -23.003143 -78.121635 0 -0.001046 -1
0 -88.050339 -15.342811 -78.121635 0.333333 -0.001046 -1
0 -78.121643 -15.342811 -88.050331 0.333333 0.254282 -1
0 -78.121643 -23.003143 -88.050331 0 0.254282 -1
0 -88.050339 -7.682465 -78.121635 0.666667 -0.001046 -1
0 -78.121643 -7.682465 -88.050331 0.666667 0.254282 -1
0 -88.050339 -0.022128 -78.121635 1 -0.001046 -1
0 -78.121643 -0.022128 -88.050331 1 0.254282 -1
0 -78.121643 -23.003143 -88.050331 0.007813 0.003906 -1
0 -78.121643 -15.342811 -88.050331 0.341146 0.003906 -1
0 78.121635 -23.003143 -88.050339 0.007813 3.003906 -1
0 78.121635 -15.342811 -88.050339 0.341146 3.003906 -1
0 -78.121643 -7.682465 -88.050331 0.674479 0.003906 -1
0 78.121635 -7.682465 -88.050339 0.674479 3.003906 -1
0 -78.121643 -0.022128 -88.050331 1.007813 0.003906 -1
0 78.121635 -0.022128 -88.050339 1.007813 3.003906 -1
0 78.121635 -23.003143 -88.050339 0 0.509609 -1
0 78.121635 -15.342811 -88.050339 0.333333 0.509609 -1
0 88.050331 -15.342811 -78.121643 0.333333 0.764936 -1
0 88.050331 -23.003143 -78.121643 0 0.764936 -1
0 78.121635 -7.682465 -88.050339 0.666667 0.509609 -1
0 88.050331 -7.682465 -78.121643 0.666667 0.764936 -1
0 78.121635 -0.022128 -88.050339 1 0.509609 -1
0 88.050331 -0.022128 -78.121643 1 0.764936 -1
12
1 0 -0
1 0 -0
0.707107 0 0.707107
0 0 1
0 0 1
-0.707107 0 0.707107
-1 0 0
-1 0 0
-0.707107 0 -0.707107
-0 0 -1
-0 0 -1
0.707107 0 -0.707107
48
0 0 1 2 0 1 0 1
0 1 3 2 1 1 0 1
0 1 4 5 1 1 1 1
0 1 5 3 1 1 1 1
0 4 6 5 1 1 1 1
0 6 7 5 1 1 1 1
0 8 9 10 2 2 2 1
0 8 10 11 2 2 2 1
0 9 12 10 2 2 2 1
0 12 13 10 2 2 2 1
0 12 14 15 2 2 2 1
0 12 15 13 2 2 2 1
0 16 17 18 3 4 3 1
0 17 19 18 4 4 3 1
0 17 20 21 4 4 4 1
0 17 21 19 4 4 4 1
0 20 22 21 4 4 4 1
0 22 23 21 4 4 4 1
0 24 25 26 5 5 5 1
0 24 26 27 5 5 5 1
0 25 28 26 5 5 5 1
0 28 29 26 5 5 5 1
0 28 30 31 5 5 5 1
0 28 31 29 5 5 5 1
0 32 33 34 6 7 6 1
0 33 35 34 7 7 6 1
0 33 36 37 7 7 7 1
0 33 37 35 7 7 7 1
0 36 38 37 7 7 7 1
0 38 39 37 7 7 7 1
0 40 41 42 8 8 8 1
0 40 42 43 8 8 8 1
0 41 44 42 8 8 8 1
0 44 45 42 8 8 8 1
0 44 46 47 8 8 8 1
0 44 47 45 8 8 8 1
0 48 49 50 9 10 9 1
0 49 51 50 10 10 9 1
0 49 52 53 10 10 10 1
0 49 53 51 10 10 10 1
0 52 54 53 10 10 10 1
0 54 55 53 10 10 10 1
0 56 57 58 11 11 11 1
0 56 58 59 11 11 11 1
0 57 60 58 11 11 11 1
0 60 61 58 11 11 11 1
0 60 62 63 11 11 11 1
0 60 63 61 11 11 11 1

Materials: 3
"FLOOR"
0.200000 0.200000 0.200000 1
0.800000 0.800000 0.800000 1
0 0 0 1
1 1 1 1
0
1
"FLOOR.png"
""
"SIDES"
0.200000 0.200000 0.200000 1
0.800000 0.800000 0.800000 1
0 0 0 1
1 1 1 1
0
1
"SIDES.png"
""
"STAGE_1"
0.200000 0.200000 0.200000 1
0.800000 0.800000 0.800000 1
0 0 0 1
1 1 1 1
0
1
"STAGE_1.png"
""

Bones: 0
GroupComments: 0
MaterialComments: 0
BoneComments: 0
ModelComment: 0
