// MilkShape 3D ASCII

Frames: 30
Frame: 1

Meshes: 1
"TEXT" 0 0
192
0 -506.166656 88.380264 61.354568 0.891348 0 -1
0 -506.166656 -29.402683 61.354568 0.659744 -0 -1
0 -506.166656 -29.402683 -54.362045 0.659744 1 -1
0 -506.166656 88.380264 -54.362045 0.891348 1 -1
0 -496.093872 -133.815552 61.354568 0.891348 0 -1
0 -446.316650 -240.563156 61.354568 0.659744 -0 -1
0 -446.316650 -240.563156 -54.362045 0.659744 1 -1
0 -496.093872 -133.815552 -54.362045 0.891348 1 -1
0 -421.391632 294.014984 61.354568 0.891348 0 -1
0 -471.168854 187.267380 61.354568 0.659744 -0 -1
0 -471.168854 187.267380 -54.362045 0.659744 1 -1
0 -421.391632 294.014984 -54.362045 0.891348 1 -1
0 -257.654388 444.555878 61.354568 0.891348 0 -1
0 -347.881378 368.846436 61.354568 0.659744 -0 -1
0 -347.881378 368.846436 -54.362045 0.659744 1 -1
0 -257.654388 444.555878 -54.362045 0.891348 1 -1
0 -407.675903 88.380264 306.217957 0.891348 0 -1
0 -407.675903 -29.402683 306.217957 0.659744 -0 -1
0 -465.534210 -29.402683 206.004410 0.659744 1 -1
0 -465.534210 88.380264 206.004410 0.891348 1 -1
0 -398.952606 -133.815552 301.181549 0.891348 0 -1
0 -355.844269 -240.563156 276.292938 0.659744 -0 -1
0 -413.702576 -240.563156 176.079407 0.659744 1 -1
0 -456.810913 -133.815552 200.968018 0.891348 1 -1
0 -334.258575 294.014984 263.830444 0.891348 0 -1
0 -377.366913 187.267380 288.719055 0.659744 -0 -1
0 -435.225220 187.267380 188.505508 0.659744 1 -1
0 -392.116882 294.014984 163.616898 0.891348 1 -1
0 -192.457962 444.555878 181.961807 0.891348 0 -1
0 -270.596832 368.846436 227.075302 0.659744 -0 -1
0 -328.455139 368.846436 126.861778 0.659744 1 -1
0 -250.316269 444.555878 81.748283 0.891348 1 -1
0 -199.948700 88.380264 469.030487 0.891348 0 -1
0 -199.948700 -29.402683 469.030487 0.659744 -0 -1
0 -300.162231 -29.402683 411.172150 0.659744 1 -1
0 -300.162231 88.380264 411.172150 0.891348 1 -1
0 -194.912308 -133.815552 460.307159 0.891348 0 -1
0 -170.023697 -240.563156 417.198822 0.659744 -0 -1
0 -270.237244 -240.563156 359.340515 0.659744 1 -1
0 -295.125854 -133.815552 402.448853 0.891348 1 -1
0 -157.561188 294.014984 395.613159 0.891348 0 -1
0 -182.449799 187.267380 438.721497 0.659744 -0 -1
0 -282.663330 187.267380 380.863159 0.659744 1 -1
0 -257.774719 294.014984 337.754822 0.891348 1 -1
0 -75.692581 444.555878 253.812531 0.891348 0 -1
0 -120.806076 368.846436 331.951385 0.659744 -0 -1
0 -221.019608 368.846436 274.093079 0.659744 1 -1
0 -175.906097 444.555878 195.954224 0.891348 1 -1
0 61.354591 88.380264 506.166656 0.891348 0 -1
0 61.354591 -29.402683 506.166656 0.659744 -0 -1
0 -54.362038 -29.402683 506.166626 0.659744 1 -1
0 -54.362038 88.380264 506.166626 0.891348 1 -1
1 61.354572 -133.815552 496.093842 0.891348 0 -1
1 61.354572 -240.563156 446.316620 0.659744 -0 -1
1 -54.362057 -240.563156 446.316620 0.659744 1 -1
1 -54.362057 -133.815552 496.093842 0.891348 1 -1
0 61.354591 294.014984 421.391632 0.891348 0 -1
0 61.354591 187.267380 471.168854 0.659744 -0 -1
0 -54.362041 187.267380 471.168823 0.659744 1 -1
0 -54.362041 294.014984 421.391602 0.891348 1 -1
0 61.354568 444.555878 257.654388 0.891348 0 -1
0 61.354565 368.846436 347.881378 0.659744 -0 -1
0 -54.362053 368.846436 347.881378 0.659744 1 -1
0 -54.362034 444.555878 257.654388 0.891348 1 -1
0 306.217957 88.380264 407.675873 0.891348 0 -1
0 306.217957 -29.402683 407.675873 0.659744 -0 -1
0 206.004410 -29.402683 465.534180 0.659744 1 -1
0 206.004410 88.380264 465.534180 0.891348 1 -1
0 301.181549 -133.815552 398.952576 0.891348 0 -1
0 276.292938 -240.563156 355.844238 0.659744 -0 -1
0 176.079391 -240.563156 413.702545 0.659744 1 -1
0 200.968002 -133.815552 456.810883 0.891348 1 -1
0 263.830444 294.014984 334.258545 0.891348 0 -1
0 288.719055 187.267380 377.366882 0.659744 -0 -1
0 188.505508 187.267380 435.225189 0.659744 1 -1
0 163.616898 294.014984 392.116852 0.891348 1 -1
0 181.961807 444.555878 192.457962 0.891348 0 -1
0 227.075302 368.846436 270.596832 0.659744 -0 -1
0 126.861771 368.846436 328.455139 0.659744 1 -1
0 81.748291 444.555878 250.316254 0.891348 1 -1
0 469.030457 88.380264 199.948685 0.891348 0 -1
0 469.030457 -29.402683 199.948685 0.659744 -0 -1
0 411.172150 -29.402683 300.162201 0.659744 1 -1
0 411.172150 88.380264 300.162201 0.891348 1 -1
0 460.307159 -133.815552 194.912277 0.891348 0 -1
0 417.198822 -240.563156 170.023682 0.659744 -0 -1
0 359.340485 -240.563156 270.237213 0.659744 1 -1
0 402.448822 -133.815552 295.125824 0.891348 1 -1
0 395.613129 294.014984 157.561157 0.891348 0 -1
0 438.721466 187.267380 182.449768 0.659744 -0 -1
0 380.863159 187.267380 282.663300 0.659744 1 -1
0 337.754822 294.014984 257.774689 0.891348 1 -1
0 253.812531 444.555878 75.692581 0.891348 0 -1
0 331.951385 368.846436 120.806076 0.659744 -0 -1
0 274.093079 368.846436 221.019608 0.659744 1 -1
0 195.954224 444.555878 175.906082 0.891348 1 -1
0 506.166626 88.380264 -61.354591 0.891348 0 -1
0 506.166626 -29.402683 -61.354591 0.659744 -0 -1
0 506.166626 -29.402683 54.362011 0.659744 1 -1
0 506.166626 88.380264 54.362011 0.891348 1 -1
0 496.093811 -133.815552 -61.354599 0.891348 0 -1
0 446.316620 -240.563156 -61.354588 0.659744 -0 -1
0 446.316589 -240.563156 54.362045 0.659744 1 -1
0 496.093811 -133.815552 54.362045 0.891348 1 -1
0 421.391602 294.014984 -61.354603 0.891348 0 -1
0 471.168823 187.267380 -61.354603 0.659744 -0 -1
0 471.168823 187.267380 54.362015 0.659744 1 -1
0 421.391602 294.014984 54.362015 0.891348 1 -1
0 257.654388 444.555878 -61.354568 0.891348 0 -1
0 347.881378 368.846436 -61.354565 0.659744 -0 -1
0 347.881378 368.846436 54.362053 0.659744 1 -1
0 257.654388 444.555878 54.362022 0.891348 1 -1
0 407.675842 88.380264 -306.217957 0.891348 0 -1
0 407.675842 -29.402683 -306.217957 0.659744 -0 -1
0 465.534149 -29.402683 -206.004425 0.659744 1 -1
0 465.534149 88.380264 -206.004425 0.891348 1 -1
0 398.952545 -133.815552 -301.181549 0.891348 0 -1
0 355.844238 -240.563156 -276.292938 0.659744 -0 -1
0 413.702515 -240.563156 -176.079376 0.659744 1 -1
0 456.810852 -133.815552 -200.967987 0.891348 1 -1
0 334.258514 294.014984 -263.830444 0.891348 0 -1
0 377.366852 187.267380 -288.719055 0.659744 -0 -1
0 435.225159 187.267380 -188.505524 0.659744 1 -1
0 392.116821 294.014984 -163.616913 0.891348 1 -1
0 192.457962 444.555878 -181.961807 0.891348 0 -1
0 270.596832 368.846436 -227.075302 0.659744 -0 -1
0 328.455139 368.846436 -126.861771 0.659744 1 -1
0 250.316254 444.555878 -81.748306 0.891348 1 -1
0 199.948654 88.380264 -469.030457 0.891348 0 -1
0 199.948654 -29.402683 -469.030457 0.659744 -0 -1
0 300.162170 -29.402683 -411.172150 0.659744 1 -1
0 300.162170 88.380264 -411.172150 0.891348 1 -1
0 194.912262 -133.815552 -460.307129 0.891348 0 -1
0 170.023682 -240.563156 -417.198822 0.659744 -0 -1
0 270.237183 -240.563156 -359.340454 0.659744 1 -1
0 295.125793 -133.815552 -402.448792 0.891348 1 -1
0 157.561142 294.014984 -395.613129 0.891348 0 -1
0 182.449753 187.267380 -438.721466 0.659744 -0 -1
0 282.663269 187.267380 -380.863159 0.659744 1 -1
0 257.774658 294.014984 -337.754822 0.891348 1 -1
0 75.692581 444.555878 -253.812531 0.891348 0 -1
0 120.806076 368.846436 -331.951385 0.659744 -0 -1
0 221.019608 368.846436 -274.093079 0.659744 1 -1
0 175.906082 444.555878 -195.954239 0.891348 1 -1
0 -61.354618 88.380264 -506.166595 0.891348 0 -1
0 -61.354618 -29.402683 -506.166595 0.659744 -0 -1
0 54.361984 -29.402683 -506.166595 0.659744 1 -1
0 54.361984 88.380264 -506.166595 0.891348 1 -1
1 -61.354599 -133.815552 -496.093781 0.891348 0 -1
1 -61.354588 -240.563156 -446.316620 0.659744 -0 -1
1 54.362034 -240.563156 -446.316559 0.659744 1 -1
1 54.362034 -133.815552 -496.093781 0.891348 1 -1
0 -61.354614 294.014984 -421.391571 0.891348 0 -1
0 -61.354614 187.267380 -471.168793 0.659744 -0 -1
0 54.361988 187.267380 -471.168793 0.659744 1 -1
0 54.361988 294.014984 -421.391571 0.891348 1 -1
0 -61.354568 444.555878 -257.654388 0.891348 0 -1
0 -61.354565 368.846436 -347.881378 0.659744 -0 -1
0 54.362053 368.846436 -347.881378 0.659744 1 -1
0 54.362015 444.555878 -257.654388 0.891348 1 -1
0 -306.217957 88.380264 -407.675812 0.891348 0 -1
0 -306.217957 -29.402683 -407.675812 0.659744 -0 -1
0 -206.004440 -29.402683 -465.534119 0.659744 1 -1
0 -206.004440 88.380264 -465.534119 0.891348 1 -1
0 -301.181519 -133.815552 -398.952515 0.891348 0 -1
0 -276.292938 -240.563156 -355.844238 0.659744 -0 -1
0 -176.079376 -240.563156 -413.702484 0.659744 1 -1
0 -200.967987 -133.815552 -456.810822 0.891348 1 -1
0 -263.830444 294.014984 -334.258484 0.891348 0 -1
0 -288.719055 187.267380 -377.366821 0.659744 -0 -1
0 -188.505539 187.267380 -435.225128 0.659744 1 -1
0 -163.616928 294.014984 -392.116791 0.891348 1 -1
0 -181.961807 444.555878 -192.457962 0.891348 0 -1
0 -227.075302 368.846436 -270.596832 0.659744 -0 -1
0 -126.861771 368.846436 -328.455139 0.659744 1 -1
0 -81.748306 444.555878 -250.316254 0.891348 1 -1
0 -469.030426 88.380264 -199.948624 0.891348 0 -1
0 -469.030426 -29.402683 -199.948624 0.659744 -0 -1
0 -411.172150 -29.402683 -300.162140 0.659744 1 -1
0 -411.172150 88.380264 -300.162140 0.891348 1 -1
0 -460.307098 -133.815552 -194.912247 0.891348 0 -1
0 -417.198822 -240.563156 -170.023682 0.659744 -0 -1
0 -359.340454 -240.563156 -270.237152 0.659744 1 -1
0 -402.448792 -133.815552 -295.125763 0.891348 1 -1
0 -395.613098 294.014984 -157.561111 0.891348 0 -1
0 -438.721436 187.267380 -182.449722 0.659744 -0 -1
0 -380.863159 187.267380 -282.663239 0.659744 1 -1
0 -337.754822 294.014984 -257.774628 0.891348 1 -1
0 -253.812531 444.555878 -75.692581 0.891348 0 -1
0 -331.951385 368.846436 -120.806076 0.659744 -0 -1
0 -274.093079 368.846436 -221.019608 0.659744 1 -1
0 -195.954239 444.555878 -175.906082 0.891348 1 -1
74
1 0 0
0.906308 0.422618 0
0.906308 -0.422618 0
0.642788 -0.766044 0
0.866025 0 -0.500000
0.784886 0.422618 -0.453154
0.784886 -0.422618 -0.453154
0.556670 -0.766044 -0.321394
0.500000 0 -0.866025
0.453154 0.422618 -0.784886
0.453154 -0.422618 -0.784886
0.321394 -0.766044 -0.556670
0.321394 -0.766044 -0.556670
0.321394 -0.766044 -0.556670
0 0 -1
0 0.422618 -0.906308
0 -0.422618 -0.906308
0 -0.766044 -0.642788
0 -0.766044 -0.642788
-0.500000 0 -0.866025
-0.453154 0.422618 -0.784886
-0.453154 -0.422618 -0.784886
-0.321394 -0.766044 -0.556670
-0.321394 -0.766044 -0.556670
-0.866025 0 -0.500000
-0.784886 0.422618 -0.453154
-0.784886 0.422618 -0.453154
-0.784886 0.422618 -0.453154
-0.784886 -0.422618 -0.453154
-0.556670 -0.766044 -0.321394
-0.556670 -0.766044 -0.321394
-0.556670 -0.766044 -0.321394
-1 0 0
-0.906308 0.422618 -0
-0.906308 0.422618 -0
-0.906308 0.422618 0
-0.906308 -0.422618 0
-0.642788 -0.766044 0
-0.642788 -0.766044 0
-0.866025 0 0.500000
-0.784886 0.422618 0.453154
-0.784886 0.422618 0.453154
-0.784886 0.422618 0.453154
-0.784886 -0.422618 0.453154
-0.556670 -0.766044 0.321394
-0.556670 -0.766044 0.321394
-0.500000 0 0.866025
-0.453154 0.422618 0.784885
-0.453154 0.422618 0.784885
-0.453154 0.422618 0.784886
-0.453154 -0.422618 0.784886
-0.321394 -0.766044 0.556670
-0.321394 -0.766044 0.556670
0 0 1
-0 0.422618 0.906308
-0 0.422618 0.906308
0 0.422618 0.906308
0 -0.422618 0.906308
0 -0.766044 0.642788
0 -0.766044 0.642788
0.500000 0 0.866025
0.453154 0.422618 0.784886
0.453154 0.422618 0.784886
0.453154 0.422618 0.784886
0.453154 -0.422618 0.784886
0.321394 -0.766044 0.556670
0.321394 -0.766044 0.556670
0.866026 0 0.500000
0.784886 0.422618 0.453154
0.784885 0.422618 0.453155
0.784886 0.422618 0.453154
0.784886 -0.422618 0.453154
0.556670 -0.766044 0.321394
0.556670 -0.766044 0.321394
96
0 0 1 2 0 0 0 1
0 0 2 3 0 0 0 1
0 4 5 6 1 1 1 1
0 4 6 7 1 1 1 1
0 8 9 10 2 2 2 1
0 8 10 11 2 2 2 1
0 12 13 14 3 3 3 1
0 12 14 15 3 3 3 1
0 16 17 18 4 4 4 1
0 16 18 19 4 4 4 1
0 20 21 22 5 5 5 1
0 20 22 23 5 5 5 1
0 24 25 26 6 6 6 1
0 24 26 27 6 6 6 1
0 28 29 30 7 7 7 1
0 28 30 31 7 7 7 1
0 32 33 34 8 8 8 1
0 32 34 35 8 8 8 1
0 36 37 38 9 9 9 1
0 36 38 39 9 9 9 1
0 40 41 42 10 10 10 1
0 40 42 43 10 10 10 1
0 44 45 46 11 12 11 1
0 44 46 47 11 11 13 1
0 48 49 50 14 14 14 1
0 48 50 51 14 14 14 1
0 52 53 54 15 15 15 1
0 52 54 55 15 15 15 1
0 56 57 58 16 16 16 1
0 56 58 59 16 16 16 1
0 60 61 62 17 18 17 1
0 60 62 63 17 17 17 1
0 64 65 66 19 19 19 1
0 64 66 67 19 19 19 1
0 68 69 70 20 20 20 1
0 68 70 71 20 20 20 1
0 72 73 74 21 21 21 1
0 72 74 75 21 21 21 1
0 76 77 78 22 22 22 1
0 76 78 79 22 22 23 1
0 80 81 82 24 24 24 1
0 80 82 83 24 24 24 1
0 84 85 86 25 26 25 1
0 84 86 87 25 25 27 1
0 88 89 90 28 28 28 1
0 88 90 91 28 28 28 1
0 92 93 94 29 30 29 1
0 92 94 95 29 29 31 1
0 96 97 98 32 32 32 1
0 96 98 99 32 32 32 1
0 100 101 102 33 34 33 1
0 100 102 103 33 33 35 1
0 104 105 106 36 36 36 1
0 104 106 107 36 36 36 1
0 108 109 110 37 38 37 1
0 108 110 111 37 37 37 1
0 112 113 114 39 39 39 1
0 112 114 115 39 39 39 1
0 116 117 118 40 41 40 1
0 116 118 119 40 40 42 1
0 120 121 122 43 43 43 1
0 120 122 123 43 43 43 1
0 124 125 126 44 44 44 1
0 124 126 127 44 44 45 1
0 128 129 130 46 46 46 1
0 128 130 131 46 46 46 1
0 132 133 134 47 48 47 1
0 132 134 135 47 47 49 1
0 136 137 138 50 50 50 1
0 136 138 139 50 50 50 1
0 140 141 142 51 52 51 1
0 140 142 143 51 51 51 1
0 144 145 146 53 53 53 1
0 144 146 147 53 53 53 1
0 148 149 150 54 55 54 1
0 148 150 151 54 54 56 1
0 152 153 154 57 57 57 1
0 152 154 155 57 57 57 1
0 156 157 158 58 59 58 1
0 156 158 159 58 58 58 1
0 160 161 162 60 60 60 1
0 160 162 163 60 60 60 1
0 164 165 166 61 62 61 1
0 164 166 167 61 61 63 1
0 168 169 170 64 64 64 1
0 168 170 171 64 64 64 1
0 172 173 174 65 65 65 1
0 172 174 175 65 65 66 1
0 176 177 178 67 67 67 1
0 176 178 179 67 67 67 1
0 180 181 182 68 69 68 1
0 180 182 183 68 68 70 1
0 184 185 186 71 71 71 1
0 184 186 187 71 71 71 1
0 188 189 190 72 73 72 1
0 188 190 191 72 72 72 1

Materials: 1
"TEXT"
0.200000 0.200000 0.200000 0.610000
0.800000 0.800000 0.800000 0.610000
0 0 0 0.610000
1 1 1 0.610000
0
0.610000
"TEXT.ini"
""

Bones: 0
GroupComments: 0
MaterialComments: 0
BoneComments: 0
ModelComment: 0
