// MilkShape 3D ASCII

Frames: 30
Frame: 1

Meshes: 1
"CIRCLE" 0 0
12
0 -387.818298 -0.666504 -119.528862 0 0 -1
0 -387.818298 -90.333496 -119.528862 0 1 -1
0 -404.927551 -90.333496 -31.509239 1 1 -1
0 -404.927551 -0.666504 -31.509239 1 0 -1
0 -378.255707 147.333496 -194.012772 0 0 -1
0 -378.255707 57.666504 -194.012772 0 1 -1
0 -413.291168 57.666504 -111.473701 1 1 -1
0 -413.291168 147.333496 -111.473701 1 0 -1
0 -286.308136 73.333496 -287.607697 0 0 -1
0 -286.308136 -16.333496 -287.607697 0 1 -1
0 -342.737549 -16.333496 -217.923141 1 1 -1
0 -342.737549 73.333496 -217.923141 1 0 -1
3
-0.981627 0 -0.190809
-0.920506 0 -0.390728
-0.777146 0 -0.629320
6
0 0 1 2 0 0 0 1
0 0 2 3 0 0 0 1
0 4 5 6 1 1 1 1
0 4 6 7 1 1 1 1
0 8 9 10 2 2 2 1
0 8 10 11 2 2 2 1

Materials: 1
"CIRCLE"
0.200000 0.200000 0.200000 0.630000
0.800000 0.800000 0.800000 0.630000
0 0 0 0.630000
1 1 1 0.630000
0
0.630000
"CIRCLE.png"
""

Bones: 0
GroupComments: 0
MaterialComments: 0
BoneComments: 0
ModelComment: 0
