// MilkShape 3D ASCII

Frames: 480
Frame: 1

Meshes: 1
"GLOWING_TILES_ON" 0 0
266
0 -46.517609 -91.582932 -43.148125 0.996928 0.003339 -1
0 -30.522850 -91.582932 -43.148132 0.001211 0.001782 -1
0 -46.517593 -91.582947 -26.418568 0.996559 0.996756 -1
0 -30.522835 -91.582947 -26.418560 0.002840 0.996800 -1
0 37.182034 -74.856270 22.654438 0.996928 0.003339 -1
0 20.277725 -74.856277 22.654434 0.001211 0.001782 -1
0 37.182083 -74.856270 7.296297 0.996559 0.996756 -1
0 20.277731 -74.856270 7.296295 0.002840 0.996800 -1
0 20.277754 -91.582932 -43.148121 0.996928 0.003339 -1
0 3.452417 -91.582924 -43.148117 0.001211 0.001782 -1
0 20.277760 -91.582924 -59.305889 0.996559 0.996756 -1
0 3.452423 -91.582924 -59.305866 0.002840 0.996800 -1
0 71.054428 -41.922390 22.654469 0.996928 0.003339 -1
0 54.386406 -41.922352 22.654469 0.001211 0.001782 -1
0 71.054382 -41.922359 7.296302 0.996559 0.996756 -1
0 54.386436 -41.922314 7.296302 0.002840 0.996800 -1
0 3.452423 -91.582947 22.654430 0.002840 0.996800 -1
0 3.452427 -91.582962 39.247784 0.996559 0.996756 -1
0 -13.601543 -91.582947 22.654423 0.001211 0.001782 -1
0 -13.601513 -91.582962 39.247784 0.996928 0.003339 -1
0 3.452427 -91.582962 39.247784 0.001211 0.001782 -1
0 -13.601507 -91.582970 56.355232 0.996559 0.996756 -1
0 3.452431 -91.582970 56.355240 0.002840 0.996800 -1
0 37.182606 -91.582932 -43.148140 0.996928 0.003339 -1
0 37.182487 -91.582947 -26.418568 0.001211 0.001782 -1
0 20.277754 -91.582932 -43.148121 0.996559 0.996756 -1
0 20.277760 -91.582947 -26.418568 0.002840 0.996800 -1
0 -13.602583 -41.922428 56.355270 0.996928 0.003339 -1
0 3.452191 -41.922459 56.355270 0.001211 0.001782 -1
0 -13.602547 -41.922443 72.477386 0.996559 0.996756 -1
0 3.452196 -41.922474 72.477409 0.002840 0.996800 -1
0 -46.517673 -74.856262 7.296292 0.996928 0.003339 -1
0 -46.517662 -74.856270 22.654423 0.001211 0.001782 -1
0 -63.354530 -74.856270 7.296295 0.996559 0.996756 -1
0 71.054382 -41.922359 7.296302 0.996928 0.003339 -1
0 54.386436 -41.922314 7.296302 0.001211 0.001782 -1
0 71.054321 -41.922329 -9.159828 0.996559 0.996756 -1
0 54.386463 -41.922291 -9.159828 0.002840 0.996800 -1
0 3.452326 -74.856277 56.355247 0.996928 0.003339 -1
0 20.277725 -74.856285 56.355259 0.001211 0.001782 -1
0 3.452322 -74.856285 72.477287 0.996559 0.996756 -1
0 20.277725 -74.856285 72.477303 0.002840 0.996800 -1
0 -30.522797 -91.582947 -9.159851 0.996928 0.003339 -1
0 -13.601582 -91.582947 -9.159851 0.001211 0.001782 -1
0 -30.522781 -91.582947 7.296288 0.996559 0.996756 -1
0 -13.601547 -91.582947 7.296288 0.002840 0.996800 -1
0 3.452431 -91.582970 56.355240 0.996928 0.003339 -1
0 20.277754 -91.582970 56.355240 0.996559 0.996756 -1
0 20.277754 -91.582962 39.247787 0.002840 0.996800 -1
0 -46.517582 -91.582947 -9.159851 0.996928 0.003339 -1
0 -30.522797 -91.582947 -9.159851 0.001211 0.001782 -1
0 -46.517578 -91.582947 7.296288 0.996559 0.996756 -1
0 -30.522781 -91.582947 7.296288 0.002840 0.996800 -1
0 20.277725 -74.856285 72.477303 0.996928 0.003339 -1
0 37.181740 -74.856285 72.477303 0.996559 0.996756 -1
0 37.181862 -74.856285 56.355259 0.002840 0.996800 -1
0 71.054489 -41.922359 39.247803 0.996928 0.003339 -1
0 54.386383 -41.922382 39.247799 0.001211 0.001782 -1
0 71.054428 -41.922390 22.654469 0.996559 0.996756 -1
0 54.386406 -41.922352 22.654469 0.002840 0.996800 -1
0 20.277760 -91.582947 -26.418568 0.996928 0.003339 -1
0 3.452424 -91.582947 -26.418568 0.001211 0.001782 -1
0 3.452417 -91.582924 -43.148117 0.002840 0.996800 -1
0 -63.354462 -74.856270 -9.159857 0.996928 0.003339 -1
0 -46.517693 -74.856262 -9.159838 0.001211 0.001782 -1
0 -46.517673 -74.856262 7.296292 0.002840 0.996800 -1
0 54.386189 -58.507034 39.247791 0.996928 0.003339 -1
0 37.182045 -58.507034 39.247791 0.001211 0.001782 -1
0 54.386208 -58.507034 22.654446 0.996559 0.996756 -1
0 37.182171 -58.507034 22.654446 0.002840 0.996800 -1
0 -46.517696 -74.856262 -26.418575 0.996928 0.003339 -1
0 -63.354355 -74.856262 -26.418575 0.996559 0.996756 -1
0 -63.354462 -74.856270 -9.159857 0.002840 0.996800 -1
0 -46.517578 -91.582947 7.296288 0.996928 0.003339 -1
0 -30.522781 -91.582947 7.296288 0.001211 0.001782 -1
0 -46.517563 -91.582947 22.654415 0.996559 0.996756 -1
0 -30.522747 -91.582947 22.654423 0.002840 0.996800 -1
0 37.182514 -74.856255 -59.305874 0.996928 0.003339 -1
0 37.182396 -74.856262 -43.148129 0.001211 0.001782 -1
0 20.277731 -74.856255 -59.305859 0.996559 0.996756 -1
0 20.277731 -74.856262 -43.148136 0.002840 0.996800 -1
0 -30.522884 -91.582924 -59.305874 0.996928 0.003339 -1
0 -46.517616 -91.582924 -59.305866 0.996559 0.996756 -1
0 -46.517609 -91.582932 -43.148125 0.002840 0.996800 -1
0 54.386208 -58.507034 22.654446 0.996928 0.003339 -1
0 37.182171 -58.507034 22.654446 0.001211 0.001782 -1
0 54.386230 -58.507019 7.296301 0.996559 0.996756 -1
0 37.182297 -58.507019 7.296298 0.002840 0.996800 -1
0 -63.354675 -74.856270 22.654423 0.996928 0.003339 -1
0 -63.354530 -74.856270 7.296295 0.001211 0.001782 -1
0 -46.517662 -74.856270 22.654423 0.996559 0.996756 -1
0 -46.517662 -74.856270 22.654423 0.996928 0.003339 -1
0 -46.517651 -74.856277 39.247780 0.001211 0.001782 -1
0 -63.354240 -74.856270 22.654430 0.996559 0.996756 -1
0 -63.354324 -74.856277 39.247780 0.002840 0.996800 -1
0 -80.790665 -41.920826 22.654434 0.996559 0.996756 -1
0 -63.355583 -41.920826 7.296309 0.001211 0.001782 -1
0 -63.355728 -41.920826 22.654434 0.002840 0.996800 -1
0 -80.790558 -41.920826 7.296355 0.996928 0.003339 -1
0 -63.355515 -41.920818 -9.160826 0.001211 0.001782 -1
0 -80.790619 -41.920818 -9.160820 0.002840 0.996800 -1
0 -80.786346 -41.922352 -26.418564 0.996559 0.996756 -1
0 -63.352562 -41.922352 -26.418564 0.996928 0.003339 -1
0 -80.790558 -41.920826 7.296355 0.002840 0.996800 -1
0 -80.790619 -41.920818 -9.160820 0.996559 0.996756 -1
0 -63.355515 -41.920818 -9.160826 0.996928 0.003339 -1
0 -46.517971 -41.922337 -43.148117 0.996928 0.003339 -1
0 -46.517948 -41.922352 -26.418556 0.001211 0.001782 -1
0 -63.354843 -41.922337 -43.148125 0.996559 0.996756 -1
0 -63.352562 -41.922352 -26.418564 0.002840 0.996800 -1
0 54.386383 -41.922359 39.247803 0.996928 0.003339 -1
0 71.054489 -41.922359 39.247803 0.001211 0.001782 -1
0 54.386360 -41.922367 56.356655 0.996559 0.996756 -1
0 71.054321 -41.922367 56.356632 0.002840 0.996800 -1
0 -13.604637 -25.508816 39.247803 0.996928 0.003339 -1
0 -13.604712 -25.508808 56.356659 0.001211 0.001782 -1
0 -30.523781 -25.501602 39.247810 0.996559 0.996756 -1
0 -30.529659 -25.508816 56.356651 0.002840 0.996800 -1
0 37.183727 -25.499771 -75.824135 0.996928 0.003339 -1
0 37.183731 -25.499794 -59.305851 0.001211 0.001782 -1
0 20.277731 -25.499771 -75.824142 0.996559 0.996756 -1
0 20.277719 -25.499794 -59.305843 0.002840 0.996800 -1
0 -46.517906 -41.927532 -59.305874 0.996928 0.003339 -1
0 -46.517971 -41.922337 -43.148117 0.001211 0.001782 -1
0 -63.354584 -41.927532 -59.305874 0.996559 0.996756 -1
0 -63.354744 -41.922337 -43.148129 0.002840 0.996800 -1
0 -46.517197 -58.507034 39.247787 0.996928 0.003339 -1
0 -30.523582 -58.507034 39.247791 0.001211 0.001782 -1
0 -46.517181 -58.507034 56.354965 0.996559 0.996756 -1
0 -30.523567 -58.507034 56.354965 0.002840 0.996800 -1
0 -63.355728 -41.920826 22.654434 0.996928 0.003339 -1
0 -63.355812 -41.919395 39.246635 0.001211 0.001782 -1
0 -80.790894 -41.919395 39.246632 0.002840 0.996800 -1
0 -46.517593 105.755165 -43.148071 0.996928 0.003339 -1
0 -30.522850 105.755119 -43.148067 0.001211 0.001782 -1
0 -46.517601 105.755142 -26.418507 0.996559 0.996756 -1
0 -30.522839 105.755142 -26.418499 0.002840 0.996800 -1
0 37.182030 89.028397 22.654484 0.996928 0.003339 -1
0 20.277719 89.028412 22.654480 0.001211 0.001782 -1
0 37.182079 89.028404 7.296346 0.996559 0.996756 -1
0 20.277725 89.028404 7.296342 0.002840 0.996800 -1
0 20.277748 105.755142 -43.148067 0.996928 0.003339 -1
0 3.452415 105.755142 -43.148045 0.001211 0.001782 -1
0 20.277748 105.755157 -59.305828 0.996559 0.996756 -1
0 3.452415 105.755127 -59.305813 0.002840 0.996800 -1
0 71.054413 56.094212 22.654499 0.996928 0.003339 -1
0 54.386414 56.094143 22.654488 0.001211 0.001782 -1
0 71.054382 56.094181 7.296329 0.996559 0.996756 -1
0 54.386436 56.094135 7.296331 0.002840 0.996800 -1
0 3.452419 105.755096 22.654488 0.002840 0.996800 -1
0 3.452419 105.755119 39.247849 0.996559 0.996756 -1
0 -13.601547 105.755119 22.654480 0.001211 0.001782 -1
0 -13.601513 105.755119 39.247837 0.996928 0.003339 -1
0 3.452419 105.755119 39.247849 0.001211 0.001782 -1
0 -13.601513 105.755112 56.355305 0.996559 0.996756 -1
0 3.452435 105.755112 56.355305 0.002840 0.996800 -1
0 37.182602 105.755142 -43.148067 0.996928 0.003339 -1
0 37.182480 105.755119 -26.418499 0.001211 0.001782 -1
0 20.277748 105.755142 -43.148067 0.996559 0.996756 -1
0 20.277754 105.755142 -26.418510 0.002840 0.996800 -1
0 -13.602583 56.094212 56.355309 0.996928 0.003339 -1
0 3.452185 56.094219 56.355309 0.001211 0.001782 -1
0 -13.602547 56.094227 72.477402 0.996559 0.996756 -1
0 3.452199 56.094234 72.477440 0.002840 0.996800 -1
0 -46.517685 89.028412 7.296349 0.996928 0.003339 -1
0 -46.517662 89.028412 22.654469 0.001211 0.001782 -1
0 -63.354523 89.028412 7.296348 0.996559 0.996756 -1
0 71.054382 56.094181 7.296329 0.996928 0.003339 -1
0 54.386436 56.094135 7.296331 0.001211 0.001782 -1
0 71.054321 56.094143 -9.159796 0.996559 0.996756 -1
0 54.386459 56.094112 -9.159800 0.002840 0.996800 -1
0 3.452325 89.028397 56.355301 0.996928 0.003339 -1
0 20.277731 89.028412 56.355324 0.001211 0.001782 -1
0 3.452322 89.028389 72.477333 0.996559 0.996756 -1
0 20.277731 89.028389 72.477371 0.002840 0.996800 -1
0 -30.522797 105.755112 -9.159792 0.996928 0.003339 -1
0 -13.601589 105.755127 -9.159784 0.001211 0.001782 -1
0 -30.522781 105.755127 7.296343 0.996559 0.996756 -1
0 -13.601553 105.755127 7.296346 0.002840 0.996800 -1
0 3.452435 105.755112 56.355305 0.996928 0.003339 -1
0 20.277748 105.755112 56.355293 0.996559 0.996756 -1
0 20.277754 105.755142 39.247845 0.002840 0.996800 -1
0 -46.517582 105.755127 -9.159796 0.996928 0.003339 -1
0 -30.522797 105.755112 -9.159792 0.001211 0.001782 -1
0 -46.517570 105.755127 7.296345 0.996559 0.996756 -1
0 -30.522781 105.755127 7.296343 0.002840 0.996800 -1
0 20.277731 89.028389 72.477371 0.996928 0.003339 -1
0 37.181740 89.028404 72.477371 0.996559 0.996756 -1
0 37.181854 89.028397 56.355309 0.002840 0.996800 -1
0 71.054489 56.094158 39.247826 0.996928 0.003339 -1
0 54.386383 56.094181 39.247822 0.001211 0.001782 -1
0 71.054413 56.094212 22.654499 0.996559 0.996756 -1
0 54.386414 56.094143 22.654488 0.002840 0.996800 -1
0 20.277754 105.755142 -26.418510 0.996928 0.003339 -1
0 3.452419 105.755142 -26.418507 0.001211 0.001782 -1
0 3.452415 105.755142 -43.148045 0.002840 0.996800 -1
0 -63.354454 89.028412 -9.159796 0.996928 0.003339 -1
0 -46.517696 89.028404 -9.159790 0.001211 0.001782 -1
0 -46.517685 89.028412 7.296349 0.002840 0.996800 -1
0 54.386185 72.679161 39.247833 0.996928 0.003339 -1
0 37.182037 72.679169 39.247833 0.001211 0.001782 -1
0 54.386200 72.679169 22.654484 0.996559 0.996756 -1
0 37.182167 72.679153 22.654480 0.002840 0.996800 -1
0 -46.517700 89.028412 -26.418518 0.996928 0.003339 -1
0 -63.354347 89.028419 -26.418530 0.996559 0.996756 -1
0 -63.354454 89.028412 -9.159796 0.002840 0.996800 -1
0 -46.517570 105.755127 7.296345 0.996928 0.003339 -1
0 -30.522781 105.755127 7.296343 0.001211 0.001782 -1
0 -46.517570 105.755119 22.654476 0.996559 0.996756 -1
0 -30.522758 105.755119 22.654484 0.002840 0.996800 -1
0 37.182503 89.028442 -59.305805 0.996928 0.003339 -1
0 37.182388 89.028427 -43.148079 0.001211 0.001782 -1
0 20.277725 89.028419 -59.305805 0.996559 0.996756 -1
0 20.277731 89.028435 -43.148090 0.002840 0.996800 -1
0 -30.522888 105.755173 -59.305813 0.996928 0.003339 -1
0 -46.517616 105.755173 -59.305813 0.996559 0.996756 -1
0 -46.517593 105.755165 -43.148071 0.002840 0.996800 -1
0 54.386200 72.679169 22.654484 0.996928 0.003339 -1
0 37.182167 72.679153 22.654480 0.001211 0.001782 -1
0 54.386230 72.679169 7.296342 0.996559 0.996756 -1
0 37.182289 72.679169 7.296335 0.002840 0.996800 -1
0 -63.354675 89.028412 22.654472 0.996928 0.003339 -1
0 -63.354523 89.028412 7.296348 0.001211 0.001782 -1
0 -46.517662 89.028412 22.654469 0.996559 0.996756 -1
0 -46.517662 89.028412 22.654472 0.996928 0.003339 -1
0 -46.517651 89.028389 39.247833 0.001211 0.001782 -1
0 -63.354225 89.028412 22.654472 0.996559 0.996756 -1
0 -63.354324 89.028404 39.247833 0.002840 0.996800 -1
0 -80.790649 56.092632 22.654461 0.996559 0.996756 -1
0 -63.355568 56.092632 7.296342 0.001211 0.001782 -1
0 -63.355721 56.092640 22.654461 0.002840 0.996800 -1
0 -80.790558 56.092648 7.296388 0.996928 0.003339 -1
0 -63.355507 56.092632 -9.160795 0.001211 0.001782 -1
0 -80.790604 56.092632 -9.160782 0.002840 0.996800 -1
0 -80.786331 56.094173 -26.418545 0.996559 0.996756 -1
0 -63.352554 56.094173 -26.418533 0.996928 0.003339 -1
0 -80.790558 56.092648 7.296388 0.002840 0.996800 -1
0 -80.790604 56.092632 -9.160782 0.996559 0.996756 -1
0 -63.355515 56.092632 -9.160793 0.996928 0.003339 -1
0 -46.517975 56.094181 -43.148090 0.996928 0.003339 -1
0 -46.517952 56.094166 -26.418533 0.001211 0.001782 -1
0 -63.354843 56.094181 -43.148102 0.996559 0.996756 -1
0 -63.352554 56.094173 -26.418533 0.002840 0.996800 -1
0 54.386372 56.094143 39.247826 0.996928 0.003339 -1
0 71.054489 56.094158 39.247826 0.001211 0.001782 -1
0 54.386353 56.094166 56.356697 0.996559 0.996756 -1
0 71.054306 56.094151 56.356674 0.002840 0.996800 -1
0 -13.604649 39.680344 39.247818 0.996928 0.003339 -1
0 -13.604712 39.680313 56.356678 0.001211 0.001782 -1
0 -30.523781 39.673126 39.247826 0.996559 0.996756 -1
0 -30.529663 39.680328 56.356667 0.002840 0.996800 -1
0 37.183716 39.671371 -75.824104 0.996928 0.003339 -1
0 37.183723 39.671371 -59.305828 0.001211 0.001782 -1
0 20.277719 39.671379 -75.824120 0.996559 0.996756 -1
0 20.277702 39.671371 -59.305836 0.002840 0.996800 -1
0 -46.517921 56.099377 -59.305828 0.996928 0.003339 -1
0 -46.517975 56.094181 -43.148090 0.001211 0.001782 -1
0 -63.354584 56.099369 -59.305843 0.996559 0.996756 -1
0 -63.354744 56.094166 -43.148106 0.002840 0.996800 -1
0 -46.517212 72.679169 39.247826 0.996928 0.003339 -1
0 -30.523590 72.679138 39.247833 0.001211 0.001782 -1
0 -46.517181 72.679138 56.355007 0.996559 0.996756 -1
0 -30.523571 72.679138 56.355007 0.002840 0.996800 -1
0 -63.355721 56.092640 22.654461 0.996928 0.003339 -1
0 -63.355804 56.091187 39.246658 0.001211 0.001782 -1
0 -80.790894 56.091187 39.246655 0.002840 0.996800 -1
185
-0 -1 -0.000001
-0 -1 -0.000001
-0 -1 -0.000001
0 -1 -0.000001
0 -1 0
0 -1 -0
0 -1 -0
-0 -1 -0
-0 -1 -0
0 -1 0
-0.000002 -1 -0.000002
-0.000003 -1 -0.000002
-0.000003 -1 -0.000002
0 -1 -0.000001
0 -1 -0.000001
0 -1 -0.000001
0 -1 -0
0 -1 -0
0 -1 -0
-0 -1 -0.000001
-0 -1 -0.000001
-0 -1 -0.000001
0 -1 -0.000001
-0.000002 -1 -0.000001
-0.000002 -1 -0.000001
-0.000002 -1 -0.000001
0 -1 -0
0 -1 -0
-0.000003 -1 -0.000002
-0.000003 -1 -0.000002
-0.000002 -1 -0.000001
-0 -1 -0
-0 -1 -0
-0 -1 -0
0 -1 -0
0 -1 -0
0 -1 -0
0.000001 -1 0.000002
-0 -1 -0
-0.000002 -1 -0.000002
-0 -1 -0.000001
-0 -1 -0.000001
0 -1 0
0 -1 -0
0 -1 -0
0 -1 -0
0 -1 -0
-0 -1 -0
-0 -1 -0
0 -1 -0
-0 -1 -0
-0 -1 -0
-0 -1 -0
0 -1 -0.000001
0 -1 -0.000001
0 -1 -0.000001
-0 -1 -0
-0 -1 -0
0 -1 -0
-0 -1 0.000043
-0 -1 -0
0 -1 0.000089
0 -1 0.000089
0 -1 0.000089
-0 -1 -0
-0 -1 -0
-0 -1 -0
0 -1 -0.000001
0 -1 -0.000001
0 -1 -0.000001
0 -1 -0
-0 -1 -0
-0 -1 -0
-0.000426 -1 0
-0.000213 -1 -0.000211
0 -1 -0.000422
0 -1 -0.000001
0 -1 -0.000001
-0 -1 -0.000001
0 -1 0.000322
-0 -1 0.000322
-0 -1 0.000322
0 -1 0.000086
-0 -1 0.000086
-0 -1 0.000086
-0.000003 -1 -0.000001
-0.000001 -1 -0.000001
-0.000001 -1 -0
-0 -1 0.000001
-0.000001 -1 -0
-0 -1 -0
-0 -1 0
-0 -1 -0.000001
0.000001 -1 -0
0.000002 -1 0.000001
0.000004 -1 0.000002
0.000003 -1 0.000001
0.000003 -1 0
-0.000001 -1 0.000001
-0.000001 -1 0.000001
0 -1 -0
0 -1 -0.000001
0 -1 -0
0 -1 -0.000001
-0.000001 -1 -0.000001
-0 -1 -0
-0.000001 -1 0
0 -1 0.000001
0 -1 0.000001
0 -1 0.000001
-0 -1 0
0.000003 -1 0.000002
0.000002 -1 0.000002
0.000002 -1 0.000001
0.000001 -1 -0
0 -1 -0.000001
0 -1 -0.000001
0 -1 -0.000001
0.000001 -1 0.000001
0 -1 0
-0 -1 -0
0.000001 -1 -0.000001
0.000001 -1 -0.000002
-0.000001 -1 0
-0 -1 0
0 -1 0.000001
0.000001 -1 -0.000001
0 -1 -0
-0.000001 -1 0
-0.000001 -1 -0.000003
0.000001 -1 -0
0.000004 -1 0.000002
-0 -1 -0
-0 -1 -0
0 -1 0
-0 -1 -0
0 -1 0
0.000001 -1 0.000001
-0 -1 -0
-0 -1 -0
-0 -1 -0
-0 -1 -0
0 -1 -0
0 -1 -0
0.000001 -1 -0.000001
0 -1 0
-0 -1 0.000001
0 -1 -0.000003
-0.000001 -1 -0.000002
-0.000003 -1 -0
0.000001 -1 0
0 -1 -0
0 -1 -0.000001
0 -1 -0.000001
-0 -1 -0.000001
-0.000001 -1 -0
0 -1 -0.000044
-0 -1 0
0 -1 0
-0.000001 -1 -0.000001
-0 -1 -0.000089
-0 -1 -0.000089
0 -1 -0.000089
-0.000001 -1 0.000001
-0 -1 0
0 -1 -0.000001
-0 -1 -0.000001
-0 -1 -0
0.000001 -1 0.000001
-0 -1 0
-0.000001 -1 -0
0.000427 -1 -0.000002
0.000213 -1 0.000210
-0.000001 -1 0.000421
-0 -1 0
-0 -1 -0
0 -1 -0
0 -1 -0.000322
0.000001 -1 -0.000322
0.000001 -1 -0.000322
-0.000002 -1 -0.000002
-0.000001 -1 -0.000001
0 -1 -0.000088
0 -1 -0.000087
0 -1 -0.000087
140
0 0 1 2 0 1 2 1
0 2 1 3 2 1 3 1
0 4 5 6 4 5 5 1
0 5 7 6 5 6 5 1
0 8 9 10 7 8 8 1
0 9 11 10 8 9 8 1
0 12 13 14 10 11 11 1
0 13 15 14 11 12 11 1
0 16 17 18 13 14 14 1
0 18 17 19 14 14 15 1
0 19 20 21 15 16 17 1
0 21 20 22 17 16 18 1
0 23 24 25 19 20 21 1
0 24 26 25 20 22 21 1
0 27 28 29 23 24 24 1
0 28 30 29 24 25 24 1
0 31 32 33 26 26 27 1
0 34 35 36 28 29 29 1
0 35 37 36 29 30 29 1
0 38 39 40 31 32 33 1
0 40 39 41 33 32 9 1
0 42 43 44 9 9 9 1
0 43 45 44 9 9 9 1
0 46 20 47 34 16 35 1
0 20 48 47 16 36 35 1
0 49 50 51 9 9 9 1
0 50 52 51 9 9 9 1
0 53 39 54 9 32 9 1
0 39 55 54 32 9 9 1
0 56 57 58 37 38 38 1
0 57 59 58 38 39 38 1
0 60 61 25 22 40 21 1
0 61 62 25 40 41 21 1
0 63 64 33 42 43 27 1
0 33 64 65 27 43 44 1
0 66 67 68 9 9 9 1
0 67 69 68 9 9 9 1
0 70 64 71 9 43 45 1
0 64 72 71 43 46 45 1
0 73 74 75 9 9 9 1
0 74 76 75 9 9 9 1
0 77 78 79 47 48 48 1
0 78 80 79 48 49 48 1
0 81 1 82 50 1 51 1
0 1 83 82 1 52 51 1
0 84 85 86 53 54 54 1
0 85 87 86 54 55 54 1
0 88 89 90 9 9 9 1
0 91 92 93 56 57 57 1
0 92 94 93 57 58 57 1
0 95 96 97 59 60 9 1
0 98 96 95 9 60 59 1
0 99 100 101 61 62 61 1
0 102 99 101 63 61 61 1
0 96 103 104 60 64 65 1
0 105 96 104 66 60 65 1
0 106 107 108 67 68 68 1
0 107 109 108 68 69 68 1
0 110 111 112 70 71 71 1
0 112 111 113 71 71 72 1
0 114 115 116 73 74 74 1
0 115 117 116 74 75 74 1
0 118 119 120 76 77 77 1
0 119 121 120 77 78 77 1
0 122 123 124 79 80 80 1
0 123 125 124 80 81 80 1
0 126 127 128 9 9 9 1
0 128 127 129 9 9 9 1
0 130 131 95 82 83 59 1
0 131 132 95 83 84 59 1
0 133 134 135 85 86 87 1
0 135 134 136 87 86 88 1
0 137 138 139 89 90 90 1
0 138 140 139 90 91 90 1
0 141 142 143 92 93 93 1
0 142 144 143 93 94 93 1
0 145 146 147 95 96 96 1
0 146 148 147 96 97 96 1
0 149 150 151 98 99 99 1
0 151 150 152 99 99 100 1
0 152 153 154 100 101 102 1
0 154 153 155 102 101 34 1
0 156 157 158 103 104 105 1
0 157 159 158 104 106 105 1
0 160 161 162 107 108 108 1
0 161 163 162 108 109 108 1
0 164 165 166 9 9 110 1
0 167 168 169 111 112 112 1
0 168 170 169 112 113 112 1
0 171 172 173 114 115 116 1
0 173 172 174 116 115 117 1
0 175 176 177 118 119 119 1
0 176 178 177 119 9 119 1
0 179 153 180 120 101 121 1
0 153 181 180 101 122 121 1
0 182 183 184 123 124 124 1
0 183 185 184 124 125 124 1
0 186 172 187 126 115 127 1
0 172 188 187 115 128 127 1
0 189 190 191 129 130 130 1
0 190 192 191 130 131 130 1
0 193 194 158 9 9 105 1
0 194 195 158 9 9 105 1
0 196 197 166 132 133 110 1
0 166 197 198 110 133 134 1
0 199 200 201 135 136 136 1
0 200 202 201 136 137 136 1
0 203 197 204 138 133 139 1
0 197 205 204 133 140 139 1
0 206 207 208 141 142 142 1
0 207 209 208 142 143 142 1
0 210 211 212 144 145 145 1
0 211 213 212 145 146 145 1
0 214 134 215 147 86 148 1
0 134 216 215 86 149 148 1
0 217 218 219 150 151 151 1
0 218 220 219 151 152 151 1
0 221 222 223 9 9 9 1
0 224 225 226 153 154 154 1
0 225 227 226 154 155 154 1
0 228 229 230 156 157 158 1
0 231 229 228 159 157 156 1
0 232 233 234 160 161 160 1
0 235 232 234 162 160 160 1
0 229 236 237 157 163 164 1
0 238 229 237 9 157 164 1
0 239 240 241 165 166 166 1
0 240 242 241 166 167 166 1
0 243 244 245 168 169 169 1
0 245 244 246 169 169 170 1
0 247 248 249 171 172 172 1
0 248 250 249 172 173 172 1
0 251 252 253 174 175 175 1
0 252 254 253 175 176 175 1
0 255 256 257 177 178 178 1
0 256 258 257 178 179 178 1
0 259 260 261 180 181 181 1
0 261 260 262 181 181 9 1
0 263 264 228 182 183 156 1
0 264 265 228 183 184 156 1

Materials: 1
"GLOWING_TILE"
0.200000 0.200000 0.200000 1
0.800000 0.800000 0.800000 1
0 0 0 1
1 1 1 1
0
1
"WALL_2.png"
""

Bones: 0
GroupComments: 0
MaterialComments: 0
BoneComments: 0
ModelComment: 0
