// MilkShape 3D ASCII

Frames: 30
Frame: 1

Meshes: 1
"Duplicate23" 0 0
20
0 -15.047306 15.097473 15.097466 0 0 -1
0 -15.047306 -15.097473 15.097466 0 1 -1
0 15.047306 15.097473 15.097466 1 0 -1
0 15.047306 -15.097473 15.097466 1 1 -1
0 15.047306 15.097473 15.097466 0 0 -1
0 15.047306 -15.097473 15.097466 0 1 -1
0 15.047306 15.097473 -15.097466 1 0 -1
0 15.047306 -15.097473 -15.097466 1 1 -1
0 15.047306 15.097473 -15.097466 0 0 -1
0 15.047306 -15.097473 -15.097466 0 1 -1
0 -15.047306 15.097473 -15.097466 1 0 -1
0 -15.047306 -15.097473 -15.097466 1 1 -1
0 -15.047306 15.097473 -15.097466 0 0 -1
0 -15.047306 -15.097473 -15.097466 0 1 -1
0 -15.047306 15.097473 15.097466 1 0 -1
0 -15.047306 -15.097473 15.097466 1 1 -1
0 -15.047306 15.097473 15.097466 0 1 -1
0 15.047306 15.097473 15.097466 1 1 -1
0 -15.047306 -15.097473 15.097466 0 0 -1
0 15.047306 -15.097473 15.097466 1 0 -1
6
0 0 1
1 0 0
0 0 -1
-1 0 0
0 1 0
0 -1 0
12
0 0 1 2 0 0 0 1
0 1 3 2 0 0 0 1
0 4 5 6 1 1 1 2
0 5 7 6 1 1 1 2
0 8 9 10 2 2 2 1
0 9 11 10 2 2 2 1
0 12 13 14 3 3 3 2
0 13 15 14 3 3 3 2
0 12 16 6 4 4 4 3
0 16 17 6 4 4 4 3
0 18 13 19 5 5 5 3
0 13 7 19 5 5 5 3

Materials: 1
"CUBE"
0.200000 0.200000 0.200000 1
0.800000 0.800000 0.800000 1
0 0 0 1
1 1 1 1
0
1
"CUBE.png"
""

Bones: 0
GroupComments: 0
MaterialComments: 0
BoneComments: 0
ModelComment: 0
