// MilkShape 3D ASCII

Frames: 480
Frame: 1

Meshes: 1
"ML_WLINES" 0 0
361
0 -3.972969 -31.757339 10.156075 0.277185 0.951582 -1
0 -3.962337 -31.757339 21.871174 0.277005 0.110727 -1
0 -15.842857 -31.757343 10.161140 0.485629 0.950214 -1
0 -15.834419 -31.757347 21.879147 0.486213 0.111131 -1
0 -3.983059 -31.757339 -1.657474 0.277185 0.951582 -1
0 -3.972969 -31.757339 10.156075 0.277005 0.110727 -1
0 -15.848389 -31.757343 -1.657480 0.485629 0.950214 -1
0 -15.842857 -31.757343 10.161140 0.486213 0.111131 -1
0 -27.768669 -31.757343 -1.657491 0.671300 0.950684 -1
0 -27.786934 -31.757343 10.165955 0.671064 0.112479 -1
0 7.587873 -31.757336 -24.544762 0.485629 0.950214 -1
0 -4.015251 -31.757339 -24.553055 0.277185 0.951582 -1
0 7.587322 -31.757336 -36.744034 0.486213 0.111131 -1
0 -4.025330 -31.757336 -36.753998 0.277005 0.110727 -1
0 -4.003700 -31.757339 -13.454060 0.486213 0.111131 -1
0 -3.983059 -31.757339 -1.657474 0.485629 0.950214 -1
0 -15.857246 -31.757339 -13.455128 0.277005 0.110727 -1
0 -15.848389 -31.757343 -1.657480 0.277185 0.951582 -1
0 7.591469 -31.757339 -1.657465 0.277185 0.951582 -1
0 -3.972969 -31.757339 10.156075 0.486213 0.111131 -1
0 7.591919 -31.757339 10.150745 0.277005 0.110727 -1
0 45.474792 -31.757320 -49.433914 0.277185 0.951582 -1
0 33.053421 -31.757324 -49.433952 0.052938 0.951315 -1
0 45.456596 -31.757317 -61.053013 0.277005 0.110727 -1
0 33.062653 -31.757324 -61.084293 0.052957 0.112343 -1
0 20.051975 -31.757328 -49.433990 0.052938 0.951315 -1
0 7.583542 -31.757328 -49.434044 0.277185 0.951582 -1
0 20.049381 -31.757324 -61.115269 0.052957 0.112343 -1
0 7.580807 -31.757328 -61.143833 0.277005 0.110727 -1
0 -4.015251 -31.757339 -24.553055 0.486213 0.111131 -1
0 -4.003700 -31.757339 -13.454060 0.485629 0.950214 -1
0 -15.863014 -31.757339 -24.561253 0.277005 0.110727 -1
0 -15.857246 -31.757339 -13.455128 0.277185 0.951582 -1
0 -4.025330 -31.757336 -36.753998 0.486213 0.111131 -1
0 -4.015251 -31.757339 -24.553055 0.485629 0.950214 -1
0 -15.868721 -31.757339 -36.763428 0.277005 0.110727 -1
0 -15.863014 -31.757339 -24.561253 0.277185 0.951582 -1
0 -27.702629 -31.757343 -36.772598 0.052957 0.112343 -1
0 -27.722809 -31.757343 -24.569061 0.052938 0.951315 -1
0 -15.868721 -31.757339 -36.763428 0.486213 0.111131 -1
0 -15.878120 -31.757336 -49.434113 0.485629 0.950214 -1
0 -4.047859 -31.757332 -49.434074 0.277185 0.951582 -1
0 33.053421 -31.757324 -49.433952 0.277005 0.110727 -1
0 45.474792 -31.757320 -49.433914 0.486213 0.111131 -1
0 33.042274 -31.757324 -36.723064 0.277185 0.951582 -1
0 45.485664 -31.757328 -36.711254 0.485629 0.950214 -1
0 20.051975 -31.757328 -49.433990 0.277005 0.110727 -1
0 33.053421 -31.757324 -49.433952 0.486213 0.111131 -1
0 20.049124 -31.757332 -36.733765 0.277185 0.951582 -1
0 33.042274 -31.757324 -36.723064 0.485629 0.950214 -1
0 20.035265 -31.757343 45.555275 0.277185 0.951582 -1
0 7.595387 -31.757343 45.580933 0.052938 0.951315 -1
0 20.037979 -31.757343 33.788795 0.277005 0.110727 -1
0 7.595228 -31.757343 33.805367 0.052957 0.112343 -1
0 7.595228 -31.757343 33.805367 0.486213 0.111131 -1
0 20.038010 -31.757336 21.854980 0.277185 0.951582 -1
0 7.591751 -31.757339 21.863308 0.485629 0.950214 -1
0 32.984550 -31.757339 45.481018 0.486213 0.111131 -1
0 20.035261 -31.757343 45.555275 0.671064 0.112479 -1
0 32.987297 -31.757339 33.771233 0.485629 0.950214 -1
0 20.037979 -31.757343 33.788795 0.671300 0.950684 -1
0 32.992462 -31.757332 21.846256 0.486213 0.111131 -1
0 20.038010 -31.757336 21.854980 0.671064 0.112479 -1
0 20.049124 -31.757332 -36.733765 0.485629 0.950214 -1
0 7.587322 -31.757336 -36.744034 0.277185 0.951582 -1
0 20.051975 -31.757328 -49.433990 0.486213 0.111131 -1
0 7.583542 -31.757328 -49.434044 0.277005 0.110727 -1
0 7.587322 -31.757336 -36.744034 0.485629 0.950214 -1
0 -4.025330 -31.757336 -36.753998 0.671300 0.950684 -1
0 7.583542 -31.757328 -49.434044 0.486213 0.111131 -1
0 -4.047859 -31.757332 -49.434074 0.671064 0.112479 -1
0 -27.675163 -31.757336 -49.434143 0.052938 0.951315 -1
0 -15.878120 -31.757336 -49.434113 0.277185 0.951582 -1
0 7.595228 -31.757343 33.805367 0.277005 0.110727 -1
0 -3.941986 -31.757347 33.821159 0.052957 0.112343 -1
0 7.591751 -31.757339 21.863308 0.277185 0.951582 -1
0 -3.962337 -31.757339 21.871174 0.052938 0.951315 -1
0 -3.962337 -31.757339 21.871174 0.671300 0.950684 -1
0 7.591919 -31.757339 10.150745 0.486213 0.111131 -1
0 -3.972969 -31.757339 10.156075 0.671064 0.112479 -1
0 45.571869 -31.757336 33.752953 0.052938 0.951315 -1
0 32.987297 -31.757339 33.771233 0.277185 0.951582 -1
0 45.556847 -31.757336 21.837498 0.052957 0.112343 -1
0 32.992462 -31.757332 21.846256 0.277005 0.110727 -1
0 -15.863014 -31.757339 -24.561253 0.671300 0.950684 -1
0 -15.857246 -31.757339 -13.455128 0.671064 0.112479 -1
0 -27.722809 -31.757343 -24.569061 0.485629 0.950214 -1
0 -27.749489 -31.757347 -13.455786 0.486213 0.111131 -1
0 -15.857246 -31.757339 -13.455128 0.486213 0.111131 -1
0 -27.749489 -31.757347 -13.455786 0.277005 0.110727 -1
0 -27.768669 -31.757343 -1.657491 0.277185 0.951582 -1
0 -15.842857 -31.757343 10.161140 0.277185 0.951582 -1
0 -27.786934 -31.757343 10.165955 0.052938 0.951315 -1
0 -15.834419 -31.757347 21.879147 0.277005 0.110727 -1
0 20.038010 -31.757336 21.854980 0.486213 0.111131 -1
0 7.591751 -31.757339 21.863308 0.671064 0.112479 -1
0 20.040754 -31.757336 10.145195 0.485629 0.950214 -1
0 7.591919 -31.757339 10.150745 0.671300 0.950684 -1
0 32.992462 -31.757332 21.846256 0.052957 0.112343 -1
0 20.038010 -31.757336 21.854980 0.277005 0.110727 -1
0 33.003578 -31.757332 10.139214 0.052938 0.951315 -1
0 20.040754 -31.757336 10.145195 0.277185 0.951582 -1
0 -39.315079 -31.757343 -24.576557 0.052938 0.951315 -1
0 -27.722809 -31.757343 -24.569061 0.277185 0.951582 -1
0 -39.301605 -31.757347 -13.456824 0.052957 0.112343 -1
0 57.996529 -31.757324 -13.448097 0.485629 0.950214 -1
0 45.516876 -31.757328 -13.449250 0.277185 0.951582 -1
0 57.946899 -31.757320 -24.506924 0.486213 0.111131 -1
0 45.501656 -31.757328 -24.516689 0.277005 0.110727 -1
0 33.030907 -31.757328 -24.526936 0.486213 0.111131 -1
0 45.485664 -31.757328 -36.711254 0.277185 0.951582 -1
0 20.046154 -31.757332 -24.536072 0.671064 0.112479 -1
0 20.049124 -31.757332 -36.733765 0.671300 0.950684 -1
0 45.516876 -31.757328 -13.449250 0.485629 0.950214 -1
0 33.025177 -31.757336 -13.450403 0.277185 0.951582 -1
0 45.501656 -31.757328 -24.516689 0.486213 0.111131 -1
0 33.030907 -31.757328 -24.526936 0.277005 0.110727 -1
0 7.591469 -31.757339 -1.657465 0.485629 0.950214 -1
0 20.043554 -31.757336 -1.657456 0.277185 0.951582 -1
0 20.040754 -31.757336 10.145195 0.277005 0.110727 -1
0 33.014488 -31.757332 -1.657444 0.052938 0.951315 -1
0 33.003578 -31.757332 10.139214 0.052957 0.112343 -1
0 33.025177 -31.757336 -13.450403 0.485629 0.950214 -1
0 20.043495 -31.757332 -13.451859 0.277185 0.951582 -1
0 20.046154 -31.757332 -24.536072 0.277005 0.110727 -1
0 20.043495 -31.757332 -13.451859 0.485629 0.950214 -1
0 7.587898 -31.757336 -13.452946 0.277185 0.951582 -1
0 20.046154 -31.757332 -24.536072 0.486213 0.111131 -1
0 7.587873 -31.757336 -24.544762 0.277005 0.110727 -1
0 -4.003700 -31.757339 -13.454060 0.671300 0.950684 -1
0 7.587898 -31.757336 -13.452946 0.485629 0.950214 -1
0 -3.983059 -31.757339 -1.657474 0.671064 0.112479 -1
0 7.591469 -31.757339 -1.657465 0.486213 0.111131 -1
0 20.043554 -31.757336 -1.657456 0.277005 0.110727 -1
0 -4.003700 -31.757339 -13.454060 0.277185 0.951582 -1
0 7.587873 -31.757336 -24.544762 0.486213 0.111131 -1
0 -4.015251 -31.757339 -24.553055 0.277005 0.110727 -1
0 33.014488 -31.757332 -1.657444 0.485629 0.950214 -1
0 20.043554 -31.757336 -1.657456 0.671300 0.950684 -1
0 33.025177 -31.757336 -13.450403 0.486213 0.111131 -1
0 20.043495 -31.757332 -13.451859 0.671064 0.112479 -1
0 45.532150 -31.757328 -1.657435 0.052938 0.951315 -1
0 33.014488 -31.757332 -1.657444 0.277185 0.951582 -1
0 45.516876 -31.757328 -13.449250 0.052957 0.112343 -1
0 33.025177 -31.757336 -13.450403 0.277005 0.110727 -1
0 20.046154 -31.757332 -24.536072 0.485629 0.950214 -1
0 7.587873 -31.757336 -24.544762 0.277185 0.951582 -1
0 20.049124 -31.757332 -36.733765 0.486213 0.111131 -1
0 7.587322 -31.757336 -36.744034 0.277005 0.110727 -1
0 -27.768677 -31.757343 -1.657490 0.277185 0.951582 -1
0 -39.321793 -31.757343 -1.657496 0.052938 0.951315 -1
0 -27.768669 -31.757343 -1.657491 0.277005 0.110727 -1
0 -27.786934 -31.757343 10.165955 0.277185 0.951582 -1
0 -39.321777 -31.757343 -1.657498 0.052957 0.112343 -1
0 -39.340034 -31.757343 10.167294 0.052938 0.951315 -1
0 -27.814384 -31.757347 21.876419 0.052957 0.112343 -1
0 -27.786926 -31.757343 10.165951 0.052938 0.951315 -1
0 45.560753 -31.757336 45.459999 0.052957 0.112343 -1
0 32.984550 -31.757339 45.481018 0.277005 0.110727 -1
0 -4.050571 -31.757332 -61.200550 0.277185 0.951582 -1
0 -15.877960 -31.757336 -61.209690 0.052938 0.951315 -1
0 -4.047859 -31.757332 -49.434074 0.277005 0.110727 -1
0 -15.878120 -31.757336 -49.434113 0.052957 0.112343 -1
0 7.580803 -31.757328 -61.143833 0.486213 0.111131 -1
0 -4.050575 -31.757332 -61.200550 0.671064 0.112479 -1
0 7.583544 -31.757328 -49.434044 0.485629 0.950214 -1
0 -4.047859 -31.757332 -49.434067 0.671300 0.950684 -1
0 57.946899 -31.757320 -24.506924 0.052957 0.112343 -1
0 45.501663 -31.757328 -24.516689 0.277005 0.110727 -1
0 58.070221 -31.757324 -36.729534 0.052938 0.951315 -1
0 58.039162 -31.757320 -49.442665 0.052957 0.112343 -1
0 45.474792 -31.757320 -49.433914 0.277005 0.110727 -1
0 58.039162 -31.757320 -49.442665 0.052938 0.951315 -1
0 58.020966 -31.757320 -61.061771 0.052957 0.112343 -1
0 70.514175 -31.757320 -13.448086 0.052938 0.951315 -1
0 57.996529 -31.757324 -13.448097 0.277185 0.951582 -1
0 70.438576 -31.757317 -24.505768 0.052957 0.112343 -1
0 57.946899 -31.757320 -24.506924 0.277005 0.110727 -1
0 -3.972969 46.443295 10.356102 0.277185 0.951582 -1
0 -3.962334 46.443302 22.071205 0.277005 0.110727 -1
0 -15.842857 46.443253 10.361172 0.485629 0.950214 -1
0 -15.834412 46.443119 22.079178 0.486213 0.111131 -1
0 -3.983063 46.443291 -1.457443 0.277185 0.951582 -1
0 -3.972969 46.443295 10.356102 0.277005 0.110727 -1
0 -15.848381 46.443245 -1.457452 0.485629 0.950214 -1
0 -15.842857 46.443253 10.361172 0.486213 0.111131 -1
0 -27.768669 46.443214 -1.457462 0.671300 0.950684 -1
0 -27.786934 46.443230 10.365982 0.671064 0.112479 -1
0 7.587872 46.443504 -24.344727 0.485629 0.950214 -1
0 -4.015255 46.443432 -24.353024 0.277185 0.951582 -1
0 7.587320 46.443512 -36.544003 0.486213 0.111131 -1
0 -4.025330 46.443436 -36.553963 0.277005 0.110727 -1
0 -4.003700 46.443432 -13.254030 0.486213 0.111131 -1
0 -3.983063 46.443291 -1.457443 0.485629 0.950214 -1
0 -15.857246 46.443378 -13.255098 0.277005 0.110727 -1
0 -15.848381 46.443245 -1.457452 0.277185 0.951582 -1
0 7.591465 46.443352 -1.457436 0.277185 0.951582 -1
0 -3.972969 46.443295 10.356102 0.486213 0.111131 -1
0 7.591921 46.443348 10.350773 0.277005 0.110727 -1
0 45.474785 46.443901 -49.233879 0.277185 0.951582 -1
0 33.053413 46.443756 -49.233917 0.052938 0.951315 -1
0 45.456596 46.443920 -60.852982 0.277005 0.110727 -1
0 33.062645 46.443764 -60.884262 0.052957 0.112343 -1
0 20.051973 46.443630 -49.233955 0.052938 0.951315 -1
0 7.583542 46.443672 -49.234009 0.277185 0.951582 -1
0 20.049376 46.443779 -60.915230 0.052957 0.112343 -1
0 7.580803 46.443665 -60.943810 0.277005 0.110727 -1
0 -4.015255 46.443432 -24.353024 0.486213 0.111131 -1
0 -4.003700 46.443432 -13.254030 0.485629 0.950214 -1
0 -15.863014 46.443375 -24.361221 0.277005 0.110727 -1
0 -15.857246 46.443378 -13.255098 0.277185 0.951582 -1
0 -4.025330 46.443436 -36.553963 0.486213 0.111131 -1
0 -4.015255 46.443432 -24.353024 0.485629 0.950214 -1
0 -15.868721 46.443371 -36.563396 0.277005 0.110727 -1
0 -15.863014 46.443375 -24.361221 0.277185 0.951582 -1
0 -27.702629 46.443321 -36.572567 0.052957 0.112343 -1
0 -27.722801 46.443333 -24.369030 0.052938 0.951315 -1
0 -15.868721 46.443371 -36.563396 0.486213 0.111131 -1
0 -15.878120 46.443516 -49.234085 0.485629 0.950214 -1
0 -4.047863 46.443584 -49.234055 0.277185 0.951582 -1
0 33.053413 46.443756 -49.233917 0.277005 0.110727 -1
0 45.474785 46.443901 -49.233879 0.486213 0.111131 -1
0 33.042267 46.443729 -36.523033 0.277185 0.951582 -1
0 45.485664 46.443718 -36.511223 0.485629 0.950214 -1
0 20.051973 46.443630 -49.233955 0.277005 0.110727 -1
0 33.053413 46.443756 -49.233917 0.486213 0.111131 -1
0 20.049122 46.443611 -36.533733 0.277185 0.951582 -1
0 33.042267 46.443729 -36.523033 0.485629 0.950214 -1
0 20.035261 46.443264 45.755295 0.277185 0.951582 -1
0 7.595383 46.443211 45.780960 0.052938 0.951315 -1
0 20.037979 46.443264 33.988831 0.277005 0.110727 -1
0 7.595224 46.443207 34.005386 0.052957 0.112343 -1
0 7.595224 46.443207 34.005386 0.486213 0.111131 -1
0 20.038008 46.443417 22.055008 0.277185 0.951582 -1
0 7.591749 46.443348 22.063339 0.485629 0.950214 -1
0 32.984550 46.443333 45.681053 0.486213 0.111131 -1
0 20.035259 46.443264 45.755318 0.671064 0.112479 -1
0 32.987289 46.443340 33.971260 0.485629 0.950214 -1
0 20.037979 46.443264 33.988831 0.671300 0.950684 -1
0 32.992462 46.443497 22.046288 0.486213 0.111131 -1
0 20.038008 46.443417 22.055008 0.671064 0.112479 -1
0 20.049122 46.443611 -36.533733 0.485629 0.950214 -1
0 7.587320 46.443512 -36.544003 0.277185 0.951582 -1
0 20.051973 46.443630 -49.233955 0.486213 0.111131 -1
0 7.583542 46.443672 -49.234009 0.277005 0.110727 -1
0 7.587320 46.443512 -36.544003 0.485629 0.950214 -1
0 -4.025330 46.443436 -36.553963 0.671300 0.950684 -1
0 7.583542 46.443672 -49.234009 0.486213 0.111131 -1
0 -4.047863 46.443584 -49.234055 0.671064 0.112479 -1
0 -27.675163 46.443462 -49.234116 0.052938 0.951315 -1
0 -15.878120 46.443516 -49.234085 0.277185 0.951582 -1
0 7.595224 46.443207 34.005386 0.277005 0.110727 -1
0 -3.941982 46.443161 34.021187 0.052957 0.112343 -1
0 7.591749 46.443348 22.063339 0.277185 0.951582 -1
0 -3.962334 46.443302 22.071205 0.052938 0.951315 -1
0 -3.962334 46.443302 22.071205 0.671300 0.950684 -1
0 7.591921 46.443348 10.350773 0.486213 0.111131 -1
0 -3.972969 46.443295 10.356102 0.671064 0.112479 -1
0 45.571877 46.443432 33.952980 0.052938 0.951315 -1
0 32.987289 46.443340 33.971260 0.277185 0.951582 -1
0 45.556847 46.443451 22.037533 0.052957 0.112343 -1
0 32.992462 46.443497 22.046288 0.277005 0.110727 -1
0 -15.863014 46.443375 -24.361221 0.671300 0.950684 -1
0 -15.857246 46.443378 -13.255098 0.671064 0.112479 -1
0 -27.722801 46.443333 -24.369030 0.485629 0.950214 -1
0 -27.749481 46.443195 -13.255758 0.486213 0.111131 -1
0 -15.857246 46.443378 -13.255098 0.486213 0.111131 -1
0 -27.749481 46.443195 -13.255758 0.277005 0.110727 -1
0 -27.768669 46.443214 -1.457462 0.277185 0.951582 -1
0 -15.842857 46.443253 10.361172 0.277185 0.951582 -1
0 -27.786934 46.443230 10.365982 0.052938 0.951315 -1
0 -15.834412 46.443119 22.079178 0.277005 0.110727 -1
0 20.038008 46.443417 22.055008 0.486213 0.111131 -1
0 7.591749 46.443348 22.063339 0.671064 0.112479 -1
0 20.040752 46.443420 10.345226 0.485629 0.950214 -1
0 7.591921 46.443348 10.350773 0.671300 0.950684 -1
0 32.992462 46.443497 22.046288 0.052957 0.112343 -1
0 20.038008 46.443417 22.055008 0.277005 0.110727 -1
0 33.003578 46.443508 10.339245 0.052938 0.951315 -1
0 20.040752 46.443420 10.345226 0.277185 0.951582 -1
0 -39.315071 46.443306 -24.376526 0.052938 0.951315 -1
0 -27.722801 46.443333 -24.369030 0.277185 0.951582 -1
0 -39.301605 46.443172 -13.256792 0.052957 0.112343 -1
0 57.996529 46.443802 -13.248066 0.485629 0.950214 -1
0 45.516876 46.443661 -13.249218 0.277185 0.951582 -1
0 57.946899 46.443840 -24.306892 0.486213 0.111131 -1
0 45.501648 46.443687 -24.316658 0.277005 0.110727 -1
0 33.030899 46.443707 -24.326904 0.486213 0.111131 -1
0 45.485664 46.443718 -36.511223 0.277185 0.951582 -1
0 20.046150 46.443596 -24.336040 0.671064 0.112479 -1
0 20.049122 46.443611 -36.533733 0.671300 0.950684 -1
0 45.516876 46.443661 -13.249218 0.485629 0.950214 -1
0 33.025177 46.443539 -13.250374 0.277185 0.951582 -1
0 45.501648 46.443687 -24.316658 0.486213 0.111131 -1
0 33.030899 46.443707 -24.326904 0.277005 0.110727 -1
0 7.591465 46.443352 -1.457436 0.485629 0.950214 -1
0 20.043554 46.443428 -1.457426 0.277185 0.951582 -1
0 20.040752 46.443420 10.345226 0.277005 0.110727 -1
0 33.014481 46.443523 -1.457413 0.052938 0.951315 -1
0 33.003578 46.443508 10.339245 0.052957 0.112343 -1
0 33.025177 46.443539 -13.250374 0.485629 0.950214 -1
0 20.043493 46.443584 -13.251827 0.277185 0.951582 -1
0 20.046150 46.443596 -24.336040 0.277005 0.110727 -1
0 20.043493 46.443584 -13.251827 0.485629 0.950214 -1
0 7.587896 46.443497 -13.252916 0.277185 0.951582 -1
0 20.046150 46.443596 -24.336040 0.486213 0.111131 -1
0 7.587872 46.443504 -24.344727 0.277005 0.110727 -1
0 -4.003700 46.443432 -13.254030 0.671300 0.950684 -1
0 7.587896 46.443497 -13.252916 0.485629 0.950214 -1
0 -3.983063 46.443291 -1.457443 0.671064 0.112479 -1
0 7.591465 46.443352 -1.457436 0.486213 0.111131 -1
0 20.043554 46.443428 -1.457426 0.277005 0.110727 -1
0 -4.003700 46.443432 -13.254030 0.277185 0.951582 -1
0 7.587872 46.443504 -24.344727 0.486213 0.111131 -1
0 -4.015255 46.443432 -24.353024 0.277005 0.110727 -1
0 33.014481 46.443523 -1.457413 0.485629 0.950214 -1
0 20.043554 46.443428 -1.457426 0.671300 0.950684 -1
0 33.025177 46.443539 -13.250374 0.486213 0.111131 -1
0 20.043493 46.443584 -13.251827 0.671064 0.112479 -1
0 45.532150 46.443638 -1.457405 0.052938 0.951315 -1
0 33.014481 46.443523 -1.457413 0.277185 0.951582 -1
0 45.516876 46.443661 -13.249218 0.052957 0.112343 -1
0 33.025177 46.443539 -13.250374 0.277005 0.110727 -1
0 20.046150 46.443596 -24.336040 0.485629 0.950214 -1
0 7.587872 46.443504 -24.344727 0.277185 0.951582 -1
0 20.049122 46.443611 -36.533733 0.486213 0.111131 -1
0 7.587320 46.443512 -36.544003 0.277005 0.110727 -1
0 -27.768677 46.443214 -1.457460 0.277185 0.951582 -1
0 -39.321785 46.443188 -1.457466 0.052938 0.951315 -1
0 -27.768669 46.443214 -1.457462 0.277005 0.110727 -1
0 -27.786934 46.443230 10.365982 0.277185 0.951582 -1
0 -39.321777 46.443188 -1.457470 0.052957 0.112343 -1
0 -39.340034 46.443203 10.367325 0.052938 0.951315 -1
0 -27.814384 46.443089 22.076447 0.052957 0.112343 -1
0 -27.786926 46.443230 10.365982 0.052938 0.951315 -1
0 20.037977 46.443264 33.988831 0.671300 0.950684 -1
0 45.560753 46.443420 45.660019 0.052957 0.112343 -1
0 32.984550 46.443333 45.681053 0.277005 0.110727 -1
0 32.987289 46.443340 33.971268 0.277185 0.951582 -1
0 -4.050575 46.443584 -61.000511 0.277185 0.951582 -1
0 -15.877960 46.443520 -61.009659 0.052938 0.951315 -1
0 -4.047859 46.443584 -49.234055 0.277005 0.110727 -1
0 -15.878120 46.443516 -49.234085 0.052957 0.112343 -1
0 7.580799 46.443665 -60.943794 0.486213 0.111131 -1
0 -4.050575 46.443584 -61.000519 0.671064 0.112479 -1
0 7.583544 46.443672 -49.234009 0.485629 0.950214 -1
0 -4.047859 46.443584 -49.234047 0.671300 0.950684 -1
0 57.946899 46.443840 -24.306889 0.052957 0.112343 -1
0 45.501656 46.443687 -24.316658 0.277005 0.110727 -1
0 58.070221 46.443813 -36.529503 0.052938 0.951315 -1
0 45.485664 46.443718 -36.511219 0.277185 0.951582 -1
0 45.485657 46.443718 -36.511219 0.277185 0.951582 -1
0 58.039162 46.443855 -49.242630 0.052957 0.112343 -1
0 45.474792 46.443901 -49.233871 0.277005 0.110727 -1
0 58.039154 46.443855 -49.242630 0.052938 0.951315 -1
0 45.474792 46.443901 -49.233879 0.277185 0.951582 -1
0 58.020958 46.443871 -60.861732 0.052957 0.112343 -1
0 70.514175 46.443920 -13.248056 0.052938 0.951315 -1
0 57.996529 46.443802 -13.248066 0.277185 0.951582 -1
0 70.438568 46.443962 -24.305737 0.052957 0.112343 -1
0 57.946899 46.443840 -24.306892 0.277005 0.110727 -1
287
0 -1 -0
0 -1 -0
0.000001 -1 -0
0 -1 -0
0 -1 -0
0 -1 -0
0 -1 -0
0 -1 0
0 -1 -0
0 -1 -0
0 -1 -0
0 -1 -0
0 -1 -0
0 -1 -0
0 -1 -0
0 -1 -0
0 -1 -0
0.000001 -1 0
0 -1 -0
0 -1 -0
0 -1 -0
0 -1 -0
0 -1 -0
0 -1 -0
0 -1 0
0 -1 -0
0 -1 0
0 -1 -0
0 -1 -0
0 -1 -0
0 -1 0
0 -1 -0
-0 -1 -0.000001
0 -1 -0
0 -1 -0
0 -1 -0
-0 -1 -0
0 -1 -0
0 -1 -0
0 -1 0
0 -1 0
0 -1 -0
0 -1 -0
0 -1 -0.000001
0 -1 -0.000001
0 -1 -0
0 -1 -0
0 -1 -0.000001
0 -1 -0.000001
0 -1 -0
0 -1 -0
0 -1 -0
0 -1 -0
0 -1 -0
0 -1 -0
-0 -1 -0.000001
0 -1 0
0 -1 -0
0 -1 -0
-0 -1 -0
-0 -1 -0.000001
0 -1 -0
0 -1 -0
0.000001 -1 -0
0.000001 -1 -0
0 -1 -0
-0 -1 0
0 1 0
0.700099 0 -0.714046
0 -1 0
0 -1 0
0 -1 0
0 -1 0
0 -1 0
0 -1 0
0 -1 -0
0 -1 -0
0 -1 -0
0 -1 -0
0 -1 -0
0 -1 -0
-0 -1 -0
0 -1 -0
0 -1 -0
0.000001 -1 0
0.000001 -1 -0
0 -1 -0
0 -1 -0.000001
0 -1 -0
0 -1 0
0 -1 0
0 -1 0
0 -1 0
-0 -1 -0.000001
0 -1 -0
0 -1 0
0 -1 0
0 -1 0
0 -1 -0
0 -1 -0
0 -1 -0
0 -1 -0
0 -1 -0
0 -1 -0
0 -1 -0
0 -1 -0
0 -1 0
0 -1 0
-0 -1 -0
0 -1 -0
0 -1 0
0.000001 -1 0
0 -1 0
0 -1 0
0 -1 -0
-0 -1 0
-0 -1 0
0 -1 -0
0 -1 0
0 -1 0
-0 1 0
-0 1 0
-0 1 -0
-0 1 0
-0 1 0
-0 1 0
0.000001 -1 0
0 -1 0
0 -1 0
0 -1 -0
-0 -1 -0.000001
-0 -1 -0
0 -1 -0
0 -1 -0
0 -1 -0
0.000004 -1 0.000001
0.000009 -1 -0.000005
0.000015 -1 -0.000011
0.000004 -1 0
0.000004 -1 0
0.000006 -1 -0.000002
0.000003 -1 0.000001
0.000002 -1 0.000001
0.000002 -1 0.000001
0.000006 -1 -0.000001
0.000006 -1 -0
0.000006 -1 -0.000008
0.000005 -1 -0.000012
0.000005 -1 -0.000008
0.000004 -1 -0.000012
0.000004 -1 -0.000011
0.000005 -1 -0
0.000005 -1 -0
0.000012 -1 -0.000002
0.000012 -1 -0.000001
0.000007 -1 -0.000001
0.000013 -1 -0.000001
-0.000003 -1 -0.000013
0.000003 -1 -0.000006
0.000009 -1 0.000001
0.000005 -1 -0
0.000005 -1 0
0.000005 -1 0
0.000005 -1 -0
0.000005 -1 -0
0.000005 -1 -0.000004
0.000004 -1 0.000001
0.000004 -1 -0.000003
0.000004 -1 0.000001
0.000005 -1 -0.000011
0.000006 -1 -0.000012
0.000006 -1 -0.000012
0.000012 -1 -0.000002
0.000005 -1 -0.000008
-0.000001 -1 -0.000014
0.000010 -1 -0.000001
0.000009 -1 -0.000002
0.000006 -1 -0.000002
0.000004 -1 0
0.000004 -1 0
0.000004 -1 -0.000004
0.000005 -1 0
0.000005 -1 -0.000012
0.000005 -1 -0.000006
0.000005 -1 -0.000001
0.000006 -1 -0
0.000006 -1 -0.000005
0.000006 -1 -0.000013
0.000006 -1 -0.000013
0.000008 -1 -0.000002
0.000002 -1 -0.000007
-0.000003 -1 -0.000013
0.000007 -1 -0.000013
0.000007 -1 -0.000012
0.000008 -1 -0.000012
0.000004 -1 -0.000011
0.000005 -1 -0.000011
0.000004 -1 -0.000012
0.000004 -1 -0.000012
0.000004 -1 -0.000012
0.000004 -1 0
0.000005 -1 -0
0.000005 -1 0.000001
0.000007 -1 -0.000001
0.000002 -1 -0.000007
-0.000004 -1 -0.000013
0.000004 -1 0
0.000009 -1 -0.000006
0.000015 -1 -0.000012
0.000015 -1 -0.000011
0.000005 -1 -0.000005
0.000003 -1 0.000002
-0.000002 1 0.000011
0.699921 0 -0.714220
0.000006 -1 -0
0.000006 -1 -0
0.000006 -1 0
0.000006 -1 -0.000001
0.000006 -1 -0.000001
0.000007 -1 -0
0.000002 -1 -0.000012
0.000002 -1 -0.000012
0.000002 -1 -0.000005
0.000011 -1 -0.000004
0.000012 -1 -0.000003
0.000005 -1 -0.000002
0.000002 -1 -0.000004
-0.000001 -1 -0.000002
0.000009 -1 -0.000002
0.000009 -1 -0.000001
0.000010 -1 -0.000002
0.000004 -1 -0.000009
-0.000002 -1 -0.000015
0.000006 -1 -0
0.000006 -1 -0.000001
0.000007 -1 -0.000001
0.000007 -1 -0.000001
0.000007 -1 -0.000001
-0.000004 -1 -0.000015
0.000005 -1 -0.000010
0.000009 -1 -0.000001
0.000007 -1 -0.000001
0.000007 -1 -0.000001
0.000007 -1 -0.000001
0.000006 -1 -0.000012
0.000006 -1 -0.000009
0.000005 -1 -0.000012
0.000006 -1 -0.000013
0.000006 -1 -0.000013
0.000006 -1 -0
0.000006 -1 -0
0.000007 -1 -0.000001
0.000002 -1 -0.000007
-0.000004 -1 -0.000013
0.000009 -1 -0.000002
0.000009 -1 -0.000002
0.000010 -1 -0.000001
0.000007 -1 -0.000001
0.000008 -1 -0.000001
0.000008 -1 -0.000001
0.000002 -1 0.000001
0.000002 -1 0.000001
0.000002 -1 0.000001
0.000002 -1 0.000001
0.000002 -1 0.000001
0.000003 -1 -0.000012
0.000006 -1 0
0.000007 -1 -0.000001
0.000007 -1 -0.000001
0.000007 -1 -0.000001
-0.000005 1 0
-0.000006 1 0
-0.000006 1 0
-0.000007 1 -0.000001
-0.000007 1 -0
-0.000008 1 0
0.000012 -1 0.000002
0.000010 -1 -0
0.000009 -1 -0.000001
0.000008 -1 -0.000003
0.000002 -1 -0.000009
-0.000004 -1 -0.000014
-0.000004 -1 -0.000001
-0.000004 -1 -0.000001
0.000009 -1 -0.000004
0.000010 -1 -0.000004
0.000010 -1 -0.000003
212
0 0 1 2 0 1 1 1
0 2 1 3 1 1 2 1
0 4 5 6 3 4 5 1
0 5 7 6 4 6 5 1
0 6 7 8 5 6 7 1
0 7 9 8 6 7 7 1
0 10 11 12 8 9 9 1
0 12 11 13 9 9 10 1
0 14 15 16 7 11 12 1
0 16 15 17 12 11 13 1
0 15 18 19 11 7 7 1
0 18 20 19 7 7 7 1
0 21 22 23 14 15 16 1
0 23 22 24 16 15 17 1
0 25 26 27 18 19 19 1
0 26 28 27 19 20 19 1
0 29 30 31 7 7 7 1
0 31 30 32 7 7 7 1
0 33 34 35 21 22 23 1
0 34 36 35 22 24 23 1
0 35 36 37 23 24 25 1
0 36 38 37 24 26 25 1
0 39 40 13 27 28 10 1
0 40 41 13 28 29 10 1
0 42 43 44 30 31 31 1
0 43 45 44 31 32 31 1
0 46 47 48 33 34 34 1
0 47 49 48 34 35 34 1
0 50 51 52 7 7 36 1
0 51 53 52 7 7 36 1
0 52 54 55 36 37 37 1
0 55 54 56 37 37 38 1
0 57 58 59 39 40 41 1
0 59 60 61 41 42 43 1
0 61 60 62 43 42 44 1
0 63 64 65 45 46 46 1
0 65 64 66 46 46 47 1
0 67 68 69 48 49 49 1
0 69 68 70 49 49 50 1
0 37 71 35 25 51 23 1
0 71 72 35 51 52 23 1
0 73 74 75 53 54 54 1
0 75 74 76 54 54 55 1
0 56 77 78 38 7 56 1
0 77 79 78 7 7 56 1
0 80 81 82 57 58 59 1
0 82 81 83 59 58 60 1
0 84 85 86 61 62 62 1
0 86 85 87 62 62 63 1
0 88 6 89 64 5 65 1
0 6 90 89 5 66 65 1
0 91 92 93 67 67 68 1
0 94 95 96 69 70 70 1
0 96 95 97 70 70 71 1
0 98 99 100 72 73 73 1
0 100 99 101 73 73 74 1
0 102 103 104 75 76 77 1
0 103 89 104 76 65 77 1
0 105 106 107 78 79 79 1
0 107 106 108 79 79 80 1
0 108 109 110 80 81 82 1
0 110 109 49 82 81 35 1
0 109 111 49 81 83 35 1
0 49 111 112 35 83 84 1
0 113 114 115 85 86 86 1
0 115 114 116 86 86 87 1
0 117 118 78 88 89 56 1
0 78 118 119 56 89 90 1
0 118 120 119 89 91 90 1
0 119 120 121 90 91 92 1
0 122 123 109 93 94 81 1
0 109 123 124 81 94 95 1
0 125 126 127 96 97 97 1
0 127 126 128 97 97 98 1
0 129 130 131 99 100 101 1
0 131 130 132 101 100 102 1
0 130 123 132 100 94 102 1
0 132 123 133 102 94 103 1
0 130 134 135 100 104 104 1
0 135 134 136 104 104 105 1
0 137 138 139 106 107 107 1
0 139 138 140 107 107 108 1
0 141 142 143 109 110 110 1
0 143 142 144 110 110 111 1
0 145 146 147 112 113 113 1
0 147 146 148 113 113 114 1
0 89 149 104 65 115 77 1
0 149 150 104 115 116 77 1
0 151 152 153 7 7 7 1
0 152 154 153 7 7 7 1
0 155 156 93 117 117 68 1
0 59 58 60 41 40 42 1
0 157 158 80 118 119 57 1
0 80 158 81 57 119 58 1
0 159 160 161 120 121 121 1
0 160 162 161 121 122 121 1
0 163 164 165 123 124 124 1
0 165 164 166 124 124 125 1
0 167 168 169 126 127 128 1
0 169 168 110 128 127 82 1
0 169 110 170 128 82 129 1
0 170 110 171 129 82 130 1
0 172 21 173 7 14 131 1
0 173 21 23 131 14 16 1
0 174 175 176 132 133 133 1
0 176 175 177 133 133 134 1
0 178 179 180 135 136 136 1
0 180 179 181 136 136 137 1
0 182 183 184 138 139 140 1
0 183 185 184 139 141 140 1
0 184 185 186 140 141 142 1
0 185 187 186 141 143 142 1
0 188 189 190 144 145 145 1
0 190 189 191 145 145 146 1
0 192 193 194 147 148 149 1
0 194 193 195 149 148 150 1
0 193 196 197 148 151 151 1
0 196 198 197 151 152 151 1
0 199 200 201 153 154 155 1
0 201 200 202 155 154 156 1
0 203 204 205 157 158 158 1
0 204 206 205 158 159 158 1
0 207 208 209 160 161 161 1
0 209 208 210 161 161 162 1
0 211 212 213 163 164 165 1
0 212 214 213 164 166 165 1
0 213 214 215 165 166 167 1
0 214 216 215 166 168 167 1
0 217 218 191 169 170 146 1
0 218 219 191 170 171 146 1
0 220 221 222 172 173 173 1
0 221 223 222 173 174 173 1
0 224 225 226 175 176 176 1
0 225 227 226 176 177 176 1
0 228 229 230 178 179 180 1
0 229 231 230 179 181 180 1
0 230 232 233 180 182 182 1
0 233 232 234 182 182 183 1
0 235 236 237 184 185 186 1
0 237 238 239 186 187 187 1
0 239 238 240 187 187 188 1
0 241 242 243 189 190 190 1
0 243 242 244 190 190 191 1
0 245 246 247 192 193 193 1
0 247 246 248 193 193 194 1
0 215 249 213 167 195 165 1
0 249 250 213 195 196 165 1
0 251 252 253 197 198 198 1
0 253 252 254 198 198 199 1
0 234 255 256 183 200 201 1
0 255 257 256 200 202 201 1
0 258 259 260 203 204 204 1
0 260 259 261 204 204 205 1
0 262 263 264 206 207 207 1
0 264 263 265 207 207 208 1
0 266 184 267 209 140 210 1
0 184 268 267 140 211 210 1
0 269 270 271 212 212 213 1
0 272 273 274 214 215 215 1
0 274 273 275 215 215 216 1
0 276 277 278 217 218 218 1
0 278 277 279 218 218 219 1
0 280 281 282 220 221 222 1
0 281 267 282 221 210 222 1
0 283 284 285 223 224 224 1
0 285 284 286 224 224 225 1
0 286 287 288 225 226 227 1
0 288 287 227 227 226 177 1
0 287 289 227 226 228 177 1
0 227 289 290 177 228 229 1
0 291 292 293 230 231 231 1
0 293 292 294 231 231 232 1
0 295 296 256 233 234 201 1
0 256 296 297 201 234 235 1
0 296 298 297 234 236 235 1
0 297 298 299 235 236 237 1
0 300 301 287 238 239 226 1
0 287 301 302 226 239 240 1
0 303 304 305 241 242 242 1
0 305 304 306 242 242 243 1
0 307 308 309 244 245 246 1
0 309 308 310 246 245 247 1
0 308 301 310 245 239 247 1
0 310 301 311 247 239 248 1
0 308 312 313 245 249 249 1
0 313 312 314 249 249 250 1
0 315 316 317 251 252 252 1
0 317 316 318 252 252 253 1
0 319 320 321 254 255 255 1
0 321 320 322 255 255 256 1
0 323 324 325 257 258 258 1
0 325 324 326 258 258 259 1
0 267 327 282 210 260 222 1
0 327 328 282 260 261 222 1
0 329 330 331 262 263 263 1
0 330 332 331 263 264 263 1
0 333 334 271 265 265 213 1
0 237 236 335 186 185 266 1
0 336 337 258 267 268 203 1
0 258 337 338 203 268 269 1
0 339 340 341 270 271 271 1
0 340 342 341 271 272 271 1
0 343 344 345 273 274 274 1
0 345 344 346 274 274 275 1
0 347 348 349 276 277 278 1
0 349 348 350 278 277 279 1
0 349 351 352 278 280 280 1
0 352 351 353 280 280 281 1
0 354 355 356 282 283 283 1
0 356 355 201 283 283 155 1
0 357 358 359 284 285 285 1
0 359 358 360 285 285 286 1

Materials: 1
"WIRES"
0.200000 0.200000 0.200000 0.740000
0.800000 0.800000 0.800000 0.740000
0 0 0 0.740000
1 1 1 0.740000
0
0.740000
"WIRE.png"
""

Bones: 0
GroupComments: 0
MaterialComments: 0
BoneComments: 0
ModelComment: 0
