// MilkShape 3D ASCII

Frames: 30
Frame: 1

Meshes: 1
"BACK" 0 0
12
0 -388.309143 -0.666504 -119.624207 0 0 -1
0 -388.309143 -90.333496 -119.624207 0 1 -1
0 -405.418304 -90.333496 -31.604624 1 1 -1
0 -405.418304 -0.666504 -31.604624 1 0 -1
0 -378.715881 147.333496 -194.208023 0 0 -1
0 -378.715881 57.666504 -194.208023 0 1 -1
0 -413.751343 57.666504 -111.669060 1 1 -1
0 -413.751343 147.333496 -111.669060 1 0 -1
0 -286.696808 73.333496 -287.922302 0 0 -1
0 -286.696808 -16.333496 -287.922302 0 1 -1
0 -343.126129 -16.333496 -218.237839 1 1 -1
0 -343.126129 73.333496 -218.237839 1 0 -1
3
-0.981627 0 -0.190808
-0.920506 0 -0.390729
-0.777146 0 -0.629320
6
0 0 1 2 0 0 0 1
0 0 2 3 0 0 0 1
0 4 5 6 1 1 1 1
0 4 6 7 1 1 1 1
0 8 9 10 2 2 2 1
0 8 10 11 2 2 2 1

Materials: 1
"SCREEN_2"
0.200000 0.200000 0.200000 0.640000
0.800000 0.800000 0.800000 0.640000
0 0 0 0.640000
1 1 1 0.640000
0
0.640000
"SCREEN_2.png"
""

Bones: 0
GroupComments: 0
MaterialComments: 0
BoneComments: 0
ModelComment: 0
