// MilkShape 3D ASCII

Frames: 30
Frame: 1

Meshes: 2
"BG" 0 0
20
0 -442.500000 573 442.500000 1.002112 0.347463 -1
0 -442.500000 -573 442.500000 1.002112 0.361141 -1
0 442.500000 573 442.500000 1.003659 0.347463 -1
0 442.500000 -573 442.500000 1.003659 0.361141 -1
0 442.500000 573 442.500000 1.002112 0.347463 -1
0 442.500000 -573 442.500000 1.002112 0.361141 -1
0 442.500000 573 -442.500000 1.003659 0.347463 -1
0 442.500000 -573 -442.500000 1.003659 0.361141 -1
0 442.500000 573 -442.500000 1.002112 0.347463 -1
0 442.500000 -573 -442.500000 1.002112 0.361141 -1
0 -442.500000 573 -442.500000 1.003659 0.347463 -1
0 -442.500000 -573 -442.500000 1.003659 0.361141 -1
0 -442.500000 573 -442.500000 1.002112 0.347463 -1
0 -442.500000 -573 -442.500000 1.002112 0.361141 -1
0 -442.500000 573 442.500000 1.003659 0.347463 -1
0 -442.500000 -573 442.500000 1.003659 0.361141 -1
0 -442.500000 573 442.500000 1.002112 0.361141 -1
0 442.500000 573 442.500000 1.003659 0.361141 -1
0 -442.500000 -573 442.500000 1.002112 0.347463 -1
0 442.500000 -573 442.500000 1.003659 0.347463 -1
6
0 0 1
1 0 0
0 0 -1
-1 0 0
0 1 0
0 -1 0
12
0 0 1 2 0 0 0 1
0 1 3 2 0 0 0 1
0 4 5 6 1 1 1 2
0 5 7 6 1 1 1 2
0 8 9 10 2 2 2 1
0 9 11 10 2 2 2 1
0 12 13 14 3 3 3 2
0 13 15 14 3 3 3 2
0 12 16 6 4 4 4 3
0 16 17 6 4 4 4 3
0 18 13 19 5 5 5 3
0 13 7 19 5 5 5 3
"EFFECT" 0 1
34
0 344 -515.609314 0 -0.794727 -24.793421 -1
0 344 515.609314 0 3.105273 -24.793415 -1
0 317.814545 -515.609314 131.643097 -0.794727 -22.588249 -1
0 317.814545 515.609314 131.643097 3.105273 -22.588247 -1
0 243.244736 515.609314 243.244736 3.105273 -20.383076 -1
0 243.244736 -515.609314 243.244736 -0.794727 -20.383076 -1
0 131.643097 -515.609314 317.814545 -0.794727 -18.177906 -1
0 131.643097 515.609314 317.814545 3.105273 -18.177904 -1
0 0 515.609314 344 3.105273 -15.972734 -1
0 0 -515.609314 344 -0.794727 -15.972734 -1
0 -131.643097 -515.609314 317.814545 -0.794727 -13.767562 -1
0 -131.643097 515.609314 317.814545 3.105273 -13.767562 -1
0 -243.244751 515.609314 243.244736 3.105273 -11.562390 -1
0 -243.244751 -515.609314 243.244736 -0.794727 -11.562392 -1
0 -317.814545 -515.609314 131.643097 -0.794727 -9.357219 -1
0 -317.814545 515.609314 131.643097 3.105273 -9.357218 -1
0 -344 515.609314 0 3.105273 -7.152050 -1
0 -344 -515.609314 0 -0.794727 -7.152050 -1
0 -317.814545 -515.609314 -131.643097 -0.794727 -4.946876 -1
0 -317.814545 515.609314 -131.643097 3.105273 -4.946876 -1
0 -243.244751 515.609314 -243.244736 3.105273 -2.741704 -1
0 -243.244751 -515.609314 -243.244736 -0.794727 -2.741704 -1
0 -131.643097 -515.609314 -317.814545 -0.794727 -0.536536 -1
0 -131.643097 515.609314 -317.814545 3.105273 -0.536536 -1
0 0 515.609314 -344 3.105273 1.668636 -1
0 0 -515.609314 -344 -0.794727 1.668636 -1
0 131.643097 -515.609314 -317.814545 -0.794727 3.873801 -1
0 131.643097 515.609314 -317.814545 3.105273 3.873801 -1
0 243.244736 515.609314 -243.244736 3.105273 6.078978 -1
0 243.244736 -515.609314 -243.244736 -0.794727 6.078978 -1
0 317.814545 -515.609314 -131.643097 -0.794727 8.284146 -1
0 317.814545 515.609314 -131.643097 3.105273 8.284146 -1
0 344 515.609314 0 3.105273 10.489321 -1
0 344 -515.609314 0 -0.794727 10.489321 -1
21
1 0 0
0.923880 0 0.382683
0.923880 0 0.382683
0.707107 0 0.707107
0.382683 0 0.923880
0 0 1
-0.382683 0 0.923880
-0.382683 0 0.923880
-0.707107 0 0.707107
-0.923880 0 0.382683
-1 0 0
-0.923880 0 -0.382683
-0.707107 0 -0.707107
-0.707107 0 -0.707107
-0.382683 0 -0.923880
-0.382683 0 -0.923880
0 0 -1
0.382683 0 -0.923880
0.382683 0 -0.923880
0.707107 0 -0.707107
0.923880 0 -0.382683
32
0 0 1 2 0 0 1 1
0 1 3 2 0 2 1 1
0 2 3 4 1 2 3 1
0 2 4 5 1 3 3 1
0 5 4 6 3 3 4 1
0 4 7 6 3 4 4 1
0 6 7 8 4 4 5 1
0 6 8 9 4 5 5 1
0 9 8 10 5 5 6 1
0 8 11 10 5 7 6 1
0 10 11 12 6 7 8 1
0 10 12 13 6 8 8 1
0 13 12 14 8 8 9 1
0 12 15 14 8 9 9 1
0 14 15 16 9 9 10 1
0 14 16 17 9 10 10 1
0 17 16 18 10 10 11 1
0 16 19 18 10 11 11 1
0 18 19 20 11 11 12 1
0 18 20 21 11 12 13 1
0 21 20 22 13 12 14 1
0 20 23 22 12 15 14 1
0 22 23 24 14 15 16 1
0 22 24 25 14 16 16 1
0 25 24 26 16 16 17 1
0 24 27 26 16 18 17 1
0 26 27 28 17 18 19 1
0 26 28 29 17 19 19 1
0 29 28 30 19 19 20 1
0 28 31 30 19 20 20 1
0 30 31 32 20 20 0 1
0 30 32 33 20 0 0 1

Materials: 2
"BG"
0.200000 0.200000 0.200000 1
0.800000 0.800000 0.800000 1
0 0 0 1
1 1 1 1
0
1
"BG.png"
""
"STATIC"
0.200000 0.200000 0.200000 0.560000
0.800000 0.800000 0.800000 0.560000
0 0 0 0.560000
0.952941 0.952941 0.952941 0.560000
0
0.560000
"BG_EFFECT.ini"
""

Bones: 0
GroupComments: 0
MaterialComments: 0
BoneComments: 0
ModelComment: 0
