// MilkShape 3D ASCII

Frames: 30
Frame: 1

Meshes: 1
"BACK_SCREEN3" 0 0
4
0 -465.000580 33.820503 41.060032 0 0 -1
0 -465.000580 -55.820503 41.060032 0 1 -1
0 -382.603912 -55.820503 267.442871 1 1 -1
0 -382.603912 33.820503 267.442871 1 0 -1
1
-0.939693 0 0.342020
2
0 0 1 2 0 0 0 1
0 0 2 3 0 0 0 1

Materials: 1
"SCREEN_3"
0.200000 0.200000 0.200000 0.590000
0.800000 0.800000 0.800000 0.590000
0 0 0 0.590000
1 1 1 0.590000
0
0.590000
"SCREEN_3.png"
""

Bones: 0
GroupComments: 0
MaterialComments: 0
BoneComments: 0
ModelComment: 0
