// MilkShape 3D ASCII

Frames: 30
Frame: 1

Meshes: 1
"TOP" 0 0
9
0 88.050331 -0.022128 -78.121643 1 0.056381 -1
0 0 -0.022128 0 0.500000 0.500000 -1
0 88.050339 -0.022128 78.121635 1 0.943619 -1
0 78.121643 -0.022128 88.050331 0.943619 1 -1
0 -78.121635 -0.022128 88.050339 0.056381 1 -1
0 -88.050331 -0.022128 78.121643 0 0.943619 -1
0 -88.050339 -0.022128 -78.121635 0 0.056381 -1
0 -78.121643 -0.022128 -88.050331 0.056381 0 -1
0 78.121635 -0.022128 -88.050339 0.943619 0 -1
1
0 1 0
8
0 0 1 2 0 0 0 2
0 2 1 3 0 0 0 2
0 3 1 4 0 0 0 2
0 4 1 5 0 0 0 2
0 5 1 6 0 0 0 2
0 6 1 7 0 0 0 2
0 7 1 8 0 0 0 2
0 8 1 0 0 0 0 2

Materials: 1
"TOP"
0.200000 0.200000 0.200000 1
0.800000 0.800000 0.800000 1
0 0 0 1
1 1 1 1
0
1
"TOP.png"
""

Bones: 0
GroupComments: 0
MaterialComments: 0
BoneComments: 0
ModelComment: 0
