// MilkShape 3D ASCII

Frames: 30
Frame: 1

Meshes: 1
"default" 0 0
264
0 0 -6.061080 28.337000 0 0.857143 -1
0 -5.156288 -5.707604 27.863924 0.125000 0.857143 -1
0 -5.156288 -6.549812 27.863924 0.125000 1 -1
0 0 -6.903288 28.337000 0 1 -1
0 0 -5.218872 28.337000 0 0.714286 -1
0 -5.156288 -4.865396 27.863924 0.125000 0.714286 -1
0 0 -4.376664 28.337000 0 0.571429 -1
0 -5.156288 -4.023188 27.863924 0.125000 0.571429 -1
0 0 -3.534456 28.337000 0 0.428571 -1
0 -5.156288 -3.180980 27.863924 0.125000 0.428571 -1
0 0 -2.692248 28.337000 0 0.285714 -1
0 -5.156288 -2.338768 27.863924 0.125000 0.285714 -1
0 0 -1.850036 28.337000 0 0.142857 -1
0 -5.156288 -1.496560 27.863924 0.125000 0.142857 -1
0 0 -1.007832 28.337000 0 0 -1
0 -5.156288 -0.654356 27.863924 0.125000 0 -1
0 -10.430700 -4.733088 26.347408 0.250000 0.857143 -1
0 -10.430700 -5.575300 26.347412 0.250000 1 -1
0 -10.430700 -3.890880 26.347412 0.250000 0.714286 -1
0 -10.430700 -3.048672 26.347408 0.250000 0.571429 -1
0 -10.430700 -2.206464 26.347408 0.250000 0.428571 -1
0 -10.430700 -1.364256 26.347412 0.250000 0.285714 -1
0 -10.430700 -0.522048 26.347412 0.250000 0.142857 -1
0 -10.430700 0.320160 26.347412 0.250000 0 -1
0 -15.506284 -3.445500 23.717939 0.375000 0.857143 -1
0 -15.506284 -4.287708 23.717939 0.375000 1 -1
0 -15.506284 -2.603292 23.717939 0.375000 0.714286 -1
0 -15.506284 -1.761084 23.717939 0.375000 0.571429 -1
0 -15.506284 -0.918876 23.717939 0.375000 0.428571 -1
0 -15.506284 -0.076668 23.717939 0.375000 0.285714 -1
0 -15.506284 0.765540 23.717939 0.375000 0.142857 -1
0 -15.506284 1.607748 23.717943 0.375000 0 -1
0 -20.037289 -2.105520 20.037289 0.500000 0.857143 -1
0 -20.037285 -2.947728 20.037285 0.500000 1 -1
0 -20.037285 -1.263312 20.037289 0.500000 0.714286 -1
0 -20.037285 -0.421104 20.037285 0.500000 0.571429 -1
0 -20.037285 0.421104 20.037285 0.500000 0.428571 -1
0 -20.037285 1.263312 20.037289 0.500000 0.285714 -1
0 -20.037289 2.105520 20.037289 0.500000 0.142857 -1
0 -20.037289 2.947728 20.037289 0.500000 0 -1
0 -23.717943 -0.765540 15.506284 0.625000 0.857143 -1
0 -23.717939 -1.607748 15.506284 0.625000 1 -1
0 -23.717939 0.076668 15.506284 0.625000 0.714286 -1
0 -23.717939 0.918876 15.506284 0.625000 0.571429 -1
0 -23.717939 1.761088 15.506284 0.625000 0.428571 -1
0 -23.717939 2.603296 15.506284 0.625000 0.285714 -1
0 -23.717939 3.445504 15.506284 0.625000 0.142857 -1
0 -23.717943 4.287708 15.506284 0.625000 0 -1
0 -26.347408 0.522048 10.430700 0.750000 0.857143 -1
0 -26.347412 -0.320160 10.430700 0.750000 1 -1
0 -26.347412 1.364260 10.430700 0.750000 0.714286 -1
0 -26.347412 2.206468 10.430700 0.750000 0.571429 -1
0 -26.347412 3.048676 10.430700 0.750000 0.428571 -1
0 -26.347412 3.890884 10.430700 0.750000 0.285714 -1
0 -26.347412 4.733092 10.430700 0.750000 0.142857 -1
0 -26.347412 5.575300 10.430700 0.750000 0 -1
0 -27.863924 1.496564 5.156288 0.875000 0.857143 -1
0 -27.863924 0.654356 5.156288 0.875000 1 -1
0 -27.863924 2.338772 5.156288 0.875000 0.714286 -1
0 -27.863924 3.180980 5.156288 0.875000 0.571429 -1
0 -27.863924 4.023188 5.156288 0.875000 0.428571 -1
0 -27.863924 4.865396 5.156288 0.875000 0.285714 -1
0 -27.863924 5.707604 5.156288 0.875000 0.142857 -1
0 -27.863924 6.549812 5.156288 0.875000 0 -1
0 -28.337000 1.850040 0 1 0.857143 -1
0 -28.337000 1.007832 0 1 1 -1
0 -28.337000 2.692248 0 1 0.714286 -1
0 -28.337000 3.534456 0 1 0.571429 -1
0 -28.337000 4.376664 0 1 0.428571 -1
0 -28.337000 5.218872 0 1 0.285714 -1
0 -28.337000 6.061084 0 1 0.142857 -1
0 -28.337000 6.903288 0 1 0 -1
0 -27.863924 1.496564 -5.156288 1.125000 0.857143 -1
0 -27.863924 0.654356 -5.156288 1.125000 1 -1
0 -27.863924 2.338772 -5.156288 1.125000 0.714286 -1
0 -27.863924 3.180980 -5.156288 1.125000 0.571429 -1
0 -27.863924 4.023188 -5.156288 1.125000 0.428571 -1
0 -27.863924 4.865396 -5.156288 1.125000 0.285714 -1
0 -27.863924 5.707604 -5.156288 1.125000 0.142857 -1
0 -27.863924 6.549812 -5.156288 1.125000 0 -1
0 -26.347408 0.522048 -10.430700 1.250000 0.857143 -1
0 -26.347412 -0.320160 -10.430700 1.250000 1 -1
0 -26.347412 1.364260 -10.430700 1.250000 0.714286 -1
0 -26.347408 2.206468 -10.430700 1.250000 0.571429 -1
0 -26.347408 3.048676 -10.430700 1.250000 0.428571 -1
0 -26.347412 3.890884 -10.430700 1.250000 0.285714 -1
0 -26.347412 4.733092 -10.430700 1.250000 0.142857 -1
0 -26.347412 5.575300 -10.430700 1.250000 0 -1
0 -23.717939 -0.765540 -15.506284 1.375000 0.857143 -1
0 -23.717939 -1.607748 -15.506284 1.375000 1 -1
0 -23.717939 0.076668 -15.506284 1.375000 0.714286 -1
0 -23.717939 0.918880 -15.506284 1.375000 0.571429 -1
0 -23.717939 1.761088 -15.506284 1.375000 0.428571 -1
0 -23.717939 2.603296 -15.506284 1.375000 0.285714 -1
0 -23.717939 3.445504 -15.506284 1.375000 0.142857 -1
0 -23.717943 4.287708 -15.506284 1.375000 0 -1
0 -20.037289 -2.105520 -20.037289 1.500000 0.857143 -1
0 -20.037285 -2.947728 -20.037285 1.500000 1 -1
0 -20.037289 -1.263312 -20.037285 1.500000 0.714286 -1
0 -20.037285 -0.421104 -20.037285 1.500000 0.571429 -1
0 -20.037285 0.421104 -20.037285 1.500000 0.428571 -1
0 -20.037289 1.263316 -20.037285 1.500000 0.285714 -1
0 -20.037289 2.105520 -20.037289 1.500000 0.142857 -1
0 -20.037289 2.947728 -20.037289 1.500000 0 -1
0 -15.506284 -3.445500 -23.717943 1.625000 0.857143 -1
0 -15.506284 -4.287708 -23.717939 1.625000 1 -1
0 -15.506284 -2.603292 -23.717939 1.625000 0.714286 -1
0 -15.506284 -1.761084 -23.717939 1.625000 0.571429 -1
0 -15.506284 -0.918876 -23.717939 1.625000 0.428571 -1
0 -15.506284 -0.076668 -23.717939 1.625000 0.285714 -1
0 -15.506284 0.765540 -23.717939 1.625000 0.142857 -1
0 -15.506284 1.607748 -23.717943 1.625000 0 -1
0 -10.430700 -4.733088 -26.347408 1.750000 0.857143 -1
0 -10.430700 -5.575300 -26.347412 1.750000 1 -1
0 -10.430700 -3.890880 -26.347412 1.750000 0.714286 -1
0 -10.430700 -3.048672 -26.347412 1.750000 0.571429 -1
0 -10.430700 -2.206464 -26.347412 1.750000 0.428571 -1
0 -10.430700 -1.364256 -26.347412 1.750000 0.285714 -1
0 -10.430700 -0.522048 -26.347412 1.750000 0.142857 -1
0 -10.430700 0.320160 -26.347412 1.750000 0 -1
0 -5.156288 -5.707604 -27.863924 1.875000 0.857143 -1
0 -5.156288 -6.549812 -27.863924 1.875000 1 -1
0 -5.156288 -4.865396 -27.863924 1.875000 0.714286 -1
0 -5.156288 -4.023188 -27.863924 1.875000 0.571429 -1
0 -5.156288 -3.180976 -27.863924 1.875000 0.428571 -1
0 -5.156288 -2.338768 -27.863924 1.875000 0.285714 -1
0 -5.156288 -1.496560 -27.863924 1.875000 0.142857 -1
0 -5.156288 -0.654356 -27.863924 1.875000 0 -1
0 0 -6.061080 -28.337000 2 0.857143 -1
0 0 -6.903288 -28.337000 2 1 -1
0 0 -5.218872 -28.337000 2 0.714286 -1
0 0 -4.376664 -28.337000 2 0.571429 -1
0 0 -3.534456 -28.337000 2 0.428571 -1
0 0 -2.692248 -28.337000 2 0.285714 -1
0 0 -1.850036 -28.337000 2 0.142857 -1
0 0 -1.007832 -28.337000 2 0 -1
0 5.156288 -5.707604 -27.863924 2.125000 0.857143 -1
0 5.156288 -6.549812 -27.863924 2.125000 1 -1
0 5.156288 -4.865396 -27.863924 2.125000 0.714286 -1
0 5.156288 -4.023184 -27.863924 2.125000 0.571429 -1
0 5.156288 -3.180976 -27.863924 2.125000 0.428571 -1
0 5.156288 -2.338768 -27.863924 2.125000 0.285714 -1
0 5.156288 -1.496560 -27.863924 2.125000 0.142857 -1
0 5.156288 -0.654356 -27.863924 2.125000 0 -1
0 10.430700 -4.733088 -26.347408 2.250000 0.857143 -1
0 10.430700 -5.575300 -26.347412 2.250000 1 -1
0 10.430700 -3.890880 -26.347412 2.250000 0.714286 -1
0 10.430700 -3.048672 -26.347408 2.250000 0.571429 -1
0 10.430700 -2.206464 -26.347408 2.250000 0.428571 -1
0 10.430700 -1.364256 -26.347412 2.250000 0.285714 -1
0 10.430700 -0.522048 -26.347412 2.250000 0.142857 -1
0 10.430700 0.320160 -26.347412 2.250000 0 -1
0 15.506284 -3.445500 -23.717939 2.375000 0.857143 -1
0 15.506284 -4.287708 -23.717939 2.375000 1 -1
0 15.506284 -2.603292 -23.717939 2.375000 0.714286 -1
0 15.506284 -1.761084 -23.717939 2.375000 0.571429 -1
0 15.506284 -0.918876 -23.717939 2.375000 0.428571 -1
0 15.506284 -0.076668 -23.717939 2.375000 0.285714 -1
0 15.506284 0.765540 -23.717939 2.375000 0.142857 -1
0 15.506284 1.607748 -23.717943 2.375000 0 -1
0 20.037289 -2.105520 -20.037289 2.500000 0.857143 -1
0 20.037285 -2.947728 -20.037285 2.500000 1 -1
0 20.037285 -1.263312 -20.037289 2.500000 0.714286 -1
0 20.037285 -0.421104 -20.037285 2.500000 0.571429 -1
0 20.037285 0.421104 -20.037285 2.500000 0.428571 -1
0 20.037285 1.263312 -20.037289 2.500000 0.285714 -1
0 20.037289 2.105520 -20.037289 2.500000 0.142857 -1
0 20.037289 2.947728 -20.037289 2.500000 0 -1
0 23.717943 -0.765540 -15.506284 2.625000 0.857143 -1
0 23.717939 -1.607748 -15.506284 2.625000 1 -1
0 23.717939 0.076668 -15.506284 2.625000 0.714286 -1
0 23.717939 0.918876 -15.506284 2.625000 0.571429 -1
0 23.717939 1.761084 -15.506284 2.625000 0.428571 -1
0 23.717939 2.603292 -15.506284 2.625000 0.285714 -1
0 23.717939 3.445504 -15.506284 2.625000 0.142857 -1
0 23.717943 4.287708 -15.506284 2.625000 0 -1
0 26.347408 0.522048 -10.430700 2.750000 0.857143 -1
0 26.347412 -0.320160 -10.430700 2.750000 1 -1
0 26.347412 1.364260 -10.430700 2.750000 0.714286 -1
0 26.347412 2.206468 -10.430700 2.750000 0.571429 -1
0 26.347412 3.048676 -10.430700 2.750000 0.428571 -1
0 26.347412 3.890884 -10.430700 2.750000 0.285714 -1
0 26.347412 4.733092 -10.430700 2.750000 0.142857 -1
0 26.347412 5.575300 -10.430700 2.750000 0 -1
0 27.863924 1.496564 -5.156288 2.875000 0.857143 -1
0 27.863924 0.654356 -5.156288 2.875000 1 -1
0 27.863924 2.338772 -5.156288 2.875000 0.714286 -1
0 27.863924 3.180980 -5.156288 2.875000 0.571429 -1
0 27.863924 4.023188 -5.156288 2.875000 0.428571 -1
0 27.863924 4.865396 -5.156288 2.875000 0.285714 -1
0 27.863924 5.707604 -5.156288 2.875000 0.142857 -1
0 27.863924 6.549808 -5.156288 2.875000 0 -1
0 28.337000 1.850040 0 3 0.857143 -1
0 28.337000 1.007832 0 3 1 -1
0 28.337000 2.692248 0 3 0.714286 -1
0 28.337000 3.534456 0 3 0.571429 -1
0 28.337000 4.376664 0 3 0.428571 -1
0 28.337000 5.218872 0 3 0.285714 -1
0 28.337000 6.061084 0 3 0.142857 -1
0 28.337000 6.903288 0 3 0 -1
0 27.863924 1.496564 5.156288 3.125000 0.857143 -1
0 27.863924 0.654356 5.156288 3.125000 1 -1
0 27.863924 2.338772 5.156288 3.125000 0.714286 -1
0 27.863924 3.180980 5.156288 3.125000 0.571429 -1
0 27.863924 4.023188 5.156288 3.125000 0.428571 -1
0 27.863924 4.865396 5.156288 3.125000 0.285714 -1
0 27.863924 5.707604 5.156288 3.125000 0.142857 -1
0 27.863924 6.549808 5.156288 3.125000 0 -1
0 26.347408 0.522052 10.430700 3.250000 0.857143 -1
0 26.347412 -0.320160 10.430700 3.250000 1 -1
0 26.347412 1.364260 10.430700 3.250000 0.714286 -1
0 26.347408 2.206468 10.430700 3.250000 0.571429 -1
0 26.347408 3.048676 10.430700 3.250000 0.428571 -1
0 26.347412 3.890884 10.430700 3.250000 0.285714 -1
0 26.347412 4.733092 10.430700 3.250000 0.142857 -1
0 26.347412 5.575300 10.430700 3.250000 0 -1
0 23.717939 -0.765540 15.506284 3.375000 0.857143 -1
0 23.717939 -1.607748 15.506284 3.375000 1 -1
0 23.717939 0.076668 15.506284 3.375000 0.714286 -1
0 23.717939 0.918876 15.506284 3.375000 0.571429 -1
0 23.717939 1.761084 15.506284 3.375000 0.428571 -1
0 23.717939 2.603292 15.506284 3.375000 0.285714 -1
0 23.717939 3.445504 15.506284 3.375000 0.142857 -1
0 23.717943 4.287708 15.506284 3.375000 0 -1
0 20.037289 -2.105520 20.037289 3.500000 0.857143 -1
0 20.037285 -2.947728 20.037285 3.500000 1 -1
0 20.037289 -1.263312 20.037285 3.500000 0.714286 -1
0 20.037285 -0.421104 20.037285 3.500000 0.571429 -1
0 20.037285 0.421104 20.037285 3.500000 0.428571 -1
0 20.037289 1.263312 20.037285 3.500000 0.285714 -1
0 20.037289 2.105520 20.037289 3.500000 0.142857 -1
0 20.037289 2.947728 20.037289 3.500000 0 -1
0 15.506284 -3.445500 23.717943 3.625000 0.857143 -1
0 15.506284 -4.287708 23.717939 3.625000 1 -1
0 15.506284 -2.603292 23.717939 3.625000 0.714286 -1
0 15.506284 -1.761084 23.717939 3.625000 0.571429 -1
0 15.506284 -0.918876 23.717939 3.625000 0.428571 -1
0 15.506284 -0.076668 23.717939 3.625000 0.285714 -1
0 15.506284 0.765540 23.717939 3.625000 0.142857 -1
0 15.506284 1.607748 23.717943 3.625000 0 -1
0 10.430700 -4.733088 26.347408 3.750000 0.857143 -1
0 10.430700 -5.575300 26.347412 3.750000 1 -1
0 10.430700 -3.890880 26.347412 3.750000 0.714286 -1
0 10.430700 -3.048672 26.347412 3.750000 0.571429 -1
0 10.430700 -2.206464 26.347412 3.750000 0.428571 -1
0 10.430700 -1.364256 26.347412 3.750000 0.285714 -1
0 10.430700 -0.522048 26.347412 3.750000 0.142857 -1
0 10.430700 0.320160 26.347412 3.750000 0 -1
0 5.156288 -5.707604 27.863924 3.875000 0.857143 -1
0 5.156288 -6.549812 27.863924 3.875000 1 -1
0 5.156288 -4.865396 27.863924 3.875000 0.714286 -1
0 5.156288 -4.023188 27.863924 3.875000 0.571429 -1
0 5.156288 -3.180976 27.863924 3.875000 0.428571 -1
0 5.156288 -2.338768 27.863924 3.875000 0.285714 -1
0 5.156288 -1.496560 27.863924 3.875000 0.142857 -1
0 5.156288 -0.654356 27.863924 3.875000 0 -1
0 0 -6.061080 28.337000 4 0.857143 -1
0 0 -6.903288 28.337000 4 1 -1
0 0 -5.218872 28.337000 4 0.714286 -1
0 0 -4.376664 28.337000 4 0.571429 -1
0 0 -3.534456 28.337000 4 0.428571 -1
0 0 -2.692248 28.337000 4 0.285714 -1
0 0 -1.850036 28.337000 4 0.142857 -1
0 0 -1.007832 28.337000 4 0 -1
217
-0 0 1
-0.184665 0.000001 0.982801
-0.153624 0 0.988129
0.030568 0 0.999533
-0.184665 -0.000001 0.982801
-0 0 1
-0.184665 0.000001 0.982801
0 0 1
-0.184665 0 0.982801
-0.184665 -0.000001 0.982801
-0 0 1
-0.184665 0 0.982802
-0.030568 0 0.999533
-0.215523 0 0.976499
-0.369975 -0 0.929042
-0.339026 0.000003 0.940777
-0.369975 0 0.929042
-0.369975 0.000001 0.929042
-0.369975 -0.000001 0.929042
-0.369975 -0.000001 0.929042
-0.369975 0 0.929042
-0.400518 -0.000001 0.916289
-0.548110 -0.000002 0.836406
-0.519239 0.000001 0.854629
-0.548109 0.000001 0.836407
-0.548110 0.000001 0.836407
-0.548110 -0.000001 0.836406
-0.548110 -0.000001 0.836406
-0.548110 -0.000002 0.836406
-0.576342 -0.000003 0.817209
-0.707107 -0.000002 0.707107
-0.682293 -0.000004 0.731079
-0.707106 0.000003 0.707107
-0.707107 0.000001 0.707107
-0.707107 -0.000001 0.707107
-0.707107 -0.000002 0.707107
-0.707107 -0.000002 0.707107
-0.731080 -0.000001 0.682292
-0.836406 0.000001 0.548110
-0.817210 -0.000005 0.576341
-0.836406 0.000001 0.548110
-0.836406 0 0.548110
-0.836406 -0 0.548110
-0.836406 -0.000001 0.548110
-0.836407 -0.000001 0.548109
-0.854629 -0.000003 0.519239
-0.929042 0.000001 0.369975
-0.916289 0.000001 0.400518
-0.929042 -0.000001 0.369975
-0.929042 0 0.369975
-0.929042 -0.000001 0.369975
-0.940777 0 0.339026
-0.982801 -0.000001 0.184665
-0.976499 0.000001 0.215523
-0.982802 0 0.184665
-0.988129 0 0.153624
-1 0 -0
-0.999533 0 0.030568
-1 0 0
-0.999533 0 -0.030568
-0.982801 0.000001 -0.184665
-0.988129 0 -0.153624
-0.982802 -0.000001 -0.184665
-0.982801 0.000001 -0.184665
-0.982801 0 -0.184665
-0.982802 -0.000001 -0.184665
-0.982802 0 -0.184665
-0.976499 0 -0.215523
-0.929042 0 -0.369975
-0.940777 0.000003 -0.339027
-0.929042 0 -0.369975
-0.929042 0.000001 -0.369975
-0.929042 -0.000001 -0.369975
-0.929042 0 -0.369975
-0.916289 -0.000001 -0.400517
-0.836407 -0.000002 -0.548109
-0.854629 0.000001 -0.519240
-0.836406 0.000001 -0.548110
-0.836406 0.000001 -0.548110
-0.836406 -0.000001 -0.548110
-0.836406 -0.000001 -0.548110
-0.836407 -0.000002 -0.548109
-0.817210 -0.000003 -0.576341
-0.707107 -0.000002 -0.707106
-0.731080 -0.000004 -0.682292
-0.707106 0.000003 -0.707107
-0.707107 0.000001 -0.707107
-0.707107 -0.000001 -0.707107
-0.707107 -0.000002 -0.707106
-0.707107 -0.000002 -0.707107
-0.682293 -0.000001 -0.731079
-0.548109 0.000001 -0.836407
-0.576342 -0.000005 -0.817208
-0.548109 0.000001 -0.836407
-0.548110 0 -0.836406
-0.548110 -0 -0.836406
-0.548110 -0.000001 -0.836406
-0.548110 -0.000001 -0.836406
-0.519240 -0.000003 -0.854629
-0.369975 0.000001 -0.929042
-0.400517 0.000001 -0.916289
-0.369975 -0.000001 -0.929042
-0.369975 0 -0.929042
-0.369975 -0.000001 -0.929042
-0.339026 0 -0.940777
-0.184665 -0.000001 -0.982801
-0.215523 0.000001 -0.976499
-0.184665 0 -0.982802
-0.153624 0 -0.988129
-0 0 -1
-0.030568 0 -0.999533
0 0 -1
0.030568 0 -0.999533
0.184665 0.000001 -0.982801
0.153624 0 -0.988129
0.184665 -0.000001 -0.982801
0.184665 0.000001 -0.982801
0.184665 0 -0.982801
0.184665 -0.000001 -0.982801
0.184665 0 -0.982802
0.215523 0 -0.976499
0.369975 -0 -0.929042
0.339026 0.000003 -0.940777
0.369975 0 -0.929042
0.369975 0.000001 -0.929042
0.369975 -0.000001 -0.929042
0.369975 -0.000001 -0.929042
0.369975 0 -0.929042
0.400518 -0.000001 -0.916289
0.548110 -0.000002 -0.836406
0.519239 0.000001 -0.854629
0.548109 0.000001 -0.836407
0.548110 0.000001 -0.836407
0.548110 -0.000001 -0.836406
0.548110 -0.000001 -0.836406
0.548110 -0.000002 -0.836406
0.576342 -0.000003 -0.817209
0.707107 -0.000002 -0.707107
0.682293 -0.000004 -0.731079
0.707106 0.000003 -0.707107
0.707107 0.000001 -0.707107
0.707107 -0.000001 -0.707107
0.707107 -0.000002 -0.707107
0.707107 -0.000002 -0.707107
0.731080 -0.000001 -0.682292
0.836406 0.000001 -0.548110
0.817210 -0.000005 -0.576341
0.836406 0.000001 -0.548110
0.836406 0 -0.548110
0.836406 -0 -0.548110
0.836406 -0.000001 -0.548110
0.836407 -0.000001 -0.548109
0.854629 -0.000003 -0.519239
0.929042 0.000001 -0.369975
0.916289 0.000001 -0.400518
0.929042 -0.000001 -0.369975
0.929042 0 -0.369975
0.929042 -0.000001 -0.369975
0.940777 0 -0.339026
0.982801 -0.000001 -0.184665
0.976499 0.000001 -0.215523
0.982802 0 -0.184665
0.988129 0 -0.153624
1 0 0
0.999533 0 -0.030568
1 0 -0
0.999533 0 0.030568
0.982801 0.000001 0.184665
0.988129 0 0.153624
0.982802 -0.000001 0.184665
0.982801 0.000001 0.184665
0.982801 0 0.184665
0.982802 -0.000001 0.184665
0.982802 0 0.184665
0.976499 0 0.215523
0.929042 -0 0.369975
0.940777 0.000003 0.339027
0.929042 -0 0.369975
0.929042 0.000001 0.369975
0.929042 -0.000001 0.369975
0.929042 -0.000001 0.369975
0.929042 0 0.369975
0.916289 -0.000001 0.400517
0.836407 -0.000002 0.548109
0.854629 0.000001 0.519240
0.836406 0.000001 0.548110
0.836406 0.000001 0.548110
0.836406 -0.000001 0.548110
0.836406 -0.000001 0.548110
0.836407 -0.000002 0.548109
0.817210 -0.000003 0.576341
0.707107 -0.000002 0.707106
0.731080 -0.000004 0.682292
0.707106 0.000003 0.707107
0.707107 0.000001 0.707107
0.707107 -0.000001 0.707107
0.707107 -0.000002 0.707106
0.707107 -0.000002 0.707107
0.682293 -0.000001 0.731079
0.548109 0.000001 0.836407
0.576342 -0.000005 0.817208
0.548109 0.000001 0.836407
0.548110 0 0.836406
0.548110 -0 0.836406
0.548110 -0.000001 0.836406
0.548110 -0.000001 0.836406
0.519240 -0.000003 0.854629
0.369975 0.000001 0.929042
0.400517 0.000001 0.916289
0.369975 -0.000001 0.929042
0.369975 0 0.929042
0.369975 -0.000001 0.929042
0.339026 0 0.940777
0.184665 -0.000001 0.982801
0.215523 0.000001 0.976499
0.184665 0 0.982802
0.153624 0 0.988129
448
0 0 1 2 0 1 2 1
0 0 2 3 0 2 3 1
0 4 5 1 0 4 1 1
0 4 1 0 0 1 0 1
0 6 7 5 5 6 4 1
0 6 5 4 5 4 0 1
0 8 9 7 7 8 6 1
0 8 7 6 7 6 5 1
0 10 11 9 0 9 8 1
0 10 9 8 0 8 7 1
0 12 13 11 10 11 9 1
0 12 11 10 10 9 0 1
0 14 15 13 12 13 11 1
0 14 13 12 12 11 10 1
0 1 16 17 1 14 15 1
0 1 17 2 1 15 2 1
0 5 18 16 4 16 14 1
0 5 16 1 4 14 1 1
0 7 19 18 6 17 16 1
0 7 18 5 6 16 4 1
0 9 20 19 8 18 17 1
0 9 19 7 8 17 6 1
0 11 21 20 9 19 18 1
0 11 20 9 9 18 8 1
0 13 22 21 11 20 19 1
0 13 21 11 11 19 9 1
0 15 23 22 13 21 20 1
0 15 22 13 13 20 11 1
0 16 24 25 14 22 23 1
0 16 25 17 14 23 15 1
0 18 26 24 16 24 22 1
0 18 24 16 16 22 14 1
0 19 27 26 17 25 24 1
0 19 26 18 17 24 16 1
0 20 28 27 18 26 25 1
0 20 27 19 18 25 17 1
0 21 29 28 19 27 26 1
0 21 28 20 19 26 18 1
0 22 30 29 20 28 27 1
0 22 29 21 20 27 19 1
0 23 31 30 21 29 28 1
0 23 30 22 21 28 20 1
0 24 32 33 22 30 31 1
0 24 33 25 22 31 23 1
0 26 34 32 24 32 30 1
0 26 32 24 24 30 22 1
0 27 35 34 25 33 32 1
0 27 34 26 25 32 24 1
0 28 36 35 26 34 33 1
0 28 35 27 26 33 25 1
0 29 37 36 27 35 34 1
0 29 36 28 27 34 26 1
0 30 38 37 28 36 35 1
0 30 37 29 28 35 27 1
0 31 39 38 29 37 36 1
0 31 38 30 29 36 28 1
0 32 40 41 30 38 39 1
0 32 41 33 30 39 31 1
0 34 42 40 32 40 38 1
0 34 40 32 32 38 30 1
0 35 43 42 33 41 40 1
0 35 42 34 33 40 32 1
0 36 44 43 34 42 41 1
0 36 43 35 34 41 33 1
0 37 45 44 35 43 42 1
0 37 44 36 35 42 34 1
0 38 46 45 36 44 43 1
0 38 45 37 36 43 35 1
0 39 47 46 37 45 44 1
0 39 46 38 37 44 36 1
0 40 48 49 38 46 47 1
0 40 49 41 38 47 39 1
0 42 50 48 40 48 46 1
0 42 48 40 40 46 38 1
0 43 51 50 41 49 48 1
0 43 50 42 41 48 40 1
0 44 52 51 42 49 49 1
0 44 51 43 42 49 41 1
0 45 53 52 43 49 49 1
0 45 52 44 43 49 42 1
0 46 54 53 44 50 49 1
0 46 53 45 44 49 43 1
0 47 55 54 45 51 50 1
0 47 54 46 45 50 44 1
0 48 56 57 46 52 53 1
0 48 57 49 46 53 47 1
0 50 58 56 48 54 52 1
0 50 56 48 48 52 46 1
0 51 59 58 49 54 54 1
0 51 58 50 49 54 48 1
0 52 60 59 49 54 54 1
0 52 59 51 49 54 49 1
0 53 61 60 49 54 54 1
0 53 60 52 49 54 49 1
0 54 62 61 50 54 54 1
0 54 61 53 50 54 49 1
0 55 63 62 51 55 54 1
0 55 62 54 51 54 50 1
0 56 64 65 52 56 57 1
0 56 65 57 52 57 53 1
0 58 66 64 54 56 56 1
0 58 64 56 54 56 52 1
0 59 67 66 54 56 56 1
0 59 66 58 54 56 54 1
0 60 68 67 54 56 56 1
0 60 67 59 54 56 54 1
0 61 69 68 54 58 56 1
0 61 68 60 54 56 54 1
0 62 70 69 54 58 58 1
0 62 69 61 54 58 54 1
0 63 71 70 55 59 58 1
0 63 70 62 55 58 54 1
0 64 72 73 56 60 61 1
0 64 73 65 56 61 57 1
0 66 74 72 56 62 60 1
0 66 72 64 56 60 56 1
0 67 75 74 56 63 62 1
0 67 74 66 56 62 56 1
0 68 76 75 56 64 63 1
0 68 75 67 56 63 56 1
0 69 77 76 58 65 64 1
0 69 76 68 58 64 56 1
0 70 78 77 58 66 65 1
0 70 77 69 58 65 58 1
0 71 79 78 59 67 66 1
0 71 78 70 59 66 58 1
0 72 80 81 60 68 69 1
0 72 81 73 60 69 61 1
0 74 82 80 62 70 68 1
0 74 80 72 62 68 60 1
0 75 83 82 63 71 70 1
0 75 82 74 63 70 62 1
0 76 84 83 64 72 71 1
0 76 83 75 64 71 63 1
0 77 85 84 65 72 72 1
0 77 84 76 65 72 64 1
0 78 86 85 66 73 72 1
0 78 85 77 66 72 65 1
0 79 87 86 67 74 73 1
0 79 86 78 67 73 66 1
0 80 88 89 68 75 76 1
0 80 89 81 68 76 69 1
0 82 90 88 70 77 75 1
0 82 88 80 70 75 68 1
0 83 91 90 71 78 77 1
0 83 90 82 71 77 70 1
0 84 92 91 72 79 78 1
0 84 91 83 72 78 71 1
0 85 93 92 72 80 79 1
0 85 92 84 72 79 72 1
0 86 94 93 73 81 80 1
0 86 93 85 73 80 72 1
0 87 95 94 74 82 81 1
0 87 94 86 74 81 73 1
0 88 96 97 75 83 84 1
0 88 97 89 75 84 76 1
0 90 98 96 77 85 83 1
0 90 96 88 77 83 75 1
0 91 99 98 78 86 85 1
0 91 98 90 78 85 77 1
0 92 100 99 79 87 86 1
0 92 99 91 79 86 78 1
0 93 101 100 80 88 87 1
0 93 100 92 80 87 79 1
0 94 102 101 81 89 88 1
0 94 101 93 81 88 80 1
0 95 103 102 82 90 89 1
0 95 102 94 82 89 81 1
0 96 104 105 83 91 92 1
0 96 105 97 83 92 84 1
0 98 106 104 85 93 91 1
0 98 104 96 85 91 83 1
0 99 107 106 86 94 93 1
0 99 106 98 86 93 85 1
0 100 108 107 87 95 94 1
0 100 107 99 87 94 86 1
0 101 109 108 88 96 95 1
0 101 108 100 88 95 87 1
0 102 110 109 89 97 96 1
0 102 109 101 89 96 88 1
0 103 111 110 90 98 97 1
0 103 110 102 90 97 89 1
0 104 112 113 91 99 100 1
0 104 113 105 91 100 92 1
0 106 114 112 93 101 99 1
0 106 112 104 93 99 91 1
0 107 115 114 94 102 101 1
0 107 114 106 94 101 93 1
0 108 116 115 95 102 102 1
0 108 115 107 95 102 94 1
0 109 117 116 96 102 102 1
0 109 116 108 96 102 95 1
0 110 118 117 97 103 102 1
0 110 117 109 97 102 96 1
0 111 119 118 98 104 103 1
0 111 118 110 98 103 97 1
0 112 120 121 99 105 106 1
0 112 121 113 99 106 100 1
0 114 122 120 101 107 105 1
0 114 120 112 101 105 99 1
0 115 123 122 102 107 107 1
0 115 122 114 102 107 101 1
0 116 124 123 102 107 107 1
0 116 123 115 102 107 102 1
0 117 125 124 102 107 107 1
0 117 124 116 102 107 102 1
0 118 126 125 103 107 107 1
0 118 125 117 103 107 102 1
0 119 127 126 104 108 107 1
0 119 126 118 104 107 103 1
0 120 128 129 105 109 110 1
0 120 129 121 105 110 106 1
0 122 130 128 107 109 109 1
0 122 128 120 107 109 105 1
0 123 131 130 107 111 109 1
0 123 130 122 107 109 107 1
0 124 132 131 107 111 111 1
0 124 131 123 107 111 107 1
0 125 133 132 107 109 111 1
0 125 132 124 107 111 107 1
0 126 134 133 107 111 109 1
0 126 133 125 107 109 107 1
0 127 135 134 108 112 111 1
0 127 134 126 108 111 107 1
0 128 136 137 109 113 114 1
0 128 137 129 109 114 110 1
0 130 138 136 109 115 113 1
0 130 136 128 109 113 109 1
0 131 139 138 111 116 115 1
0 131 138 130 111 115 109 1
0 132 140 139 111 117 116 1
0 132 139 131 111 116 111 1
0 133 141 140 109 118 117 1
0 133 140 132 109 117 111 1
0 134 142 141 111 119 118 1
0 134 141 133 111 118 109 1
0 135 143 142 112 120 119 1
0 135 142 134 112 119 111 1
0 136 144 145 113 121 122 1
0 136 145 137 113 122 114 1
0 138 146 144 115 123 121 1
0 138 144 136 115 121 113 1
0 139 147 146 116 124 123 1
0 139 146 138 116 123 115 1
0 140 148 147 117 125 124 1
0 140 147 139 117 124 116 1
0 141 149 148 118 126 125 1
0 141 148 140 118 125 117 1
0 142 150 149 119 127 126 1
0 142 149 141 119 126 118 1
0 143 151 150 120 128 127 1
0 143 150 142 120 127 119 1
0 144 152 153 121 129 130 1
0 144 153 145 121 130 122 1
0 146 154 152 123 131 129 1
0 146 152 144 123 129 121 1
0 147 155 154 124 132 131 1
0 147 154 146 124 131 123 1
0 148 156 155 125 133 132 1
0 148 155 147 125 132 124 1
0 149 157 156 126 134 133 1
0 149 156 148 126 133 125 1
0 150 158 157 127 135 134 1
0 150 157 149 127 134 126 1
0 151 159 158 128 136 135 1
0 151 158 150 128 135 127 1
0 152 160 161 129 137 138 1
0 152 161 153 129 138 130 1
0 154 162 160 131 139 137 1
0 154 160 152 131 137 129 1
0 155 163 162 132 140 139 1
0 155 162 154 132 139 131 1
0 156 164 163 133 141 140 1
0 156 163 155 133 140 132 1
0 157 165 164 134 142 141 1
0 157 164 156 134 141 133 1
0 158 166 165 135 143 142 1
0 158 165 157 135 142 134 1
0 159 167 166 136 144 143 1
0 159 166 158 136 143 135 1
0 160 168 169 137 145 146 1
0 160 169 161 137 146 138 1
0 162 170 168 139 147 145 1
0 162 168 160 139 145 137 1
0 163 171 170 140 148 147 1
0 163 170 162 140 147 139 1
0 164 172 171 141 149 148 1
0 164 171 163 141 148 140 1
0 165 173 172 142 150 149 1
0 165 172 164 142 149 141 1
0 166 174 173 143 151 150 1
0 166 173 165 143 150 142 1
0 167 175 174 144 152 151 1
0 167 174 166 144 151 143 1
0 168 176 177 145 153 154 1
0 168 177 169 145 154 146 1
0 170 178 176 147 155 153 1
0 170 176 168 147 153 145 1
0 171 179 178 148 156 155 1
0 171 178 170 148 155 147 1
0 172 180 179 149 156 156 1
0 172 179 171 149 156 148 1
0 173 181 180 150 156 156 1
0 173 180 172 150 156 149 1
0 174 182 181 151 157 156 1
0 174 181 173 151 156 150 1
0 175 183 182 152 158 157 1
0 175 182 174 152 157 151 1
0 176 184 185 153 159 160 1
0 176 185 177 153 160 154 1
0 178 186 184 155 161 159 1
0 178 184 176 155 159 153 1
0 179 187 186 156 161 161 1
0 179 186 178 156 161 155 1
0 180 188 187 156 161 161 1
0 180 187 179 156 161 156 1
0 181 189 188 156 161 161 1
0 181 188 180 156 161 156 1
0 182 190 189 157 161 161 1
0 182 189 181 157 161 156 1
0 183 191 190 158 162 161 1
0 183 190 182 158 161 157 1
0 184 192 193 159 163 164 1
0 184 193 185 159 164 160 1
0 186 194 192 161 163 163 1
0 186 192 184 161 163 159 1
0 187 195 194 161 163 163 1
0 187 194 186 161 163 161 1
0 188 196 195 161 163 163 1
0 188 195 187 161 163 161 1
0 189 197 196 161 165 163 1
0 189 196 188 161 163 161 1
0 190 198 197 161 165 165 1
0 190 197 189 161 165 161 1
0 191 199 198 162 166 165 1
0 191 198 190 162 165 161 1
0 192 200 201 163 167 168 1
0 192 201 193 163 168 164 1
0 194 202 200 163 169 167 1
0 194 200 192 163 167 163 1
0 195 203 202 163 170 169 1
0 195 202 194 163 169 163 1
0 196 204 203 163 171 170 1
0 196 203 195 163 170 163 1
0 197 205 204 165 172 171 1
0 197 204 196 165 171 163 1
0 198 206 205 165 173 172 1
0 198 205 197 165 172 165 1
0 199 207 206 166 174 173 1
0 199 206 198 166 173 165 1
0 200 208 209 167 175 176 1
0 200 209 201 167 176 168 1
0 202 210 208 169 177 175 1
0 202 208 200 169 175 167 1
0 203 211 210 170 178 177 1
0 203 210 202 170 177 169 1
0 204 212 211 171 179 178 1
0 204 211 203 171 178 170 1
0 205 213 212 172 180 179 1
0 205 212 204 172 179 171 1
0 206 214 213 173 181 180 1
0 206 213 205 173 180 172 1
0 207 215 214 174 182 181 1
0 207 214 206 174 181 173 1
0 208 216 217 175 183 184 1
0 208 217 209 175 184 176 1
0 210 218 216 177 185 183 1
0 210 216 208 177 183 175 1
0 211 219 218 178 186 185 1
0 211 218 210 178 185 177 1
0 212 220 219 179 187 186 1
0 212 219 211 179 186 178 1
0 213 221 220 180 188 187 1
0 213 220 212 180 187 179 1
0 214 222 221 181 189 188 1
0 214 221 213 181 188 180 1
0 215 223 222 182 190 189 1
0 215 222 214 182 189 181 1
0 216 224 225 183 191 192 1
0 216 225 217 183 192 184 1
0 218 226 224 185 193 191 1
0 218 224 216 185 191 183 1
0 219 227 226 186 194 193 1
0 219 226 218 186 193 185 1
0 220 228 227 187 195 194 1
0 220 227 219 187 194 186 1
0 221 229 228 188 196 195 1
0 221 228 220 188 195 187 1
0 222 230 229 189 197 196 1
0 222 229 221 189 196 188 1
0 223 231 230 190 198 197 1
0 223 230 222 190 197 189 1
0 224 232 233 191 199 200 1
0 224 233 225 191 200 192 1
0 226 234 232 193 201 199 1
0 226 232 224 193 199 191 1
0 227 235 234 194 202 201 1
0 227 234 226 194 201 193 1
0 228 236 235 195 203 202 1
0 228 235 227 195 202 194 1
0 229 237 236 196 204 203 1
0 229 236 228 196 203 195 1
0 230 238 237 197 205 204 1
0 230 237 229 197 204 196 1
0 231 239 238 198 206 205 1
0 231 238 230 198 205 197 1
0 232 240 241 199 207 208 1
0 232 241 233 199 208 200 1
0 234 242 240 201 209 207 1
0 234 240 232 201 207 199 1
0 235 243 242 202 210 209 1
0 235 242 234 202 209 201 1
0 236 244 243 203 210 210 1
0 236 243 235 203 210 202 1
0 237 245 244 204 210 210 1
0 237 244 236 204 210 203 1
0 238 246 245 205 211 210 1
0 238 245 237 205 210 204 1
0 239 247 246 206 212 211 1
0 239 246 238 206 211 205 1
0 240 248 249 207 213 214 1
0 240 249 241 207 214 208 1
0 242 250 248 209 215 213 1
0 242 248 240 209 213 207 1
0 243 251 250 210 215 215 1
0 243 250 242 210 215 209 1
0 244 252 251 210 215 215 1
0 244 251 243 210 215 210 1
0 245 253 252 210 215 215 1
0 245 252 244 210 215 210 1
0 246 254 253 211 215 215 1
0 246 253 245 211 215 210 1
0 247 255 254 212 216 215 1
0 247 254 246 212 215 211 1
0 248 256 257 213 0 3 1
0 248 257 249 213 3 214 1
0 250 258 256 215 0 0 1
0 250 256 248 215 0 213 1
0 251 259 258 215 5 0 1
0 251 258 250 215 0 215 1
0 252 260 259 215 7 5 1
0 252 259 251 215 5 215 1
0 253 261 260 215 0 7 1
0 253 260 252 215 7 215 1
0 254 262 261 215 10 0 1
0 254 261 253 215 0 215 1
0 255 263 262 216 12 10 1
0 255 262 254 216 10 215 1

Materials: 1
"Material.001"
1 1 1 1
0.800000 0.800000 0.800000 1
0.500000 0.500000 0.500000 1
1 1 1 1
0.185600
1
"BUBBLES.ini"
""

Bones: 0
GroupComments: 0
MaterialComments: 0
BoneComments: 0
ModelComment: 0
