// MilkShape 3D ASCII

Frames: 30
Frame: 1

Meshes: 2
"PILLAR_INT" 0 1
32
0 28.055538 -566.384766 299.999512 1 2.514648 -1
0 28.055538 686.384766 299.999512 1 0.014648 -1
0 14.027784 686.384766 324.296326 0.750000 0.014648 -1
0 14.027784 -566.384766 324.296326 0.750000 2.514648 -1
0 -14.027727 -566.384766 324.296326 0.250000 2.514648 -1
0 -14.027727 686.384766 324.296326 0.250000 0.014648 -1
0 -28.055485 686.384766 299.999512 0 0.014648 -1
0 -28.055485 -566.384766 299.999512 0 2.514648 -1
0 299.999512 -566.384766 -28.055552 1 2.514648 -1
0 299.999512 686.384766 -28.055552 1 0.014648 -1
0 324.296326 686.384766 -14.027799 0.750000 0.014648 -1
0 324.296326 -566.384766 -14.027799 0.750000 2.514648 -1
0 324.296326 -566.384766 14.027713 0.250000 2.514648 -1
0 324.296326 686.384766 14.027713 0.250000 0.014648 -1
0 299.999512 686.384766 28.055471 0 0.014648 -1
0 299.999512 -566.384766 28.055471 0 2.514648 -1
0 -28.055565 -566.384766 -299.999512 1 2.514648 -1
0 -28.055565 686.384766 -299.999512 1 0.014648 -1
0 -14.027813 686.384766 -324.296326 0.750000 0.014648 -1
0 -14.027813 -566.384766 -324.296326 0.750000 2.514648 -1
0 14.027699 -566.384766 -324.296326 0.250000 2.514648 -1
0 14.027699 686.384766 -324.296326 0.250000 0.014648 -1
0 28.055458 686.384766 -299.999512 0 0.014648 -1
0 28.055458 -566.384766 -299.999512 0 2.514648 -1
0 -299.999512 -566.384766 28.055578 1 2.514648 -1
0 -299.999512 686.384766 28.055578 1 0.014648 -1
0 -324.296326 686.384766 14.027827 0.750000 0.014648 -1
0 -324.296326 -566.384766 14.027827 0.750000 2.514648 -1
0 -324.296326 -566.384766 -14.027684 0.250000 2.514648 -1
0 -324.296326 686.384766 -14.027684 0.250000 0.014648 -1
0 -299.999512 686.384766 -28.055445 0 0.014648 -1
0 -299.999512 -566.384766 -28.055445 0 2.514648 -1
23
1 0 -0
0.500000 0 0.866025
-0.500000 0 0.866025
-0.500000 0 0.866025
-1 0 -0
-1 0 -0
-0 0 -1
0.866025 0 -0.500000
0.866025 0 0.500000
0.866025 0 0.500000
-0 0 1
-1 0 0
-0.500000 0 -0.866025
0.500000 0 -0.866025
0.500000 0 -0.866025
1 0 0
0 0 1
0 0 1
-0.866025 0 0.500000
-0.866025 0 -0.500000
-0.866025 0 -0.500000
0 0 -1
0 0 -1
24
0 0 1 2 0 0 1 1
0 0 2 3 0 1 1 1
0 3 2 4 1 1 2 1
0 2 5 4 1 3 2 1
0 4 5 6 2 3 4 1
0 4 6 7 2 4 5 1
0 8 9 10 6 6 7 1
0 8 10 11 6 7 7 1
0 11 10 12 7 7 8 1
0 10 13 12 7 9 8 1
0 12 13 14 8 9 10 1
0 12 14 15 8 10 10 1
0 16 17 18 11 11 12 1
0 16 18 19 11 12 12 1
0 19 18 20 12 12 13 1
0 18 21 20 12 14 13 1
0 20 21 22 13 14 15 1
0 20 22 23 13 15 15 1
0 24 25 26 16 17 18 1
0 24 26 27 16 18 18 1
0 27 26 28 18 18 19 1
0 26 29 28 18 20 19 1
0 28 29 30 19 20 21 1
0 28 30 31 19 21 22 1
"PILLAR" 0 0
32
0 -56.111023 -566.384766 -299.999542 0 0.016602 -1
0 -56.111023 686.384766 -299.999542 0 2.516602 -1
0 -28.055510 686.384766 -348.593109 0.250000 2.516602 -1
0 -28.055510 -566.384766 -348.593109 0.250000 0.016602 -1
0 28.055513 -566.384766 -348.593109 0.750000 0.016602 -1
0 28.055513 686.384766 -348.593109 0.750000 2.516602 -1
0 56.111023 686.384766 -299.999542 1 2.516602 -1
0 56.111023 -566.384766 -299.999542 1 0.016602 -1
0 -299.999542 -566.384766 56.111038 0 0.016602 -1
0 -299.999542 686.384766 56.111038 0 2.516602 -1
0 -348.593109 686.384766 28.055529 0.250000 2.516602 -1
0 -348.593109 -566.384766 28.055529 0.250000 0.016602 -1
0 -348.593109 -566.384766 -28.055494 0.750000 0.016602 -1
0 -348.593109 686.384766 -28.055494 0.750000 2.516602 -1
0 -299.999542 686.384766 -56.111008 1 2.516602 -1
0 -299.999542 -566.384766 -56.111008 1 0.016602 -1
0 56.111050 -566.384766 299.999542 0 0.016602 -1
0 56.111050 686.384766 299.999542 0 2.516602 -1
0 28.055542 686.384766 348.593109 0.250000 2.516602 -1
0 28.055542 -566.384766 348.593109 0.250000 0.016602 -1
0 -28.055481 -566.384766 348.593109 0.750000 0.016602 -1
0 -28.055481 686.384766 348.593109 0.750000 2.516602 -1
0 -56.110996 686.384766 299.999542 1 2.516602 -1
0 -56.110996 -566.384766 299.999542 1 0.016602 -1
0 299.999542 -566.384766 -56.111061 0 0.016602 -1
0 299.999542 686.384766 -56.111061 0 2.516602 -1
0 348.593109 686.384766 -28.055553 0.250000 2.516602 -1
0 348.593109 -566.384766 -28.055553 0.250000 0.016602 -1
0 348.593109 -566.384766 28.055470 0.750000 0.016602 -1
0 348.593109 686.384766 28.055470 0.750000 2.516602 -1
0 299.999542 686.384766 56.110989 1 2.516602 -1
0 299.999542 -566.384766 56.110989 1 0.016602 -1
20
-1 0 -0
-1 0 -0
-0.500000 0 -0.866025
0.500000 0 -0.866025
1 0 -0
-0 0 1
-0.866025 0 0.500000
-0.866025 0 -0.500000
-0 0 -1
-0 0 -1
1 0 0
0.500000 0 0.866025
-0.500000 0 0.866025
-1 0 0
-1 0 0
0 0 -1
0.866025 0 -0.500000
0.866025 0 0.500000
0.866025 0 0.500000
0 0 1
24
0 0 1 2 0 1 2 1
0 0 2 3 0 2 2 1
0 3 2 4 2 2 3 1
0 2 5 4 2 3 3 1
0 4 5 6 3 3 4 1
0 4 6 7 3 4 4 1
0 8 9 10 5 5 6 1
0 8 10 11 5 6 6 1
0 11 10 12 6 6 7 1
0 10 13 12 6 7 7 1
0 12 13 14 7 7 8 1
0 12 14 15 7 8 9 1
0 16 17 18 10 10 11 1
0 16 18 19 10 11 11 1
0 19 18 20 11 11 12 1
0 18 21 20 11 12 12 1
0 20 21 22 12 12 13 1
0 20 22 23 12 13 14 1
0 24 25 26 15 15 16 1
0 24 26 27 15 16 16 1
0 27 26 28 16 16 17 1
0 26 29 28 16 18 17 1
0 28 29 30 17 18 19 1
0 28 30 31 17 19 19 1

Materials: 2
"RED"
0.200000 0.200000 0.200000 1
0.800000 0.800000 0.800000 1
0 0 0 1
1 1 1 1
0
1
"RED.ini"
""
"RED_50"
0.200000 0.200000 0.200000 0.480000
0.800000 0.800000 0.800000 0.480000
0 0 0 0.480000
1 1 1 0.480000
0
0.480000
"RED.ini"
""

Bones: 0
GroupComments: 0
MaterialComments: 0
BoneComments: 0
ModelComment: 0
