// MilkShape 3D ASCII

Frames: 30
Frame: 25

Meshes: 11
"1U" 0 4
21
0 203.713181 188.333328 86.464943 0.002983 0.214045 1
0 113.974724 188.333328 189.697311 0.771852 0.214045 1
0 -0.000054 188.333328 0.000016 0.401261 0.977034 1
0 113.984634 188.333328 189.691147 0.002983 0.214045 1
0 -19.293715 188.333328 220.461151 0.771852 0.214045 1
0 -19.282196 188.333328 220.462021 0.002983 0.214045 1
0 -145.192581 188.333328 167.016220 0.771852 0.214045 1
0 -145.184067 188.333328 167.023956 0.002983 0.214045 1
0 -215.632980 188.333328 49.776890 0.771852 0.214045 1
0 -215.630936 188.333328 49.788334 0.002983 0.214045 1
0 -203.709152 188.333328 -86.475647 0.771852 0.214045 1
0 -203.713837 188.333328 -86.465019 0.002983 0.214045 1
0 -113.975067 188.333328 -189.697449 0.771852 0.214045 1
0 -113.985214 188.333328 -189.691818 0.002983 0.214045 1
0 19.293640 188.333328 -220.461609 0.771852 0.214045 1
0 19.282089 188.333328 -220.462646 0.002983 0.214045 1
0 145.192947 188.333328 -167.016693 0.771852 0.214045 1
0 145.184372 188.333328 -167.024551 0.002983 0.214045 1
0 215.633759 188.333328 -49.777058 0.771852 0.214045 1
0 215.631210 188.333328 -49.788437 0.002983 0.214045 1
0 203.709671 188.333328 86.475883 0.771852 0.214045 1
1
0 -1 0
10
0 0 1 2 0 0 0 2
0 3 4 2 0 0 0 2
0 5 6 2 0 0 0 2
0 7 8 2 0 0 0 2
0 9 10 2 0 0 0 2
0 11 12 2 0 0 0 2
0 13 14 2 0 0 0 2
0 15 16 2 0 0 0 2
0 17 18 2 0 0 0 2
0 19 20 2 0 0 0 2
"2U" 0 5
21
0 21.850363 185.333344 177.918808 0.002983 0.214045 0
0 -86.908897 185.333344 156.778168 0.771852 0.214045 0
0 -0.000018 185.333344 0.000012 0.401261 0.977034 0
0 -86.900810 185.333344 156.782806 0.002983 0.214045 0
0 -162.462753 185.333344 75.752472 0.771852 0.214045 0
0 -162.458939 185.333344 75.761032 0.002983 0.214045 0
0 -175.961288 185.333344 -34.208179 0.771852 0.214045 0
0 -175.963272 185.333344 -34.199017 0.002983 0.214045 0
0 -122.248734 185.333344 -131.102509 0.771852 0.214045 0
0 -122.255775 185.333344 -131.096344 0.002983 0.214045 0
0 -21.841166 185.333344 -177.920288 0.771852 0.214045 0
0 -21.850527 185.333344 -177.919281 0.002983 0.214045 0
0 86.909073 185.333344 -156.778549 0.771852 0.214045 0
0 86.900970 185.333344 -156.783279 0.002983 0.214045 0
0 162.463120 185.333344 -75.752625 0.771852 0.214045 0
0 162.459320 185.333344 -75.761276 0.002983 0.214045 0
0 175.961777 185.333344 34.208294 0.771852 0.214045 0
0 175.963867 185.333344 34.199089 0.002983 0.214045 0
0 122.249146 185.333344 131.103043 0.771852 0.214045 0
0 122.256172 185.333344 131.096695 0.002983 0.214045 0
0 21.841253 185.333344 177.920883 0.771852 0.214045 0
1
0 -1 0
10
0 0 1 2 0 0 0 2
0 3 4 2 0 0 0 2
0 5 6 2 0 0 0 2
0 7 8 2 0 0 0 2
0 9 10 2 0 0 0 2
0 11 12 2 0 0 0 2
0 13 14 2 0 0 0 2
0 15 16 2 0 0 0 2
0 17 18 2 0 0 0 2
0 19 20 2 0 0 0 2
"3U" 0 6
21
0 -12.650978 182.333344 144.644821 0.002983 0.214045 1
0 -95.260689 182.333344 109.579102 0.771852 0.214045 1
0 0.000012 182.333344 0.000022 0.401261 0.977034 1
0 -95.255005 182.333344 109.584167 0.002983 0.214045 1
0 -141.476517 182.333344 32.658562 0.771852 0.214045 1
0 -141.474976 182.333344 32.665997 0.002983 0.214045 1
0 -133.653091 182.333344 -56.736492 0.771852 0.214045 1
0 -133.656265 182.333344 -56.729572 0.002983 0.214045 1
0 -74.778854 182.333344 -124.460266 0.771852 0.214045 1
0 -74.785477 182.333344 -124.456497 0.002983 0.214045 1
0 12.658570 182.333344 -144.644440 0.771852 0.214045 1
0 12.650983 182.333344 -144.645172 0.002983 0.214045 1
0 95.260887 182.333344 -109.579437 0.771852 0.214045 1
0 95.255310 182.333344 -109.584488 0.002983 0.214045 1
0 141.476898 182.333344 -32.658607 0.771852 0.214045 1
0 141.475388 182.333344 -32.666111 0.002983 0.214045 1
0 133.653580 182.333344 56.736717 0.771852 0.214045 1
0 133.656723 182.333344 56.729763 0.002983 0.214045 1
0 74.779144 182.333344 124.460724 0.771852 0.214045 1
0 74.785767 182.333344 124.456879 0.002983 0.214045 1
0 -12.658547 182.333344 144.644958 0.771852 0.214045 1
1
0 -1 0
10
0 0 1 2 0 0 0 2
0 3 4 2 0 0 0 2
0 5 6 2 0 0 0 2
0 7 8 2 0 0 0 2
0 9 10 2 0 0 0 2
0 11 12 2 0 0 0 2
0 13 14 2 0 0 0 2
0 15 16 2 0 0 0 2
0 17 18 2 0 0 0 2
0 19 20 2 0 0 0 2
"UP_PLAT" 0 0
21
0 30.164343 179.333344 92.827942 0.494940 0.004049 1
0 -30.164268 179.333344 92.827942 0.494940 0.497692 1
0 0.000039 179.333344 -0.000013 0.253435 0.245011 1
0 -30.159439 179.333344 92.829575 0.494940 0.004049 1
0 -78.966354 179.333344 57.369278 0.494940 0.497692 1
0 -78.963425 179.333344 57.373447 0.494940 0.004049 1
0 -97.605980 179.333344 -0.002556 0.494940 0.497692 1
0 -97.606049 179.333344 0.002533 0.494940 0.004049 1
0 -78.963432 179.333344 -57.373459 0.494940 0.497692 1
0 -78.966522 179.333344 -57.369411 0.494940 0.004049 1
0 -30.159494 179.333344 -92.829750 0.494940 0.497692 1
0 -30.164396 179.333344 -92.828262 0.494940 0.004049 1
0 30.164427 179.333344 -92.828201 0.494940 0.497692 1
0 30.159588 179.333344 -92.829926 0.494940 0.004049 1
0 78.966621 179.333344 -57.369446 0.494940 0.497692 1
0 78.963699 179.333344 -57.373665 0.494940 0.004049 1
0 97.606316 179.333344 0.002539 0.494940 0.497692 1
0 97.606445 179.333344 -0.002591 0.494940 0.004049 1
0 78.963745 179.333344 57.373623 0.494940 0.497692 1
0 78.966850 179.333344 57.369560 0.494940 0.004049 1
0 30.159687 179.333344 92.829994 0.494940 0.497692 1
1
0 -1 0
10
0 0 1 2 0 0 0 2
0 3 4 2 0 0 0 2
0 5 6 2 0 0 0 2
0 7 8 2 0 0 0 2
0 9 10 2 0 0 0 2
0 11 12 2 0 0 0 2
0 13 14 2 0 0 0 2
0 15 16 2 0 0 0 2
0 17 18 2 0 0 0 2
0 19 20 2 0 0 0 2
"4U" 0 7
21
0 14.336072 178.666672 116.732574 0.002983 0.214045 0
0 -57.020966 178.666672 102.862213 0.771852 0.214045 0
0 0.000035 178.666672 0.000006 0.401261 0.977034 0
0 -57.015572 178.666672 102.865265 0.002983 0.214045 0
0 -106.591827 178.666672 49.701221 0.771852 0.214045 0
0 -106.589355 178.666672 49.706863 0.002983 0.214045 0
0 -115.448196 178.666672 -22.444010 0.771852 0.214045 0
0 -115.449585 178.666672 -22.438000 0.002983 0.214045 0
0 -80.207420 178.666672 -86.016510 0.771852 0.214045 0
0 -80.212051 178.666672 -86.012344 0.002983 0.214045 0
0 -14.329952 178.666672 -116.733597 0.771852 0.214045 0
0 -14.336080 178.666672 -116.732880 0.002983 0.214045 0
0 57.021072 178.666672 -102.862564 0.771852 0.214045 0
0 57.015862 178.666672 -102.865585 0.002983 0.214045 0
0 106.592140 178.666672 -49.701344 0.771852 0.214045 0
0 106.589722 178.666672 -49.707027 0.002983 0.214045 0
0 115.448685 178.666672 22.444082 0.771852 0.214045 0
0 115.449982 178.666672 22.438066 0.002983 0.214045 0
0 80.207787 178.666672 86.016769 0.771852 0.214045 0
0 80.212379 178.666672 86.012634 0.002983 0.214045 0
0 14.330098 178.666672 116.733986 0.771852 0.214045 0
1
0 -1 0
10
0 0 1 2 0 0 0 2
0 3 4 2 0 0 0 2
0 5 6 2 0 0 0 2
0 7 8 2 0 0 0 2
0 9 10 2 0 0 0 2
0 11 12 2 0 0 0 2
0 13 14 2 0 0 0 2
0 15 16 2 0 0 0 2
0 17 18 2 0 0 0 2
0 19 20 2 0 0 0 2
"4L" 0 6
21
0 26.320332 -51.833324 214.316422 0.002983 0.214045 0
0 -104.688377 -51.833324 188.850952 0.771852 0.214045 0
0 -0.000057 -51.833324 0.000012 0.401261 0.977034 0
0 -104.678482 -51.833324 188.856537 0.002983 0.214045 0
0 -195.698502 -51.833324 91.249458 0.771852 0.214045 0
0 -195.693970 -51.833324 91.259834 0.002983 0.214045 0
0 -211.958435 -51.833324 -41.206314 0.771852 0.214045 0
0 -211.960999 -51.833324 -41.195267 0.002983 0.214045 0
0 -147.257767 -51.833324 -157.922943 0.771852 0.214045 0
0 -147.266281 -51.833324 -157.915298 0.002983 0.214045 0
0 -26.309349 -51.833324 -214.318222 0.771852 0.214045 0
0 -26.320597 -51.833324 -214.317001 0.002983 0.214045 0
0 104.688316 -51.833324 -188.851547 0.771852 0.214045 0
0 104.678734 -51.833324 -188.857117 0.002983 0.214045 0
0 195.698837 -51.833324 -91.249710 0.771852 0.214045 0
0 195.694397 -51.833324 -91.260139 0.002983 0.214045 0
0 211.959152 -51.833324 41.206451 0.771852 0.214045 0
0 211.961487 -51.833324 41.195389 0.002983 0.214045 0
0 147.258194 -51.833324 157.923386 0.771852 0.214045 0
0 147.266647 -51.833324 157.915771 0.002983 0.214045 0
0 26.309378 -51.833324 214.318909 0.771852 0.214045 0
1
0 -1 0
10
0 0 1 2 0 0 0 2
0 3 4 2 0 0 0 2
0 5 6 2 0 0 0 2
0 7 8 2 0 0 0 2
0 9 10 2 0 0 0 2
0 11 12 2 0 0 0 2
0 13 14 2 0 0 0 2
0 15 16 2 0 0 0 2
0 17 18 2 0 0 0 2
0 19 20 2 0 0 0 2
"LINES" 0 0
21
0 75.366829 -37.031029 127.939880 0.002096 0.253758 1
0 -15.525095 -37.031029 147.674408 0.239880 0.253758 1
0 0.000040 -60.768410 0.000006 0.002173 0.322737 1
0 -14.228114 -37.031029 147.805023 0.002096 0.253758 1
0 -99.360916 -37.031029 110.345795 0.239880 0.253758 1
0 -98.388474 -37.031029 111.213806 0.002096 0.253758 1
0 -145.244293 -37.031029 30.868708 0.239880 0.253758 1
0 -144.967804 -37.031029 32.142593 0.002096 0.253758 1
0 -135.649307 -37.031029 -60.399231 0.239880 0.253758 1
0 -136.174545 -37.031029 -59.206085 0.002096 0.253758 1
0 -74.240875 -37.031029 -128.596771 0.239880 0.253758 1
0 -75.367058 -37.031029 -127.940117 0.002096 0.253758 1
0 15.525141 -37.031029 -147.674759 0.239880 0.253758 1
0 14.228136 -37.031029 -147.805481 0.002096 0.253758 1
0 99.361282 -37.031029 -110.345978 0.239880 0.253758 1
0 98.388832 -37.031029 -111.214165 0.002096 0.253758 1
0 145.244766 -37.031029 -30.868744 0.239880 0.253758 1
0 144.968307 -37.031029 -32.142700 0.002096 0.253758 1
0 135.649811 -37.031029 60.399429 0.239880 0.253758 1
0 136.174988 -37.031029 59.206291 0.002096 0.253758 1
0 74.241226 -37.031029 128.597260 0.239880 0.253758 1
11
0.035220 -0.986127 0.162214
-0 -1 0
-0.066853 -0.986127 0.151936
-0.143391 -0.986127 0.083623
-0.165158 -0.986127 -0.016631
-0.123840 -0.986127 -0.110532
-0.035220 -0.986127 -0.162214
0.066853 -0.986127 -0.151935
0.143391 -0.986127 -0.083623
0.165158 -0.986127 0.016630
0.123840 -0.986127 0.110531
10
0 0 1 2 0 0 1 2
0 3 4 2 2 2 1 2
0 5 6 2 3 3 1 2
0 7 8 2 4 4 1 2
0 9 10 2 5 5 1 2
0 11 12 2 6 6 1 2
0 13 14 2 7 7 1 2
0 15 16 2 8 8 1 2
0 17 18 2 9 9 1 2
0 19 20 2 10 10 1 2
"LOWER_PLATF" 0 0
21
0 29.939146 -51.074600 51.852859 -0.000150 0.355549 1
0 -6.260171 -51.074600 59.547264 0.249353 0.355549 1
0 0.000075 -51.074600 -0.000013 0.135343 0.498909 1
0 -6.257074 -51.074600 59.547630 -0.000150 0.355549 1
0 -40.065620 -51.074600 44.495079 0.249353 0.355549 1
0 -40.063339 -51.074600 44.497215 -0.000150 0.355549 1
0 -58.567368 -51.074600 12.447283 0.249353 0.355549 1
0 -58.566723 -51.074600 12.450336 -0.000150 0.355549 1
0 -54.698307 -51.074600 -24.354998 0.249353 0.355549 1
0 -54.699661 -51.074600 -24.352188 -0.000150 0.355549 1
0 -29.936369 -51.074600 -51.854607 0.249353 0.355549 1
0 -29.939108 -51.074600 -51.853058 -0.000150 0.355549 1
0 6.260334 -51.074600 -59.547447 0.249353 0.355549 1
0 6.257211 -51.074600 -59.547852 -0.000150 0.355549 1
0 40.065849 -51.074600 -44.495216 0.249353 0.355549 1
0 40.063560 -51.074600 -44.497391 -0.000150 0.355549 1
0 58.567642 -51.074600 -12.447335 0.249353 0.355549 1
0 58.567062 -51.074600 -12.450428 -0.000150 0.355549 1
0 54.698643 -51.074600 24.355061 0.249353 0.355549 1
0 54.699982 -51.074600 24.352228 -0.000150 0.355549 1
0 29.936619 -51.074600 51.854706 0.249353 0.355549 1
1
0 -1 0
10
0 0 1 2 0 0 0 2
0 3 4 2 0 0 0 2
0 5 6 2 0 0 0 2
0 7 8 2 0 0 0 2
0 9 10 2 0 0 0 2
0 11 12 2 0 0 0 2
0 13 14 2 0 0 0 2
0 15 16 2 0 0 0 2
0 17 18 2 0 0 0 2
0 19 20 2 0 0 0 2
"3L" 0 6
21
0 -17.182930 -37 196.460129 0.002983 0.214045 1
0 -129.385468 -37 148.832977 0.771852 0.214045 1
0 -0.000043 -37 -0.000002 0.401261 0.977034 1
0 -129.377731 -37 148.839874 0.002983 0.214045 1
0 -192.156921 -37 44.357628 0.771852 0.214045 1
0 -192.154846 -37 44.367729 0.002983 0.214045 1
0 -181.530975 -37 -77.060928 0.771852 0.214045 1
0 -181.535339 -37 -77.051521 0.002983 0.214045 1
0 -101.566536 -37 -169.045013 0.771852 0.214045 1
0 -101.575523 -37 -169.039917 0.002983 0.214045 1
0 17.193123 -37 -196.459702 0.771852 0.214045 1
0 17.182817 -37 -196.460663 0.002983 0.214045 1
0 129.385635 -37 -148.833511 0.771852 0.214045 1
0 129.378052 -37 -148.840378 0.002983 0.214045 1
0 192.157379 -37 -44.357765 0.771852 0.214045 1
0 192.155319 -37 -44.367947 0.002983 0.214045 1
0 181.531525 -37 77.061172 0.771852 0.214045 1
0 181.535782 -37 77.051735 0.002983 0.214045 1
0 101.566803 -37 169.045609 0.771852 0.214045 1
0 101.575806 -37 169.040375 0.002983 0.214045 1
0 -17.193214 -37 196.460312 0.771852 0.214045 1
1
0 -1 0
10
0 0 1 2 0 0 0 2
0 3 4 2 0 0 0 2
0 5 6 2 0 0 0 2
0 7 8 2 0 0 0 2
0 9 10 2 0 0 0 2
0 11 12 2 0 0 0 2
0 13 14 2 0 0 0 2
0 15 16 2 0 0 0 2
0 17 18 2 0 0 0 2
0 19 20 2 0 0 0 2
"2L" 0 6
21
0 20.767614 -20.833323 169.102386 0.002983 0.214045 0
0 -82.602333 -20.833323 149.009384 0.771852 0.214045 0
0 -0.000019 -20.833323 0.000002 0.401261 0.977034 0
0 -82.594627 -20.833323 149.013809 0.002983 0.214045 0
0 -154.412292 -20.833323 71.998711 0.771852 0.214045 0
0 -154.408661 -20.833323 72.006844 0.002983 0.214045 0
0 -167.241913 -20.833323 -32.513081 0.771852 0.214045 0
0 -167.243835 -20.833323 -32.504372 0.002983 0.214045 0
0 -116.190987 -20.833323 -124.606056 0.771852 0.214045 0
0 -116.197678 -20.833323 -124.600166 0.002983 0.214045 0
0 -20.758875 -20.833323 -169.103867 0.771852 0.214045 0
0 -20.767775 -20.833323 -169.102890 0.002983 0.214045 0
0 82.602486 -20.833323 -149.009766 0.771852 0.214045 0
0 82.594803 -20.833323 -149.014236 0.002983 0.214045 0
0 154.412613 -20.833323 -71.998878 0.771852 0.214045 0
0 154.409027 -20.833323 -72.007103 0.002983 0.214045 0
0 167.242386 -20.833323 32.513168 0.771852 0.214045 0
0 167.244324 -20.833323 32.504417 0.002983 0.214045 0
0 116.191360 -20.833323 124.606514 0.771852 0.214045 0
0 116.198044 -20.833323 124.600479 0.002983 0.214045 0
0 20.758957 -20.833323 169.104385 0.771852 0.214045 0
1
0 -1 0
10
0 0 1 2 0 0 0 2
0 3 4 2 0 0 0 2
0 5 6 2 0 0 0 2
0 7 8 2 0 0 0 2
0 9 10 2 0 0 0 2
0 11 12 2 0 0 0 2
0 13 14 2 0 0 0 2
0 15 16 2 0 0 0 2
0 17 18 2 0 0 0 2
0 19 20 2 0 0 0 2
"1L" 0 6
21
0 135.808823 -6.333341 57.643280 0.002983 0.214045 1
0 75.983185 -6.333341 126.464867 0.771852 0.214045 1
0 0 -6.333341 0 0.401261 0.977034 1
0 75.989792 -6.333341 126.460754 0.002983 0.214045 1
0 -12.862440 -6.333341 146.974091 0.771852 0.214045 1
0 -12.854760 -6.333341 146.974670 0.002983 0.214045 1
0 -96.795013 -6.333341 111.344139 0.771852 0.214045 1
0 -96.789337 -6.333341 111.349297 0.002983 0.214045 1
0 -143.755280 -6.333341 33.184582 0.771852 0.214045 1
0 -143.753922 -6.333341 33.192211 0.002983 0.214045 1
0 -135.806061 -6.333341 -57.650444 0.771852 0.214045 1
0 -135.809189 -6.333341 -57.643360 0.002983 0.214045 1
0 -75.983345 -6.333341 -126.464973 0.771852 0.214045 1
0 -75.990105 -6.333341 -126.461220 0.002983 0.214045 1
0 12.862463 -6.333341 -146.974411 0.771852 0.214045 1
0 12.854762 -6.333341 -146.975113 0.002983 0.214045 1
0 96.795334 -6.333341 -111.344475 0.771852 0.214045 1
0 96.789612 -6.333341 -111.349709 0.002983 0.214045 1
0 143.755875 -6.333341 -33.184715 0.771852 0.214045 1
0 143.754181 -6.333341 -33.192303 0.002983 0.214045 1
0 135.806488 -6.333341 57.650574 0.771852 0.214045 1
1
0 -1 0
10
0 0 1 2 0 0 0 2
0 3 4 2 0 0 0 2
0 5 6 2 0 0 0 2
0 7 8 2 0 0 0 2
0 9 10 2 0 0 0 2
0 11 12 2 0 0 0 2
0 13 14 2 0 0 0 2
0 15 16 2 0 0 0 2
0 17 18 2 0 0 0 2
0 19 20 2 0 0 0 2

Materials: 10
"PLATFORM_1"
0.200000 0.200000 0.200000 1
0.800000 0.800000 0.800000 1
0 0 0 1
1 1 1 1
0
1
"Tex_0012_0.png"
""
"BLACK"
0.200000 0.200000 0.200000 1
0 0 0 1
0 0 0 1
1 1 1 1
0
1
"WALL.png"
""
"PLATFORM_2"
0.200000 0.200000 0.200000 1
0.800000 0.800000 0.800000 1
0 0 0 1
1 1 1 1
0
1
"PLATFORM_3.png"
""
"RED"
0.200000 0.200000 0.200000 1
0.800000 0.800000 0.800000 1
0 0 0 1
1 1 1 1
0
1
"RED.ini"
""
"1"
0.200000 0.200000 0.200000 0.210000
0.800000 0.800000 0.800000 0.210000
0 0 0 0.210000
1 1 1 0.210000
0
0.210000
"PLATFORM_3.png"
""
"2"
0.200000 0.200000 0.200000 0.480000
0.800000 0.800000 0.800000 0.480000
0 0 0 0.480000
1 1 1 0.480000
0
0.480000
"PLATFORM_3.png"
""
"3"
0.200000 0.200000 0.200000 0.710000
0.800000 0.800000 0.800000 0.710000
0 0 0 0.710000
1 1 1 0.710000
0
0.710000
"PLATFORM_3.png"
""
"4"
0.200000 0.200000 0.200000 1
0.800000 0.800000 0.800000 1
0 0 0 1
1 1 1 1
0
1
"PLATFORM_3.png"
""
"RED_50"
0.200000 0.200000 0.200000 0.480000
0.800000 0.800000 0.800000 0.480000
0 0 0 0.480000
1 1 1 0.480000
0
0.480000
"RED.ini"
""
"Material06"
0.200000 0.200000 0.200000 1
0.800000 0.800000 0.800000 1
0 0 0 1
0 0 0 1
0
1
"Black.png"
""

Bones: 2
"joint1"
""
8 0 0 0 0 -0 0
1
1 0 0 0
5
1 0 -0 0
45 -0 1.570796 0
90 -3.141592 0.000001 -3.141592
135 0 -1.570795 0
180 0 -0.000001 0
"joint2"
""
8 0 0 0 0 -0 0
1
1 0 0 0
5
1 0 -0 0
45 0 -1.570796 0
90 -3.141592 -0.000001 -3.141592
135 -0 1.570795 0
180 0 0.000001 0
GroupComments: 0
MaterialComments: 0
BoneComments: 0
ModelComment: 0
