// MilkShape 3D ASCII

Frames: 30
Frame: 1

Meshes: 2
"PLATFORM" 0 0
21
0 45.889023 0 141.219376 0.539034 0.004049 -1
0 -45.889027 0 141.219376 0.539034 0.497692 -1
0 0 0 0 0.253435 0.245011 -1
0 -45.881683 0 141.221848 0.539034 0.004049 -1
0 -120.131729 0 87.276009 0.539034 0.497692 -1
0 -120.127266 0 87.282356 0.539034 0.004049 -1
0 -148.488235 0 -0.003868 0.539034 0.497692 -1
0 -148.488342 0 0.003873 0.539034 0.004049 -1
0 -120.127281 0 -87.282364 0.539034 0.497692 -1
0 -120.132004 0 -87.276184 0.539034 0.004049 -1
0 -45.881756 0 -141.222061 0.539034 0.497692 -1
0 -45.889214 0 -141.219803 0.539034 0.004049 -1
0 45.889141 0 -141.219711 0.539034 0.497692 -1
0 45.881786 0 -141.222305 0.539034 0.004049 -1
0 120.132042 0 -87.276230 0.539034 0.497692 -1
0 120.127602 0 -87.282654 0.539034 0.004049 -1
0 148.488647 0 0.003883 0.539034 0.497692 -1
0 148.488846 0 -0.003922 0.539034 0.004049 -1
0 120.127670 0 87.282639 0.539034 0.497692 -1
0 120.132401 0 87.276451 0.539034 0.004049 -1
0 45.881935 0 141.222519 0.539034 0.497692 -1
1
0 -1 0
10
0 0 1 2 0 0 0 2
0 3 4 2 0 0 0 2
0 5 6 2 0 0 0 2
0 7 8 2 0 0 0 2
0 9 10 2 0 0 0 2
0 11 12 2 0 0 0 2
0 13 14 2 0 0 0 2
0 15 16 2 0 0 0 2
0 17 18 2 0 0 0 2
0 19 20 2 0 0 0 2
"PLATFORM EDGE" 0 1
21
0 50.660633 0.272727 155.903641 0.002983 0.214045 -1
0 -50.660671 0.272727 155.903641 0.771852 0.214045 -1
0 -0.000013 0.272727 0.000004 0.401261 0.977034 -1
0 -50.652561 0.272727 155.906372 0.002983 0.214045 -1
0 -132.623260 0.272727 96.351128 0.771852 0.214045 -1
0 -132.618332 0.272727 96.358147 0.002983 0.214045 -1
0 -163.928329 0.272727 -0.004267 0.771852 0.214045 -1
0 -163.928452 0.272727 0.004280 0.002983 0.214045 -1
0 -132.618347 0.272727 -96.358131 0.771852 0.214045 -1
0 -132.623581 0.272727 -96.351334 0.002983 0.214045 -1
0 -50.652634 0.272727 -155.906601 0.771852 0.214045 -1
0 -50.660870 0.272727 -155.904099 0.002983 0.214045 -1
0 50.660763 0.272727 -155.903992 0.771852 0.214045 -1
0 50.652649 0.272727 -155.906860 0.002983 0.214045 -1
0 132.623581 0.272727 -96.351379 0.771852 0.214045 -1
0 132.618668 0.272727 -96.358475 0.002983 0.214045 -1
0 163.928757 0.272727 0.004291 0.771852 0.214045 -1
0 163.928970 0.272727 -0.004326 0.002983 0.214045 -1
0 132.618759 0.272727 96.358459 0.771852 0.214045 -1
0 132.623993 0.272727 96.351616 0.002983 0.214045 -1
0 50.652813 0.272727 155.907104 0.771852 0.214045 -1
1
0 -1 0
10
0 0 1 2 0 0 0 2
0 3 4 2 0 0 0 2
0 5 6 2 0 0 0 2
0 7 8 2 0 0 0 2
0 9 10 2 0 0 0 2
0 11 12 2 0 0 0 2
0 13 14 2 0 0 0 2
0 15 16 2 0 0 0 2
0 17 18 2 0 0 0 2
0 19 20 2 0 0 0 2

Materials: 2
"PLATFORM_1"
0.200000 0.200000 0.200000 0.610000
0.800000 0.800000 0.800000 0.610000
0 0 0 0.610000
1 1 1 0.610000
0
0.610000
"Tex_0012_0.png"
""
"PLATFORM_2"
0.200000 0.200000 0.200000 1
0.800000 0.800000 0.800000 1
0 0 0 1
1 1 1 1
0
1
"PLATFORM_2.png"
""

Bones: 2
"joint1"
""
8 0 0 0 0 -0 0
1
1 0 0 0
5
1 0 -0 0
45 -0 1.570796 0
90 -3.141592 0.000001 -3.141592
135 0 -1.570795 0
180 0 -0.000001 0
"joint2"
""
8 0 0 0 0 -0 0
1
1 0 0 0
5
1 0 -0 0
45 0 -1.570796 0
90 -3.141592 -0.000001 -3.141592
135 -0 1.570795 0
180 0 0.000001 0
GroupComments: 0
MaterialComments: 0
BoneComments: 0
ModelComment: 0
