// MilkShape 3D ASCII

Frames: 30
Frame: 25

Meshes: 1
"Regroup00" 0 0
42
0 75.366829 -37.031029 127.939880 0.002096 0.253758 1
0 -15.525095 -37.031029 147.674408 0.239880 0.253758 1
0 0.000040 -60.768410 0.000006 0.002173 0.322737 1
0 -14.228114 -37.031029 147.805023 0.002096 0.253758 1
0 -99.360916 -37.031029 110.345795 0.239880 0.253758 1
0 -98.388474 -37.031029 111.213806 0.002096 0.253758 1
0 -145.244293 -37.031029 30.868708 0.239880 0.253758 1
0 -144.967804 -37.031029 32.142593 0.002096 0.253758 1
0 -135.649307 -37.031029 -60.399231 0.239880 0.253758 1
0 -136.174545 -37.031029 -59.206085 0.002096 0.253758 1
0 -74.240875 -37.031029 -128.596771 0.239880 0.253758 1
0 -75.367058 -37.031029 -127.940117 0.002096 0.253758 1
0 15.525141 -37.031029 -147.674759 0.239880 0.253758 1
0 14.228136 -37.031029 -147.805481 0.002096 0.253758 1
0 99.361282 -37.031029 -110.345978 0.239880 0.253758 1
0 98.388832 -37.031029 -111.214165 0.002096 0.253758 1
0 145.244766 -37.031029 -30.868744 0.239880 0.253758 1
0 144.968307 -37.031029 -32.142700 0.002096 0.253758 1
0 135.649811 -37.031029 60.399429 0.239880 0.253758 1
0 136.174988 -37.031029 59.206291 0.002096 0.253758 1
0 74.241226 -37.031029 128.597260 0.239880 0.253758 1
0 29.939146 -51.074600 51.852859 -0.000150 0.355549 1
0 -6.260171 -51.074600 59.547264 0.249353 0.355549 1
0 0.000075 -51.074600 -0.000013 0.135343 0.498909 1
0 -6.257074 -51.074600 59.547630 -0.000150 0.355549 1
0 -40.065620 -51.074600 44.495079 0.249353 0.355549 1
0 -40.063339 -51.074600 44.497215 -0.000150 0.355549 1
0 -58.567368 -51.074600 12.447283 0.249353 0.355549 1
0 -58.566723 -51.074600 12.450336 -0.000150 0.355549 1
0 -54.698307 -51.074600 -24.354998 0.249353 0.355549 1
0 -54.699661 -51.074600 -24.352188 -0.000150 0.355549 1
0 -29.936369 -51.074600 -51.854607 0.249353 0.355549 1
0 -29.939108 -51.074600 -51.853058 -0.000150 0.355549 1
0 6.260334 -51.074600 -59.547447 0.249353 0.355549 1
0 6.257211 -51.074600 -59.547852 -0.000150 0.355549 1
0 40.065849 -51.074600 -44.495216 0.249353 0.355549 1
0 40.063560 -51.074600 -44.497391 -0.000150 0.355549 1
0 58.567642 -51.074600 -12.447335 0.249353 0.355549 1
0 58.567062 -51.074600 -12.450428 -0.000150 0.355549 1
0 54.698643 -51.074600 24.355061 0.249353 0.355549 1
0 54.699982 -51.074600 24.352228 -0.000150 0.355549 1
0 29.936619 -51.074600 51.854706 0.249353 0.355549 1
12
0.035220 -0.986127 0.162214
-0 -1 0
-0.066853 -0.986127 0.151936
-0.143391 -0.986127 0.083623
-0.165158 -0.986127 -0.016631
-0.123840 -0.986127 -0.110532
-0.035220 -0.986127 -0.162214
0.066853 -0.986127 -0.151935
0.143391 -0.986127 -0.083623
0.165158 -0.986127 0.016630
0.123840 -0.986127 0.110531
0 -1 0
20
0 0 1 2 0 0 1 2
0 3 4 2 2 2 1 2
0 5 6 2 3 3 1 2
0 7 8 2 4 4 1 2
0 9 10 2 5 5 1 2
0 11 12 2 6 6 1 2
0 13 14 2 7 7 1 2
0 15 16 2 8 8 1 2
0 17 18 2 9 9 1 2
0 19 20 2 10 10 1 2
0 21 22 23 11 11 11 2
0 24 25 23 11 11 11 2
0 26 27 23 11 11 11 2
0 28 29 23 11 11 11 2
0 30 31 23 11 11 11 2
0 32 33 23 11 11 11 2
0 34 35 23 11 11 11 2
0 36 37 23 11 11 11 2
0 38 39 23 11 11 11 2
0 40 41 23 11 11 11 2

Materials: 1
"Material01"
0.200000 0.200000 0.200000 1
0.800000 0.800000 0.800000 1
0 0 0 1
1 1 1 1
0
1
"Tex_0012_0.png"
""

Bones: 2
"joint1"
""
8 0 0 0 0 -0 0
1
1 0 0 0
5
1 0 -0 0
45 -0 1.570796 0
90 -3.141592 0.000001 -3.141592
135 0 -1.570795 0
180 0 -0.000001 0
"joint2"
""
8 0 0 0 0 -0 0
1
1 0 0 0
5
1 0 -0 0
45 0 -1.570796 0
90 -3.141592 -0.000001 -3.141592
135 -0 1.570795 0
180 0 0.000001 0
GroupComments: 0
MaterialComments: 0
BoneComments: 0
ModelComment: 0
