Meshes: 2
"BOX" 0 0
18
0 -401.738373 412.934418 401.738373 0 1 -1
0 -401.738373 -412.934418 401.738373 0 0 -1
0 401.738373 412.934418 401.738373 3 1 -1
0 401.738373 -412.934418 401.738373 3 0 -1
0 401.738373 412.934418 -401.738373 0 1 -1
0 401.738373 -412.934418 -401.738373 0 0 -1
0 401.738373 412.934418 -401.738373 3 1 -1
0 401.738373 -412.934418 -401.738373 3 0 -1
0 -401.738373 412.934418 -401.738373 0 1 -1
0 -401.738373 -412.934418 -401.738373 0 0 -1
0 -401.738373 412.934418 401.738373 3 1 -1
0 -401.738373 -412.934418 401.738373 3 0 -1
0 -401.738373 412.934418 -401.738373 0 0 -1
0 -401.738373 412.934418 401.738373 0 3 -1
0 401.738373 412.934418 -401.738373 3 0 -1
0 401.738373 412.934418 401.738373 3 3 -1
0 -401.738373 -412.934418 401.738373 0 3 -1
0 401.738373 -412.934418 401.738373 3 3 -1
6
0 0 1
1 0 0
0 0 -1
-1 0 0
0 1 0
0 -1 0
12
0 0 1 2 0 0 0 1
0 1 3 2 0 0 0 1
0 2 3 4 1 1 1 2
0 3 5 4 1 1 1 2
0 6 7 8 2 2 2 1
0 7 9 8 2 2 2 1
0 8 9 10 3 3 3 2
0 9 11 10 3 3 3 2
0 12 13 14 4 4 4 3
0 13 15 14 4 4 4 3
0 16 9 17 5 5 5 3
0 9 7 17 5 5 5 3
"SHADOW" 0 1
16
0 -381.651489 392.287720 381.651428 0 0.210003 -1
0 -381.651489 -392.287720 381.651428 0 0.783331 -1
0 381.651428 392.287720 381.651428 1 0.210003 -1
0 381.651428 -392.287720 381.651428 1 0.783331 -1
0 381.651428 392.287720 -381.651428 1 0.210003 -1
0 381.651428 -392.287720 -381.651428 1 0.783331 -1
0 -381.651489 392.287720 -381.651428 0 0.210003 -1
0 -381.651489 -392.287720 -381.651428 0 0.783331 -1
0 -381.651489 392.287720 -381.651428 0 0 -1
0 -381.651489 392.287720 381.651428 0 0 -1
0 381.651428 392.287720 -381.651428 1 0 -1
0 381.651428 392.287720 381.651428 1 0 -1
0 -381.651489 -392.287720 381.651428 0 1 -1
0 -381.651489 -392.287720 -381.651428 0 1 -1
0 381.651428 -392.287720 381.651428 1 1 -1
0 381.651428 -392.287720 -381.651428 1 1 -1
6
0 0 1
1 0 0
0 0 -1
-1 0 0
0 1 0
0 -1 0
12
0 0 1 2 0 0 0 1
0 1 3 2 0 0 0 1
0 2 3 4 1 1 1 2
0 3 5 4 1 1 1 2
0 4 5 6 2 2 2 1
0 5 7 6 2 2 2 1
0 6 7 0 3 3 3 2
0 7 1 0 3 3 3 2
0 8 9 10 4 4 4 3
0 9 11 10 4 4 4 3
0 12 13 14 5 5 5 3
0 13 15 14 5 5 5 3

Materials: 2
"BLACK"
0.200000 0.200000 0.200000 1
0 0 0 1
0 0 0 1
1 1 1 1
0
1
"WALL.png"
""
"Material06"
0.200000 0.200000 0.200000 1
0.800000 0.800000 0.800000 1
0 0 0 1
0 0 0 1
0
1
"Black.png"
""

Bones: 0
GroupComments: 0
MaterialComments: 0
BoneComments: 0
ModelComment: 0
