Meshes: 1
"Cylinder04" 0 0
90
0 27.272196 -2.602615 0 0.420387 1 -1
0 27.272196 2.602615 0 0.420387 0 -1
0 26.937672 -2.602615 4.250527 0.434705 1 -1
0 26.937672 2.602615 4.250527 0.434705 0 -1
0 25.942335 2.602615 8.396394 0.449024 0 -1
0 25.942335 -2.602615 8.396394 0.449024 1 -1
0 24.310698 -2.602615 12.335511 0.463343 1 -1
0 24.310698 2.602615 12.335511 0.463343 0 -1
0 22.082939 2.602615 15.970890 0.477662 0 -1
0 22.082939 -2.602615 15.970890 0.477662 1 -1
0 19.313900 -2.602615 19.213011 0.491980 1 -1
0 19.313900 2.602615 19.213011 0.491980 0 -1
0 16.071783 2.602615 21.982044 0.506300 0 -1
0 16.071783 -2.602615 21.982044 0.506300 1 -1
0 12.436408 -2.602615 24.209805 0.520618 1 -1
0 12.436408 2.602615 24.209805 0.520618 0 -1
0 8.497289 2.602615 25.841442 0.534937 0 -1
0 8.497289 -2.602615 25.841442 0.534937 1 -1
0 8.497289 -2.602615 25.841442 -0.310023 1 -1
0 8.497289 2.602615 25.841442 -0.310023 0 -1
0 4.351422 -2.602615 26.836777 -0.045587 1 -1
0 4.351422 2.602615 26.836777 -0.045587 0 -1
0 0.100894 2.602615 27.171299 0.218854 0 -1
0 0.100894 -2.602615 27.171299 0.218854 1 -1
0 -4.149632 -2.602615 26.836777 0.483293 1 -1
0 -4.149632 2.602615 26.836777 0.483293 0 -1
0 -8.295499 2.602615 25.841442 0.747736 0 -1
0 -8.295499 -2.602615 25.841442 0.747736 1 -1
0 -8.295499 -2.602615 25.841442 0.592212 1 -1
0 -8.295499 2.602615 25.841442 0.592212 0 -1
0 -12.234615 -2.602615 24.209805 0.606531 1 -1
0 -12.234615 2.602615 24.209805 0.606531 0 -1
0 -15.869992 2.602615 21.982044 0.620850 0 -1
0 -15.869992 -2.602615 21.982044 0.620850 1 -1
0 -19.112114 -2.602615 19.213011 0.635169 1 -1
0 -19.112114 2.602615 19.213011 0.635169 0 -1
0 -21.881145 2.602615 15.970890 0.649488 0 -1
0 -21.881145 -2.602615 15.970890 0.649488 1 -1
0 -24.108913 -2.602615 12.335511 0.663806 1 -1
0 -24.108913 2.602615 12.335511 0.663806 0 -1
0 -25.740545 2.602615 8.396394 0.678125 0 -1
0 -25.740545 -2.602615 8.396394 0.678125 1 -1
0 -26.735884 -2.602615 4.250527 0.692444 1 -1
0 -26.735884 2.602615 4.250527 0.692444 0 -1
0 -27.070398 2.602615 0 0.706763 0 -1
0 -27.070398 -2.602615 0 0.706763 1 -1
0 -26.735884 -2.602615 -4.250527 0.721081 1 -1
0 -26.735884 2.602615 -4.250527 0.721081 0 -1
0 -25.740545 2.602615 -8.396393 0.735400 0 -1
0 -25.740545 -2.602615 -8.396393 0.735400 1 -1
0 -24.108913 -2.602615 -12.335510 0.749719 1 -1
0 -24.108913 2.602615 -12.335510 0.749719 0 -1
0 -21.881145 2.602615 -15.970890 0.764038 0 -1
0 -21.881145 -2.602615 -15.970890 0.764038 1 -1
0 -19.112114 -2.602615 -19.213007 0.778357 1 -1
0 -19.112114 2.602615 -19.213007 0.778357 0 -1
0 -15.869992 2.602615 -21.982044 0.792676 0 -1
0 -15.869992 -2.602615 -21.982044 0.792676 1 -1
0 -12.234615 -2.602615 -24.209805 0.806995 1 -1
0 -12.234615 2.602615 -24.209805 0.806995 0 -1
0 -8.295499 2.602615 -25.841442 0.821313 0 -1
0 -8.295499 -2.602615 -25.841442 0.821313 1 -1
0 -8.295499 -2.602615 -25.841442 4.978765 1 -1
0 -8.295499 2.602615 -25.841442 4.978765 0 -1
0 -4.149632 -2.602615 -26.836777 5.243202 1 -1
0 -4.149632 2.602615 -26.836777 5.243202 0 -1
0 0.100894 2.602615 -27.171299 5.507647 0 -1
0 0.100894 -2.602615 -27.171299 5.507647 1 -1
0 4.351422 -2.602615 -26.836777 5.772080 1 -1
0 4.351422 2.602615 -26.836777 5.772080 0 -1
0 8.497289 2.602615 -25.841442 6.036523 0 -1
0 8.497289 -2.602615 -25.841442 6.036523 1 -1
0 8.497289 -2.602615 -25.841442 0.878589 1 -1
0 8.497289 2.602615 -25.841442 0.878589 0 -1
0 12.436408 -2.602615 -24.209805 0.892908 1 -1
0 12.436408 2.602615 -24.209805 0.892908 0 -1
0 16.071783 2.602615 -21.982044 0.907226 0 -1
0 16.071783 -2.602615 -21.982044 0.907226 1 -1
0 19.313900 -2.602615 -19.213007 0.921545 1 -1
0 19.313900 2.602615 -19.213007 0.921545 0 -1
0 22.082939 2.602615 -15.970890 0.935864 0 -1
0 22.082939 -2.602615 -15.970890 0.935864 1 -1
0 24.310698 -2.602615 -12.335510 0.950183 1 -1
0 24.310698 2.602615 -12.335510 0.950183 0 -1
0 25.942335 2.602615 -8.396393 0.964502 0 -1
0 25.942335 -2.602615 -8.396393 0.964502 1 -1
0 26.937672 -2.602615 -4.250527 0.978821 1 -1
0 26.937672 2.602615 -4.250527 0.978821 0 -1
0 27.272196 2.602615 0 0.993139 0 -1
0 27.272196 -2.602615 0 0.993139 1 -1
57
0.996917 0 0.078459
0.987688 0 0.156435
0.951056 0 0.309017
0.951056 0 0.309017
0.891007 0 0.453990
0.891007 0 0.453990
0.809017 0 0.587785
0.707107 0 0.707107
0.707107 0 0.707107
0.587785 0 0.809017
0.453991 0 0.891006
0.382684 0 0.923879
0.233445 0 0.972370
0.156434 0 0.987688
0.156434 0 0.987688
-0 0 1
-0.156434 0 0.987688
-0.156434 0 0.987688
-0.233445 0 0.972370
-0.382684 0 0.923879
-0.453991 0 0.891006
-0.453991 0 0.891006
-0.587785 0 0.809017
-0.707107 0 0.707107
-0.707107 0 0.707107
-0.809017 0 0.587786
-0.891006 0 0.453991
-0.951057 0 0.309017
-0.987688 0 0.156434
-0.987688 0 0.156434
-1 0 0
-0.987688 0 -0.156434
-0.951056 0 -0.309017
-0.891007 0 -0.453991
-0.809017 0 -0.587786
-0.707107 0 -0.707107
-0.587785 0 -0.809017
-0.587785 0 -0.809017
-0.453991 0 -0.891006
-0.382684 0 -0.923879
-0.233445 0 -0.972370
-0.156434 0 -0.987688
-0.156434 0 -0.987688
-0 0 -1
0.156434 0 -0.987688
0.233445 0 -0.972370
0.382684 0 -0.923879
0.453991 0 -0.891006
0.587786 0 -0.809017
0.707107 0 -0.707107
0.809017 0 -0.587786
0.891007 0 -0.453990
0.891007 0 -0.453990
0.951056 0 -0.309017
0.987688 0 -0.156435
0.987688 0 -0.156435
0.996917 0 -0.078459
80
0 0 1 2 0 0 1 1
0 1 3 2 0 1 1 1
0 2 3 4 1 1 2 1
0 2 4 5 1 2 3 1
0 5 4 6 3 2 4 1
0 4 7 6 2 5 4 1
0 6 7 8 4 5 6 1
0 6 8 9 4 6 6 1
0 9 8 10 6 6 7 1
0 8 11 10 6 8 7 1
0 10 11 12 7 8 9 1
0 10 12 13 7 9 9 1
0 13 12 14 9 9 10 1
0 12 15 14 9 10 10 1
0 14 15 16 10 10 11 1
0 14 16 17 10 11 11 1
0 18 19 20 12 12 13 1
0 19 21 20 12 14 13 1
0 20 21 22 13 14 15 1
0 20 22 23 13 15 15 1
0 23 22 24 15 15 16 1
0 22 25 24 15 17 16 1
0 24 25 26 16 17 18 1
0 24 26 27 16 18 18 1
0 28 29 30 19 19 20 1
0 29 31 30 19 21 20 1
0 30 31 32 20 21 22 1
0 30 32 33 20 22 22 1
0 33 32 34 22 22 23 1
0 32 35 34 22 24 23 1
0 34 35 36 23 24 25 1
0 34 36 37 23 25 25 1
0 37 36 38 25 25 26 1
0 36 39 38 25 26 26 1
0 38 39 40 26 26 27 1
0 38 40 41 26 27 27 1
0 41 40 42 27 27 28 1
0 40 43 42 27 29 28 1
0 42 43 44 28 29 30 1
0 42 44 45 28 30 30 1
0 45 44 46 30 30 31 1
0 44 47 46 30 31 31 1
0 46 47 48 31 31 32 1
0 46 48 49 31 32 32 1
0 49 48 50 32 32 33 1
0 48 51 50 32 33 33 1
0 50 51 52 33 33 34 1
0 50 52 53 33 34 34 1
0 53 52 54 34 34 35 1
0 52 55 54 34 35 35 1
0 54 55 56 35 35 36 1
0 54 56 57 35 36 37 1
0 57 56 58 37 36 38 1
0 56 59 58 36 38 38 1
0 58 59 60 38 38 39 1
0 58 60 61 38 39 39 1
0 62 63 64 40 40 41 1
0 63 65 64 40 42 41 1
0 64 65 66 41 42 43 1
0 64 66 67 41 43 43 1
0 67 66 68 43 43 44 1
0 66 69 68 43 44 44 1
0 68 69 70 44 44 45 1
0 68 70 71 44 45 45 1
0 72 73 74 46 46 47 1
0 73 75 74 46 47 47 1
0 74 75 76 47 47 48 1
0 74 76 77 47 48 48 1
0 77 76 78 48 48 49 1
0 76 79 78 48 49 49 1
0 78 79 80 49 49 50 1
0 78 80 81 49 50 50 1
0 81 80 82 50 50 51 1
0 80 83 82 50 52 51 1
0 82 83 84 51 52 53 1
0 82 84 85 51 53 53 1
0 85 84 86 53 53 54 1
0 84 87 86 53 55 54 1
0 86 87 88 54 55 56 1
0 86 88 89 54 56 56 1

Materials: 1
"ROTATE"
0.200000 0.200000 0.200000 1
0.800000 0.800000 0.800000 1
0 0 0 1
1 1 1 1
0
1
"ROTATE.png"
""

Bones: 0
GroupComments: 0
MaterialComments: 0
BoneComments: 0
ModelComment: 0
