// MilkShape 3D ASCII

Frames: 30
Frame: 1

Meshes: 1
"Duplicate05" 0 0
48
0 -4.921756 0.001218 1.793627 0.978074 0.967756 -1
0 -11.356865 -0.000132 4.132115 0.469607 1.004550 -1
0 -11.367354 -1.000131 4.137343 0.468949 -0.014348 -1
0 -4.909116 -0.998781 1.786732 0.978349 -0.001829 -1
0 -4.011474 0.001218 3.368786 0.978074 0.967756 -1
0 -9.258690 -0.000132 7.767184 0.469607 1.004550 -1
0 -9.266758 -1.000131 7.775683 0.468949 -0.014348 -1
0 -4.001955 -0.998781 3.357984 0.978349 -0.001829 -1
0 -0.907543 0.001218 5.159141 0.978074 0.967756 -1
0 -2.099910 -0.000132 11.901360 0.469607 1.004550 -1
0 -2.100626 -1.000131 11.913054 0.468949 -0.014348 -1
0 -0.907195 -0.998781 5.144748 0.978349 -0.001829 -1
0 0.911727 0.001218 5.158392 0.978074 0.967756 -1
0 2.097243 -0.000132 11.901821 0.469607 1.004550 -1
0 2.100569 -1.000131 11.913056 0.468949 -0.014348 -1
0 0.907132 -0.998781 5.144749 0.978349 -0.001829 -1
0 4.014185 0.001218 3.365485 0.978074 0.967756 -1
0 9.256937 -0.000132 7.769218 0.469607 1.004550 -1
0 9.266706 -1.000131 7.775684 0.468949 -0.014348 -1
0 4.001894 -0.998781 3.357987 0.978349 -0.001829 -1
0 4.923171 0.001218 1.789576 0.978074 0.967756 -1
0 11.355914 -0.000132 4.134605 0.469607 1.004550 -1
0 11.367304 -1.000131 4.137341 0.468949 -0.014348 -1
0 4.909059 -0.998781 1.786734 0.978349 -0.001829 -1
0 4.921700 0.001218 -1.793686 0.978074 0.967756 -1
0 11.356823 -0.000132 -4.132175 0.469607 1.004550 -1
0 11.367308 -1.000131 -4.137404 0.468949 -0.014348 -1
0 4.909060 -0.998781 -1.786791 0.978349 -0.001829 -1
0 4.011414 0.001218 -3.368846 0.978074 0.967756 -1
0 9.258646 -0.000132 -7.767253 0.469607 1.004550 -1
0 9.266707 -1.000131 -7.775748 0.468949 -0.014348 -1
0 4.001896 -0.998781 -3.358046 0.978349 -0.001829 -1
0 0.907482 0.001218 -5.159203 0.978074 0.967756 -1
0 2.099853 -0.000132 -11.901434 0.469607 1.004550 -1
0 2.100564 -1.000131 -11.913128 0.468949 -0.014348 -1
0 0.907133 -0.998781 -5.144812 0.978349 -0.001829 -1
0 -0.911791 0.001218 -5.158454 0.978074 0.967756 -1
0 -2.097308 -0.000132 -11.901899 0.469607 1.004550 -1
0 -2.100636 -1.000131 -11.913126 0.468949 -0.014348 -1
0 -0.907197 -0.998781 -5.144812 0.978349 -0.001829 -1
0 -4.014252 0.001218 -3.365547 0.978074 0.967756 -1
0 -9.257012 -0.000132 -7.769289 0.469607 1.004550 -1
0 -9.266784 -1.000131 -7.775749 0.468949 -0.014348 -1
0 -4.001963 -0.998781 -3.358048 0.978349 -0.001829 -1
0 -4.923239 0.001218 -1.789634 0.978074 0.967756 -1
0 -11.355997 -0.000132 -4.134670 0.469607 1.004550 -1
0 -11.367382 -1.000131 -4.137402 0.468949 -0.014348 -1
0 -4.909128 -0.998781 -1.786793 0.978349 -0.001829 -1
36
0.341782 -0.000413 0.939779
0.341542 0.001331 0.939865
0.342020 -0.002156 0.939690
0.642593 -0.000413 0.766207
0.642398 0.001331 0.766370
0.642787 -0.002156 0.766042
0.984764 -0.000412 0.173898
0.984719 0.001332 0.174149
0.984806 -0.002157 0.173647
0.984852 -0.000413 -0.173398
0.984895 0.001330 -0.173147
0.984805 -0.002156 -0.173648
0.642982 -0.000412 -0.765881
0.643176 0.001332 -0.765717
0.642785 -0.002157 -0.766043
0.342259 -0.000413 -0.939606
0.342497 0.001330 -0.939518
0.342019 -0.002156 -0.939691
-0.341781 -0.000411 -0.939779
-0.341542 0.001334 -0.939866
-0.342020 -0.002156 -0.939690
-0.642593 -0.000412 -0.766208
-0.642397 0.001332 -0.766371
-0.642786 -0.002155 -0.766042
-0.984764 -0.000409 -0.173898
-0.984718 0.001336 -0.174149
-0.984806 -0.002155 -0.173647
-0.984852 -0.000411 0.173398
-0.984895 0.001334 0.173147
-0.984805 -0.002155 0.173649
-0.642982 -0.000408 0.765881
-0.643177 0.001338 0.765717
-0.642785 -0.002154 0.766043
-0.342259 -0.000412 0.939606
-0.342498 0.001332 0.939518
-0.342019 -0.002157 0.939691
24
0 0 1 2 0 1 0 1
0 0 2 3 0 0 2 1
0 4 5 6 3 4 3 1
0 4 6 7 3 3 5 1
0 8 9 10 6 7 6 1
0 8 10 11 6 6 8 1
0 12 13 14 9 10 9 1
0 12 14 15 9 9 11 1
0 16 17 18 12 13 12 1
0 16 18 19 12 12 14 1
0 20 21 22 15 16 15 1
0 20 22 23 15 15 17 1
0 24 25 26 18 19 18 1
0 24 26 27 18 18 20 1
0 28 29 30 21 22 21 1
0 28 30 31 21 21 23 1
0 32 33 34 24 25 24 1
0 32 34 35 24 24 26 1
0 36 37 38 27 28 27 1
0 36 38 39 27 27 29 1
0 40 41 42 30 31 30 1
0 40 42 43 30 30 32 1
0 44 45 46 33 34 33 1
0 44 46 47 33 33 35 1

Materials: 1
"LIGHT"
0.200000 0.200000 0.200000 1
0.800000 0.800000 0.800000 1
0 0 0 1
1 1 1 1
0
1
"PLATFORM_D_ON.png"
""

Bones: 0
GroupComments: 0
MaterialComments: 0
BoneComments: 0
ModelComment: 0
