// MilkShape 3D ASCII

Frames: 30
Frame: 1

Meshes: 6
"Regroup00" 0 1
400
0 -4.001953 -0.024985 3.357983 0.978074 0.967756 -1
0 -4.909116 -0.024985 1.786732 0.978349 -0.001829 -1
0 -0.000032 -0.024985 -0.000028 0.996585 0.596366 -1
0 -4.001953 -0.024985 3.357983 0.981980 0.967756 -1
0 -4.001953 -0.999697 3.357983 0.981980 0.967756 -1
0 -4.909116 -0.024985 1.786732 0.982255 0.033327 -1
0 -4.909116 -0.999697 1.786732 0.982255 0.033327 -1
0 -4.001953 -0.999697 3.357983 0.978074 0.967756 -1
0 -9.266767 -1.001047 7.775681 0.469607 1.004550 -1
0 -11.367354 -1.001047 4.137343 0.468949 -0.014348 -1
0 -4.909116 -0.999697 1.786732 0.978349 -0.001829 -1
0 -9.266767 -1.001047 7.775681 0.123698 -0.036471 -1
0 -9.266767 -0.014786 7.775681 0.468750 -0.036471 -1
0 -11.367354 -1.001047 4.137343 0.123698 1.043683 -1
0 -11.367354 -0.014786 4.137343 0.468750 1.043683 -1
0 -9.266767 -0.014786 7.775681 0.487208 1.011981 -1
0 -9.929462 -0.009347 8.331750 0.105812 1.016738 -1
0 -12.180270 -0.009347 4.433221 0.106365 -0.050186 -1
0 -11.367354 -0.014786 4.137343 0.486478 -0.051563 -1
0 -9.929462 -0.009347 8.331750 0.470509 1.009108 -1
0 -12.492817 -1.007135 10.482664 0.119117 1.014413 -1
0 -12.180270 -0.009347 4.433221 0.471008 -0.013028 -1
0 -15.324685 -1.007135 5.577697 0.119621 -0.014218 -1
0 -4.909119 -0.024985 1.786734 0.978074 0.967756 -1
0 -5.224174 -0.024985 -0.000029 0.978349 -0.001829 -1
0 -4.909119 -0.024985 1.786734 0.981980 0.967756 -1
0 -4.909119 -0.999697 1.786734 0.981980 0.967756 -1
0 -5.224174 -0.024985 -0.000029 0.982255 0.033327 -1
0 -5.224174 -0.999697 -0.000029 0.982255 0.033327 -1
0 -4.909119 -0.999697 1.786734 0.978074 0.967756 -1
0 -11.367369 -1.001047 4.137340 0.469607 1.004550 -1
0 -12.096892 -1.001047 -0.000024 0.468949 -0.014348 -1
0 -5.224174 -0.999697 -0.000029 0.978349 -0.001829 -1
0 -11.367369 -1.001047 4.137340 0.123698 -0.036471 -1
0 -11.367369 -0.014786 4.137340 0.468750 -0.036471 -1
0 -12.096892 -1.001047 -0.000024 0.123698 1.043683 -1
0 -12.096892 -0.014786 -0.000024 0.468750 1.043683 -1
0 -11.367369 -0.014786 4.137340 0.487208 1.011981 -1
0 -12.180287 -0.009347 4.433221 0.105812 1.016738 -1
0 -12.961983 -0.009347 -0.000023 0.106365 -0.050186 -1
0 -12.096892 -0.014786 -0.000024 0.486478 -0.051563 -1
0 -12.180287 -0.009347 4.433221 0.470509 1.009108 -1
0 -15.324714 -1.007135 5.577703 0.119117 1.014413 -1
0 -12.961983 -0.009347 -0.000023 0.471008 -0.013028 -1
0 -16.308212 -1.007135 -0.000021 0.119621 -0.014218 -1
0 -5.224175 -0.024985 -0.000028 0.978074 0.967756 -1
0 -4.909121 -0.024985 -1.786792 0.978349 -0.001829 -1
0 -0.000032 -0.024985 -0.000029 0.996585 0.596366 -1
0 -5.224175 -0.024985 -0.000028 0.981980 0.967756 -1
0 -5.224175 -0.999697 -0.000028 0.981980 0.967756 -1
0 -4.909121 -0.024985 -1.786792 0.982255 0.033327 -1
0 -4.909121 -0.999697 -1.786792 0.982255 0.033327 -1
0 -5.224175 -0.999697 -0.000028 0.978074 0.967756 -1
0 -12.096901 -1.001047 -0.000032 0.469607 1.004550 -1
0 -11.367367 -1.001047 -4.137395 0.468949 -0.014348 -1
0 -4.909121 -0.999697 -1.786792 0.978349 -0.001829 -1
0 -12.096901 -1.001047 -0.000032 0.123698 -0.036471 -1
0 -12.096901 -0.014786 -0.000032 0.468750 -0.036471 -1
0 -11.367367 -1.001047 -4.137395 0.123698 1.043683 -1
0 -11.367367 -0.014786 -4.137395 0.468750 1.043683 -1
0 -12.096901 -0.014786 -0.000032 0.487208 1.011981 -1
0 -12.961993 -0.009347 -0.000029 0.105812 1.016738 -1
0 -12.180290 -0.009347 -4.433274 0.106365 -0.050186 -1
0 -11.367367 -0.014786 -4.137395 0.486478 -0.051563 -1
0 -12.961993 -0.009347 -0.000029 0.470509 1.009108 -1
0 -16.308231 -1.007135 -0.000025 0.119117 1.014413 -1
0 -12.180290 -0.009347 -4.433274 0.471008 -0.013028 -1
0 -15.324712 -1.007135 -5.577743 0.119621 -0.014218 -1
0 -4.909122 -0.024985 -1.786791 0.978074 0.967756 -1
0 -4.001957 -0.024985 -3.358045 0.978349 -0.001829 -1
0 -4.909122 -0.024985 -1.786791 0.981980 0.967756 -1
0 -4.909122 -0.999697 -1.786791 0.981980 0.967756 -1
0 -4.001957 -0.024985 -3.358045 0.982255 0.033327 -1
0 -4.001957 -0.999697 -3.358045 0.982255 0.033327 -1
0 -4.909122 -0.999697 -1.786791 0.978074 0.967756 -1
0 -11.367373 -1.001047 -4.137405 0.469607 1.004550 -1
0 -9.266772 -1.001047 -7.775742 0.468949 -0.014348 -1
0 -4.001957 -0.999697 -3.358045 0.978349 -0.001829 -1
0 -11.367373 -1.001047 -4.137405 0.123698 -0.036471 -1
0 -11.367373 -0.014786 -4.137405 0.468750 -0.036471 -1
0 -9.266772 -1.001047 -7.775742 0.123698 1.043683 -1
0 -9.266772 -0.014786 -7.775742 0.468750 1.043683 -1
0 -11.367373 -0.014786 -4.137405 0.487208 1.011981 -1
0 -12.180294 -0.009347 -4.433282 0.105812 1.016738 -1
0 -9.929476 -0.009347 -8.331812 0.106365 -0.050186 -1
0 -9.266772 -0.014786 -7.775742 0.486478 -0.051563 -1
0 -12.180294 -0.009347 -4.433282 0.470509 1.009108 -1
0 -15.324736 -1.007135 -5.577758 0.119117 1.014413 -1
0 -9.929476 -0.009347 -8.331812 0.471008 -0.013028 -1
0 -12.492836 -1.007135 -10.482721 0.119621 -0.014218 -1
0 -4.001959 -0.024985 -3.358044 0.978074 0.967756 -1
0 -2.612103 -0.024985 -4.524273 0.978349 -0.001829 -1
0 -4.001959 -0.024985 -3.358044 0.981980 0.967756 -1
0 -4.001959 -0.999697 -3.358044 0.981980 0.967756 -1
0 -2.612103 -0.024985 -4.524273 0.982255 0.033327 -1
0 -2.612103 -0.999697 -4.524273 0.982255 0.033327 -1
0 -4.001959 -0.999697 -3.358044 0.978074 0.967756 -1
0 -9.266775 -1.001047 -7.775755 0.469607 1.004550 -1
0 -6.048472 -1.001047 -10.476229 0.468949 -0.014348 -1
0 -2.612103 -0.999697 -4.524273 0.978349 -0.001829 -1
0 -9.266775 -1.001047 -7.775755 0.123698 -0.036471 -1
0 -9.266775 -0.014786 -7.775755 0.468750 -0.036471 -1
0 -6.048472 -1.001047 -10.476229 0.123698 1.043683 -1
0 -6.048472 -0.014786 -10.476229 0.468750 1.043683 -1
0 -9.266775 -0.014786 -7.775755 0.487208 1.011981 -1
0 -9.929479 -0.009347 -8.331822 0.105812 1.016738 -1
0 -6.481020 -0.009347 -11.225419 0.106365 -0.050186 -1
0 -6.048472 -0.014786 -10.476229 0.486478 -0.051563 -1
0 -9.929479 -0.009347 -8.331822 0.470509 1.009108 -1
0 -12.492849 -1.007135 -10.482740 0.119117 1.014413 -1
0 -6.481020 -0.009347 -11.225419 0.471008 -0.013028 -1
0 -8.154135 -1.007135 -14.123340 0.119621 -0.014218 -1
0 -2.612106 -0.024985 -4.524272 0.978074 0.967756 -1
0 -0.907194 -0.024985 -5.144810 0.978349 -0.001829 -1
0 -2.612106 -0.024985 -4.524272 0.981980 0.967756 -1
0 -2.612106 -0.999697 -4.524272 0.981980 0.967756 -1
0 -0.907194 -0.024985 -5.144810 0.982255 0.033327 -1
0 -0.907194 -0.999697 -5.144810 0.982255 0.033327 -1
0 -2.612106 -0.999697 -4.524272 0.978074 0.967756 -1
0 -6.048468 -1.001047 -10.476238 0.469607 1.004550 -1
0 -2.100636 -1.001047 -11.913129 0.468949 -0.014348 -1
0 -0.907194 -0.999697 -5.144810 0.978349 -0.001829 -1
0 -6.048468 -1.001047 -10.476238 0.123698 -0.036471 -1
0 -6.048468 -0.014786 -10.476238 0.468750 -0.036471 -1
0 -2.100636 -1.001047 -11.913129 0.123698 1.043683 -1
0 -2.100636 -0.014786 -11.913129 0.468750 1.043683 -1
0 -6.048468 -0.014786 -10.476238 0.487208 1.011981 -1
0 -6.481020 -0.009347 -11.225428 0.105812 1.016738 -1
0 -2.250860 -0.009347 -12.765076 0.106365 -0.050186 -1
0 -2.100636 -0.014786 -11.913129 0.486478 -0.051563 -1
0 -6.481020 -0.009347 -11.225428 0.470509 1.009108 -1
0 -8.154138 -1.007135 -14.123355 0.119117 1.014413 -1
0 -2.250860 -0.009347 -12.765076 0.471008 -0.013028 -1
0 -2.831928 -1.007135 -16.060465 0.119621 -0.014218 -1
0 -0.907196 -0.024985 -5.144811 0.978074 0.967756 -1
0 0.907134 -0.024985 -5.144811 0.978349 -0.001829 -1
0 -0.907196 -0.024985 -5.144811 0.981980 0.967756 -1
0 -0.907196 -0.999697 -5.144811 0.981980 0.967756 -1
0 0.907134 -0.024985 -5.144811 0.982255 0.033327 -1
0 0.907134 -0.999697 -5.144811 0.982255 0.033327 -1
0 -0.907196 -0.999697 -5.144811 0.978074 0.967756 -1
0 -2.100629 -1.001047 -11.913134 0.469607 1.004550 -1
0 2.100567 -1.001047 -11.913134 0.468949 -0.014348 -1
0 0.907134 -0.999697 -5.144811 0.978349 -0.001829 -1
0 -2.100629 -1.001047 -11.913134 0.123698 -0.036471 -1
0 -2.100629 -0.014786 -11.913134 0.468750 -0.036471 -1
0 2.100567 -1.001047 -11.913134 0.123698 1.043683 -1
0 2.100567 -0.014786 -11.913134 0.468750 1.043683 -1
0 -2.100629 -0.014786 -11.913134 0.487208 1.011981 -1
0 -2.250857 -0.009347 -12.765085 0.105812 1.016738 -1
0 2.250786 -0.009347 -12.765081 0.106365 -0.050186 -1
0 2.100567 -0.014786 -11.913134 0.486478 -0.051563 -1
0 -2.250857 -0.009347 -12.765085 0.470509 1.009108 -1
0 -2.831924 -1.007135 -16.060486 0.119117 1.014413 -1
0 2.250786 -0.009347 -12.765081 0.471008 -0.013028 -1
0 2.831851 -1.007135 -16.060474 0.119621 -0.014218 -1
0 0.907132 -0.024985 -5.144813 0.978074 0.967756 -1
0 2.612045 -0.024985 -4.524274 0.978349 -0.001829 -1
0 -0.000031 -0.024985 -0.000029 0.996585 0.596366 -1
0 0.907132 -0.024985 -5.144813 0.981980 0.967756 -1
0 0.907132 -0.999697 -5.144813 0.981980 0.967756 -1
0 2.612045 -0.024985 -4.524274 0.982255 0.033327 -1
0 2.612045 -0.999697 -4.524274 0.982255 0.033327 -1
0 0.907132 -0.999697 -5.144813 0.978074 0.967756 -1
0 2.100574 -1.001047 -11.913135 0.469607 1.004550 -1
0 6.048408 -1.001047 -10.476242 0.468949 -0.014348 -1
0 2.612045 -0.999697 -4.524274 0.978349 -0.001829 -1
0 2.100574 -1.001047 -11.913135 0.123698 -0.036471 -1
0 2.100574 -0.014786 -11.913135 0.468750 -0.036471 -1
0 6.048408 -1.001047 -10.476242 0.123698 1.043683 -1
0 6.048408 -0.014786 -10.476242 0.468750 1.043683 -1
0 2.100574 -0.014786 -11.913135 0.487208 1.011981 -1
0 2.250792 -0.009347 -12.765087 0.105812 1.016738 -1
0 6.480951 -0.009347 -11.225432 0.106365 -0.050186 -1
0 6.048408 -0.014786 -10.476242 0.486478 -0.051563 -1
0 2.250792 -0.009347 -12.765087 0.470509 1.009108 -1
0 2.831862 -1.007135 -16.060493 0.119117 1.014413 -1
0 6.480951 -0.009347 -11.225432 0.471008 -0.013028 -1
0 8.154068 -1.007135 -14.123359 0.119621 -0.014218 -1
0 2.612044 -0.024985 -4.524276 0.978074 0.967756 -1
0 4.001902 -0.024985 -3.358047 0.978349 -0.001829 -1
0 2.612044 -0.024985 -4.524276 0.981980 0.967756 -1
0 2.612044 -0.999697 -4.524276 0.981980 0.967756 -1
0 4.001902 -0.024985 -3.358047 0.982255 0.033327 -1
0 4.001902 -0.999697 -3.358047 0.982255 0.033327 -1
0 2.612044 -0.999697 -4.524276 0.978074 0.967756 -1
0 6.048416 -1.001047 -10.476240 0.469607 1.004550 -1
0 9.266722 -1.001047 -7.775764 0.468949 -0.014348 -1
0 4.001902 -0.999697 -3.358047 0.978349 -0.001829 -1
0 6.048416 -1.001047 -10.476240 0.123698 -0.036471 -1
0 6.048416 -0.014786 -10.476240 0.468750 -0.036471 -1
0 9.266722 -1.001047 -7.775764 0.123698 1.043683 -1
0 9.266722 -0.014786 -7.775764 0.468750 1.043683 -1
0 6.048416 -0.014786 -10.476240 0.487208 1.011981 -1
0 6.480959 -0.009347 -11.225436 0.105812 1.016738 -1
0 9.929417 -0.009347 -8.331836 0.106365 -0.050186 -1
0 9.266722 -0.014786 -7.775764 0.486478 -0.051563 -1
0 6.480959 -0.009347 -11.225436 0.470509 1.009108 -1
0 8.154087 -1.007135 -14.123373 0.119117 1.014413 -1
0 9.929417 -0.009347 -8.331836 0.471008 -0.013028 -1
0 12.492783 -1.007135 -10.482754 0.119621 -0.014218 -1
0 4.001902 -0.024985 -3.358049 0.978074 0.967756 -1
0 4.909067 -0.024985 -1.786793 0.978349 -0.001829 -1
0 4.001902 -0.024985 -3.358049 0.981980 0.967756 -1
0 4.001902 -0.999697 -3.358049 0.981980 0.967756 -1
0 4.909067 -0.024985 -1.786793 0.982255 0.033327 -1
0 4.909067 -0.999697 -1.786793 0.982255 0.033327 -1
0 4.001902 -0.999697 -3.358049 0.978074 0.967756 -1
0 9.266727 -1.001047 -7.775758 0.469607 1.004550 -1
0 11.367331 -1.001047 -4.137415 0.468949 -0.014348 -1
0 4.909067 -0.999697 -1.786793 0.978349 -0.001829 -1
0 9.266727 -1.001047 -7.775758 0.123698 -0.036471 -1
0 9.266727 -0.014786 -7.775758 0.468750 -0.036471 -1
0 11.367331 -1.001047 -4.137415 0.123698 1.043683 -1
0 11.367331 -0.014786 -4.137415 0.468750 1.043683 -1
0 9.266727 -0.014786 -7.775758 0.487208 1.011981 -1
0 9.929425 -0.009347 -8.331836 0.105812 1.016738 -1
0 12.180246 -0.009347 -4.433297 0.106365 -0.050186 -1
0 11.367331 -0.014786 -4.137415 0.486478 -0.051563 -1
0 9.929425 -0.009347 -8.331836 0.470509 1.009108 -1
0 12.492809 -1.007135 -10.482759 0.119117 1.014413 -1
0 12.180246 -0.009347 -4.433297 0.471008 -0.013028 -1
0 15.324681 -1.007135 -5.577776 0.119621 -0.014218 -1
0 4.909069 -0.024985 -1.786795 0.978074 0.967756 -1
0 5.224124 -0.024985 -0.000028 0.978349 -0.001829 -1
0 4.909069 -0.024985 -1.786795 0.981980 0.967756 -1
0 4.909069 -0.999697 -1.786795 0.981980 0.967756 -1
0 5.224124 -0.024985 -0.000028 0.982255 0.033327 -1
0 5.224124 -0.999697 -0.000028 0.982255 0.033327 -1
0 4.909069 -0.999697 -1.786795 0.978074 0.967756 -1
0 11.367335 -1.001047 -4.137409 0.469607 1.004550 -1
0 12.096870 -1.001047 -0.000034 0.468949 -0.014348 -1
0 5.224124 -0.999697 -0.000028 0.978349 -0.001829 -1
0 11.367335 -1.001047 -4.137409 0.123698 -0.036471 -1
0 11.367335 -0.014786 -4.137409 0.468750 -0.036471 -1
0 12.096870 -1.001047 -0.000034 0.123698 1.043683 -1
0 12.096870 -0.014786 -0.000034 0.468750 1.043683 -1
0 11.367335 -0.014786 -4.137409 0.487208 1.011981 -1
0 12.180255 -0.009347 -4.433294 0.105812 1.016738 -1
0 12.961959 -0.009347 -0.000038 0.106365 -0.050186 -1
0 12.096870 -0.014786 -0.000034 0.486478 -0.051563 -1
0 12.180255 -0.009347 -4.433294 0.470509 1.009108 -1
0 15.324715 -1.007135 -5.577776 0.119117 1.014413 -1
0 12.961959 -0.009347 -0.000038 0.471008 -0.013028 -1
0 16.308205 -1.007135 -0.000038 0.119621 -0.014218 -1
0 5.224126 -0.024985 -0.000028 0.978074 0.967756 -1
0 4.909072 -0.024985 1.786740 0.978349 -0.001829 -1
0 5.224126 -0.024985 -0.000028 0.981980 0.967756 -1
0 5.224126 -0.999697 -0.000028 0.981980 0.967756 -1
0 4.909072 -0.024985 1.786740 0.982255 0.033327 -1
0 4.909072 -0.999697 1.786740 0.982255 0.033327 -1
0 5.224126 -0.999697 -0.000028 0.978074 0.967756 -1
0 12.096873 -1.001047 -0.000026 0.469607 1.004550 -1
0 11.367348 -1.001047 4.137353 0.468949 -0.014348 -1
0 4.909072 -0.999697 1.786740 0.978349 -0.001829 -1
0 12.096873 -1.001047 -0.000026 0.123698 -0.036471 -1
0 12.096873 -0.014786 -0.000026 0.468750 -0.036471 -1
0 11.367348 -1.001047 4.137353 0.123698 1.043683 -1
0 11.367348 -0.014786 4.137353 0.468750 1.043683 -1
0 12.096873 -0.014786 -0.000026 0.487208 1.011981 -1
0 12.961963 -0.009347 -0.000033 0.105812 1.016738 -1
0 12.180267 -0.009347 4.433226 0.106365 -0.050186 -1
0 11.367348 -0.014786 4.137353 0.486478 -0.051563 -1
0 12.961963 -0.009347 -0.000033 0.470509 1.009108 -1
0 16.308231 -1.007135 -0.000028 0.119117 1.014413 -1
0 12.180267 -0.009347 4.433226 0.471008 -0.013028 -1
0 15.324722 -1.007135 5.577709 0.119621 -0.014218 -1
0 4.909072 -0.024985 1.786740 0.978074 0.967756 -1
0 4.001907 -0.024985 3.357998 0.978349 -0.001829 -1
0 4.909072 -0.024985 1.786740 0.981980 0.967756 -1
0 4.909072 -0.999697 1.786740 0.981980 0.967756 -1
0 4.001907 -0.024985 3.357998 0.982255 0.033327 -1
0 4.001907 -0.999697 3.357998 0.982255 0.033327 -1
0 4.909072 -0.999697 1.786740 0.978074 0.967756 -1
0 11.367345 -1.001047 4.137361 0.469607 1.004550 -1
0 9.266746 -1.001047 7.775713 0.468949 -0.014348 -1
0 4.001907 -0.999697 3.357998 0.978349 -0.001829 -1
0 11.367345 -1.001047 4.137361 0.123698 -0.036471 -1
0 11.367345 -0.014786 4.137361 0.468750 -0.036471 -1
0 9.266746 -1.001047 7.775713 0.123698 1.043683 -1
0 9.266746 -0.014786 7.775713 0.468750 1.043683 -1
0 11.367345 -0.014786 4.137361 0.487208 1.011981 -1
0 12.180264 -0.009347 4.433232 0.105812 1.016738 -1
0 9.929445 -0.009347 8.331779 0.106365 -0.050186 -1
0 9.266746 -0.014786 7.775713 0.486478 -0.051563 -1
0 12.180264 -0.009347 4.433232 0.470509 1.009108 -1
0 15.324732 -1.007135 5.577722 0.119117 1.014413 -1
0 9.929445 -0.009347 8.331779 0.471008 -0.013028 -1
0 12.492828 -1.007135 10.482704 0.119621 -0.014218 -1
0 4.001907 -0.024985 3.357998 0.978074 0.967756 -1
0 2.612051 -0.024985 4.524229 0.978349 -0.001829 -1
0 -0.000031 -0.024985 -0.000028 0.996585 0.596366 -1
0 4.001907 -0.024985 3.357998 0.981980 0.967756 -1
0 4.001907 -0.999697 3.357998 0.981980 0.967756 -1
0 2.612051 -0.024985 4.524229 0.982255 0.033327 -1
0 2.612051 -0.999697 4.524229 0.982255 0.033327 -1
0 4.001907 -0.999697 3.357998 0.978074 0.967756 -1
0 9.266746 -1.001047 7.775721 0.469607 1.004550 -1
0 6.048431 -1.001047 10.476208 0.468949 -0.014348 -1
0 2.612051 -0.999697 4.524229 0.978349 -0.001829 -1
0 9.266746 -1.001047 7.775721 0.123698 -0.036471 -1
0 9.266746 -0.014786 7.775721 0.468750 -0.036471 -1
0 6.048431 -1.001047 10.476208 0.123698 1.043683 -1
0 6.048431 -0.014786 10.476208 0.468750 1.043683 -1
0 9.266746 -0.014786 7.775721 0.487208 1.011981 -1
0 9.929443 -0.009347 8.331785 0.105812 1.016738 -1
0 6.480985 -0.009347 11.225393 0.106365 -0.050186 -1
0 6.048431 -0.014786 10.476208 0.486478 -0.051563 -1
0 9.929443 -0.009347 8.331785 0.470509 1.009108 -1
0 12.492836 -1.007135 10.482721 0.119117 1.014413 -1
0 6.480985 -0.009347 11.225393 0.471008 -0.013028 -1
0 8.154111 -1.007135 14.123336 0.119621 -0.014218 -1
0 2.612049 -0.024985 4.524230 0.978074 0.967756 -1
0 0.907136 -0.024985 5.144769 0.978349 -0.001829 -1
0 2.612049 -0.024985 4.524230 0.981980 0.967756 -1
0 2.612049 -0.999697 4.524230 0.981980 0.967756 -1
0 0.907136 -0.024985 5.144769 0.982255 0.033327 -1
0 0.907136 -0.999697 5.144769 0.982255 0.033327 -1
0 2.612049 -0.999697 4.524230 0.978074 0.967756 -1
0 6.048430 -1.001047 10.476215 0.469607 1.004550 -1
0 2.100581 -1.001047 11.913114 0.468949 -0.014348 -1
0 0.907136 -0.999697 5.144769 0.978349 -0.001829 -1
0 6.048430 -1.001047 10.476215 0.123698 -0.036471 -1
0 6.048430 -0.014786 10.476215 0.468750 -0.036471 -1
0 2.100581 -1.001047 11.913114 0.123698 1.043683 -1
0 2.100581 -0.014786 11.913114 0.468750 1.043683 -1
0 6.048430 -0.014786 10.476215 0.487208 1.011981 -1
0 6.480976 -0.009347 11.225399 0.105812 1.016738 -1
0 2.250812 -0.009347 12.765059 0.106365 -0.050186 -1
0 2.100581 -0.014786 11.913114 0.486478 -0.051563 -1
0 6.480976 -0.009347 11.225399 0.470509 1.009108 -1
0 8.154111 -1.007135 14.123352 0.119117 1.014413 -1
0 2.250812 -0.009347 12.765059 0.471008 -0.013028 -1
0 2.831882 -1.007135 16.060471 0.119621 -0.014218 -1
0 0.907135 -0.024985 5.144769 0.978074 0.967756 -1
0 -0.907198 -0.024985 5.144772 0.978349 -0.001829 -1
0 0.907135 -0.024985 5.144769 0.981980 0.967756 -1
0 0.907135 -0.999697 5.144769 0.981980 0.967756 -1
0 -0.907198 -0.024985 5.144772 0.982255 0.033327 -1
0 -0.907198 -0.999697 5.144772 0.982255 0.033327 -1
0 0.907135 -0.999697 5.144769 0.978074 0.967756 -1
0 2.100577 -1.001047 11.913121 0.469607 1.004550 -1
0 -2.100636 -1.001047 11.913119 0.468949 -0.014348 -1
0 -0.907198 -0.999697 5.144772 0.978349 -0.001829 -1
0 2.100577 -1.001047 11.913121 0.123698 -0.036471 -1
0 2.100577 -0.014786 11.913121 0.468750 -0.036471 -1
0 -2.100636 -1.001047 11.913119 0.123698 1.043683 -1
0 -2.100636 -0.014786 11.913119 0.468750 1.043683 -1
0 2.100577 -0.014786 11.913121 0.487208 1.011981 -1
0 2.250803 -0.009347 12.765061 0.105812 1.016738 -1
0 -2.250848 -0.009347 12.765069 0.106365 -0.050186 -1
0 -2.100636 -0.014786 11.913119 0.486478 -0.051563 -1
0 2.250803 -0.009347 12.765061 0.470509 1.009108 -1
0 2.831878 -1.007135 16.060488 0.119117 1.014413 -1
0 -2.250848 -0.009347 12.765069 0.471008 -0.013028 -1
0 -2.831919 -1.007135 16.060480 0.119621 -0.014218 -1
0 -0.907199 -0.024985 5.144772 0.978074 0.967756 -1
0 -2.612115 -0.024985 4.524235 0.978349 -0.001829 -1
0 -0.907199 -0.024985 5.144772 0.981980 0.967756 -1
0 -0.907199 -0.999697 5.144772 0.981980 0.967756 -1
0 -2.612115 -0.024985 4.524235 0.982255 0.033327 -1
0 -2.612115 -0.999697 4.524235 0.982255 0.033327 -1
0 -0.907199 -0.999697 5.144772 0.978074 0.967756 -1
0 -2.100642 -1.001047 11.913124 0.469607 1.004550 -1
0 -6.048494 -1.001047 10.476223 0.468949 -0.014348 -1
0 -2.612115 -0.999697 4.524235 0.978349 -0.001829 -1
0 -2.100642 -1.001047 11.913124 0.123698 -0.036471 -1
0 -2.100642 -0.014786 11.913124 0.468750 -0.036471 -1
0 -6.048494 -1.001047 10.476223 0.123698 1.043683 -1
0 -6.048494 -0.014786 10.476223 0.468750 1.043683 -1
0 -2.100642 -0.014786 11.913124 0.487208 1.011981 -1
0 -2.250858 -0.009347 12.765066 0.105812 1.016738 -1
0 -6.481029 -0.009347 11.225418 0.106365 -0.050186 -1
0 -6.048494 -0.014786 10.476223 0.486478 -0.051563 -1
0 -2.250858 -0.009347 12.765066 0.470509 1.009108 -1
0 -2.831929 -1.007135 16.060493 0.119117 1.014413 -1
0 -6.481029 -0.009347 11.225418 0.471008 -0.013028 -1
0 -8.154157 -1.007135 14.123358 0.119621 -0.014218 -1
0 -2.612116 -0.024985 4.524234 0.978074 0.967756 -1
0 -4.001978 -0.024985 3.358005 0.978349 -0.001829 -1
0 -2.612116 -0.024985 4.524234 0.981980 0.967756 -1
0 -2.612116 -0.999697 4.524234 0.981980 0.967756 -1
0 -4.001978 -0.024985 3.358005 0.982255 0.033327 -1
0 -4.001978 -0.999697 3.358005 0.982255 0.033327 -1
0 -2.612116 -0.999697 4.524234 0.978074 0.967756 -1
0 -6.048501 -1.001047 10.476226 0.469607 1.004550 -1
0 -9.266819 -1.001047 7.775734 0.468949 -0.014348 -1
0 -4.001978 -0.999697 3.358005 0.978349 -0.001829 -1
0 -6.048501 -1.001047 10.476226 0.123698 -0.036471 -1
0 -6.048501 -0.014786 10.476226 0.468750 -0.036471 -1
0 -9.266819 -1.001047 7.775734 0.123698 1.043683 -1
0 -9.266819 -0.014786 7.775734 0.468750 1.043683 -1
0 -6.048501 -0.014786 10.476226 0.487208 1.011981 -1
0 -6.481037 -0.009347 11.225410 0.105812 1.016738 -1
0 -9.929508 -0.009347 8.331812 0.106365 -0.050186 -1
0 -9.266819 -0.014786 7.775734 0.486478 -0.051563 -1
0 -6.481037 -0.009347 11.225410 0.470509 1.009108 -1
0 -8.154170 -1.007135 14.123365 0.119117 1.014413 -1
0 -9.929508 -0.009347 8.331812 0.471008 -0.013028 -1
0 -12.492892 -1.007135 10.482739 0.119621 -0.014218 -1
198
0.000000 -1.000000 0.000000
0.866025 0.000000 -0.500000
0.000173 -1.000000 -0.000100
0.000173 -1.000000 -0.000100
0.000173 -1.000000 -0.000100
-0.866026 0.000000 0.499999
-0.005529 -0.999980 0.003192
-0.005529 -0.999980 0.003192
-0.005529 -0.999980 0.003192
0.250967 -0.957090 -0.144895
0.250967 -0.957090 -0.144895
0.250967 -0.957090 -0.144895
0.984808 0.000000 -0.173648
0.000196 -1.000000 -0.000035
0.000196 -1.000000 -0.000035
0.000196 -1.000000 -0.000035
-0.984808 0.000000 0.173647
-0.006287 -0.999980 0.001109
-0.006287 -0.999980 0.001109
-0.006287 -0.999980 0.001109
0.285388 -0.957090 -0.050321
0.285388 -0.957090 -0.050321
0.285388 -0.957090 -0.050321
0.984808 0.000000 0.173648
0.000196 -1.000000 0.000035
0.000196 -1.000000 0.000035
0.000196 -1.000000 0.000035
-0.984808 0.000000 -0.173649
-0.006287 -0.999980 -0.001109
-0.006287 -0.999980 -0.001109
-0.006287 -0.999980 -0.001109
0.285387 -0.957090 0.050322
0.285388 -0.957090 0.050322
0.285388 -0.957090 0.050323
0.866025 0.000000 0.500000
0.000173 -1.000000 0.000100
0.000173 -1.000000 0.000100
0.000173 -1.000000 0.000100
-0.866025 0.000000 -0.500001
-0.005529 -0.999980 -0.003192
-0.005529 -0.999980 -0.003192
-0.005529 -0.999980 -0.003192
0.250965 -0.957090 0.144895
0.250965 -0.957090 0.144895
0.250966 -0.957090 0.144896
0.642788 0.000000 0.766044
0.000128 -1.000000 0.000153
0.000128 -1.000000 0.000153
0.000128 -1.000000 0.000153
-0.642787 0.000000 -0.766045
-0.004104 -0.999980 -0.004890
-0.004104 -0.999980 -0.004890
-0.004104 -0.999980 -0.004890
0.186273 -0.957090 0.221992
0.186273 -0.957090 0.221992
0.186273 -0.957090 0.221993
0.342021 0.000000 0.939692
0.000068 -1.000000 0.000187
0.000068 -1.000000 0.000187
0.000068 -1.000000 0.000187
-0.342020 0.000000 -0.939693
-0.002183 -0.999980 -0.005999
-0.002183 -0.999980 -0.005999
-0.002183 -0.999980 -0.005999
0.099114 -0.957090 0.272313
0.099114 -0.957090 0.272314
0.099113 -0.957090 0.272314
0.000000 0.000000 1.000000
0.000000 -1.000000 0.000199
0.000000 -1.000000 0.000199
0.000000 0.000000 -1.000000
0.000000 -0.999980 -0.006384
0.000000 -0.999980 -0.006384
0.000000 -0.999980 -0.006384
-0.000000 -0.957090 0.289790
-0.000000 -0.957090 0.289790
-0.000001 -0.957090 0.289790
-0.342021 0.000000 0.939692
-0.000068 -1.000000 0.000187
-0.000068 -1.000000 0.000187
-0.000068 -1.000000 0.000187
0.342020 0.000000 -0.939693
0.002183 -0.999980 -0.005999
0.002183 -0.999980 -0.005999
0.002183 -0.999980 -0.005999
-0.099114 -0.957090 0.272313
-0.099114 -0.957090 0.272313
-0.099114 -0.957090 0.272313
-0.642787 0.000000 0.766045
-0.000128 -1.000000 0.000153
-0.000128 -1.000000 0.000153
-0.000128 -1.000000 0.000153
0.642787 0.000000 -0.766045
0.004104 -0.999980 -0.004890
0.004104 -0.999980 -0.004890
0.004104 -0.999980 -0.004890
-0.186273 -0.957091 0.221991
-0.186273 -0.957090 0.221991
-0.186274 -0.957090 0.221991
-0.866025 0.000000 0.500000
-0.000173 -1.000000 0.000100
-0.000173 -1.000000 0.000100
-0.000173 -1.000000 0.000100
0.866025 0.000000 -0.500001
0.005529 -0.999980 -0.003192
0.005529 -0.999980 -0.003192
0.005529 -0.999980 -0.003192
-0.250964 -0.957091 0.144894
-0.250965 -0.957091 0.144894
-0.250966 -0.957090 0.144894
-0.984808 0.000000 0.173648
-0.000196 -1.000000 0.000035
-0.000196 -1.000000 0.000035
-0.000196 -1.000000 0.000035
0.984808 0.000000 -0.173649
0.006287 -0.999980 -0.001109
0.006287 -0.999980 -0.001109
0.006287 -0.999980 -0.001109
-0.285385 -0.957091 0.050321
-0.285386 -0.957091 0.050321
-0.285387 -0.957091 0.050321
-0.984808 0.000000 -0.173647
-0.000196 -1.000000 -0.000035
-0.000196 -1.000000 -0.000035
-0.000196 -1.000000 -0.000035
0.984808 0.000000 0.173647
0.006287 -0.999980 0.001109
0.006287 -0.999980 0.001109
0.006287 -0.999980 0.001109
-0.285385 -0.957091 -0.050321
-0.285385 -0.957091 -0.050321
-0.285386 -0.957091 -0.050321
-0.866026 0.000000 -0.500000
-0.000173 -1.000000 -0.000100
-0.000173 -1.000000 -0.000100
-0.000173 -1.000000 -0.000100
0.866026 0.000000 0.499999
0.005529 -0.999980 0.003192
0.005529 -0.999980 0.003192
0.005529 -0.999980 0.003192
-0.250963 -0.957091 -0.144893
-0.250963 -0.957091 -0.144894
-0.250964 -0.957091 -0.144895
-0.642789 0.000000 -0.766043
-0.000128 -1.000000 -0.000153
-0.000128 -1.000000 -0.000153
-0.000128 -1.000000 -0.000153
0.642788 0.000000 0.766044
0.004104 -0.999980 0.004890
0.004104 -0.999980 0.004890
0.004104 -0.999980 0.004890
-0.186272 -0.957091 -0.221990
-0.186272 -0.957091 -0.221990
-0.186272 -0.957091 -0.221991
-0.342021 0.000000 -0.939692
-0.000068 -1.000000 -0.000187
-0.000068 -1.000000 -0.000187
-0.000068 -1.000000 -0.000187
0.342020 0.000000 0.939693
0.002183 -0.999980 0.005999
0.002184 -0.999980 0.005999
0.002183 -0.999980 0.005999
-0.099113 -0.957091 -0.272311
-0.099113 -0.957091 -0.272312
-0.099113 -0.957091 -0.272313
-0.000002 0.000000 -1.000000
-0.000000 -1.000000 -0.000199
0.000000 -1.000000 -0.000199
-0.000000 -1.000000 -0.000199
-0.000000 0.000000 1.000000
0.000000 -0.999980 0.006384
0.000000 -0.999980 0.006384
-0.000000 -0.999980 0.006384
-0.000000 -0.957091 -0.289788
-0.000000 -0.957091 -0.289788
0.000000 -0.957091 -0.289789
0.342019 0.000000 -0.939693
0.000068 -1.000000 -0.000187
0.000068 -1.000000 -0.000187
0.000068 -1.000000 -0.000187
-0.342020 0.000000 0.939693
-0.002183 -0.999980 0.005999
-0.002183 -0.999980 0.005999
-0.002183 -0.999980 0.005999
0.099113 -0.957091 -0.272311
0.099113 -0.957091 -0.272312
0.099114 -0.957091 -0.272312
0.642786 0.000000 -0.766045
0.000128 -1.000000 -0.000153
0.000128 -1.000000 -0.000153
0.000128 -1.000000 -0.000153
-0.642788 0.000000 0.766044
-0.004104 -0.999980 0.004891
-0.004104 -0.999980 0.004891
-0.004104 -0.999980 0.004890
0.186271 -0.957091 -0.221990
0.186272 -0.957091 -0.221990
0.186273 -0.957091 -0.221991
198
0 0 1 2 0 0 0 2
0 3 4 5 1 1 1 1
0 4 6 5 1 1 1 1
0 7 8 9 2 3 2 1
0 7 9 10 2 2 4 1
0 11 12 13 5 5 5 1
0 12 14 13 5 5 5 1
0 15 16 17 6 7 6 1
0 15 17 18 6 6 8 1
0 19 20 21 9 10 10 1
0 20 22 21 10 11 10 1
0 23 24 2 0 0 0 2
0 25 26 27 12 12 12 1
0 26 28 27 12 12 12 1
0 29 30 31 13 14 13 1
0 29 31 32 13 13 15 1
0 33 34 35 16 16 16 1
0 34 36 35 16 16 16 1
0 37 38 39 17 18 17 1
0 37 39 40 17 17 19 1
0 41 42 43 20 21 21 1
0 42 44 43 21 22 21 1
0 45 46 47 0 0 0 2
0 48 49 50 23 23 23 1
0 49 51 50 23 23 23 1
0 52 53 54 24 25 24 1
0 52 54 55 24 24 26 1
0 56 57 58 27 27 27 1
0 57 59 58 27 27 27 1
0 60 61 62 28 29 28 1
0 60 62 63 28 28 30 1
0 64 65 66 31 32 32 1
0 65 67 66 32 33 32 1
0 68 69 47 0 0 0 2
0 70 71 72 34 34 34 1
0 71 73 72 34 34 34 1
0 74 75 76 35 36 35 1
0 74 76 77 35 35 37 1
0 78 79 80 38 38 38 1
0 79 81 80 38 38 38 1
0 82 83 84 39 40 39 1
0 82 84 85 39 39 41 1
0 86 87 88 42 43 43 1
0 87 89 88 43 44 43 1
0 90 91 47 0 0 0 2
0 92 93 94 45 45 45 1
0 93 95 94 45 45 45 1
0 96 97 98 46 47 46 1
0 96 98 99 46 46 48 1
0 100 101 102 49 49 49 1
0 101 103 102 49 49 49 1
0 104 105 106 50 51 50 1
0 104 106 107 50 50 52 1
0 108 109 110 53 54 54 1
0 109 111 110 54 55 54 1
0 112 113 47 0 0 0 2
0 114 115 116 56 56 56 1
0 115 117 116 56 56 56 1
0 118 119 120 57 58 57 1
0 118 120 121 57 57 59 1
0 122 123 124 60 60 60 1
0 123 125 124 60 60 60 1
0 126 127 128 61 62 61 1
0 126 128 129 61 61 63 1
0 130 131 132 64 65 65 1
0 131 133 132 65 66 65 1
0 134 135 47 0 0 0 2
0 136 137 138 67 67 67 1
0 137 139 138 67 67 67 1
0 140 141 142 68 68 68 1
0 140 142 143 68 68 69 1
0 144 145 146 70 70 70 1
0 145 147 146 70 70 70 1
0 148 149 150 71 72 71 1
0 148 150 151 71 71 73 1
0 152 153 154 74 75 75 1
0 153 155 154 75 76 75 1
0 156 157 158 0 0 0 2
0 159 160 161 77 77 77 1
0 160 162 161 77 77 77 1
0 163 164 165 78 79 78 1
0 163 165 166 78 78 80 1
0 167 168 169 81 81 81 1
0 168 170 169 81 81 81 1
0 171 172 173 82 83 82 1
0 171 173 174 82 82 84 1
0 175 176 177 85 86 86 1
0 176 178 177 86 87 86 1
0 179 180 158 0 0 0 2
0 181 182 183 88 88 88 1
0 182 184 183 88 88 88 1
0 185 186 187 89 90 89 1
0 185 187 188 89 89 91 1
0 189 190 191 92 92 92 1
0 190 192 191 92 92 92 1
0 193 194 195 93 94 93 1
0 193 195 196 93 93 95 1
0 197 198 199 96 97 97 1
0 198 200 199 97 98 97 1
0 201 202 158 0 0 0 2
0 203 204 205 99 99 99 1
0 204 206 205 99 99 99 1
0 207 208 209 100 101 100 1
0 207 209 210 100 100 102 1
0 211 212 213 103 103 103 1
0 212 214 213 103 103 103 1
0 215 216 217 104 105 104 1
0 215 217 218 104 104 106 1
0 219 220 221 107 108 108 1
0 220 222 221 108 109 108 1
0 223 224 158 0 0 0 2
0 225 226 227 110 110 110 1
0 226 228 227 110 110 110 1
0 229 230 231 111 112 111 1
0 229 231 232 111 111 113 1
0 233 234 235 114 114 114 1
0 234 236 235 114 114 114 1
0 237 238 239 115 116 115 1
0 237 239 240 115 115 117 1
0 241 242 243 118 119 119 1
0 242 244 243 119 120 119 1
0 245 246 158 0 0 0 2
0 247 248 249 121 121 121 1
0 248 250 249 121 121 121 1
0 251 252 253 122 123 122 1
0 251 253 254 122 122 124 1
0 255 256 257 125 125 125 1
0 256 258 257 125 125 125 1
0 259 260 261 126 127 126 1
0 259 261 262 126 126 128 1
0 263 264 265 129 130 130 1
0 264 266 265 130 131 130 1
0 267 268 158 0 0 0 2
0 269 270 271 132 132 132 1
0 270 272 271 132 132 132 1
0 273 274 275 133 134 133 1
0 273 275 276 133 133 135 1
0 277 278 279 136 136 136 1
0 278 280 279 136 136 136 1
0 281 282 283 137 138 137 1
0 281 283 284 137 137 139 1
0 285 286 287 140 141 141 1
0 286 288 287 141 142 141 1
0 289 290 291 0 0 0 2
0 292 293 294 143 143 143 1
0 293 295 294 143 143 143 1
0 296 297 298 144 145 144 1
0 296 298 299 144 144 146 1
0 300 301 302 147 147 147 1
0 301 303 302 147 147 147 1
0 304 305 306 148 149 148 1
0 304 306 307 148 148 150 1
0 308 309 310 151 152 152 1
0 309 311 310 152 153 152 1
0 312 313 291 0 0 0 2
0 314 315 316 154 154 154 1
0 315 317 316 154 154 154 1
0 318 319 320 155 156 155 1
0 318 320 321 155 155 157 1
0 322 323 324 158 158 158 1
0 323 325 324 158 158 158 1
0 326 327 328 159 160 159 1
0 326 328 329 159 159 161 1
0 330 331 332 162 163 163 1
0 331 333 332 163 164 163 1
0 334 335 291 0 0 0 2
0 336 337 338 165 165 165 1
0 337 339 338 165 165 165 1
0 340 341 342 166 167 166 1
0 340 342 343 166 166 168 1
0 344 345 346 169 169 169 1
0 345 347 346 169 169 169 1
0 348 349 350 170 171 170 1
0 348 350 351 170 170 172 1
0 352 353 354 173 174 174 1
0 353 355 354 174 175 174 1
0 356 357 2 0 0 0 2
0 358 359 360 176 176 176 1
0 359 361 360 176 176 176 1
0 362 363 364 177 178 177 1
0 362 364 365 177 177 179 1
0 366 367 368 180 180 180 1
0 367 369 368 180 180 180 1
0 370 371 372 181 182 181 1
0 370 372 373 181 181 183 1
0 374 375 376 184 185 185 1
0 375 377 376 185 186 185 1
0 378 379 2 0 0 0 2
0 380 381 382 187 187 187 1
0 381 383 382 187 187 187 1
0 384 385 386 188 189 188 1
0 384 386 387 188 188 190 1
0 388 389 390 191 191 191 1
0 389 391 390 191 191 191 1
0 392 393 394 192 193 192 1
0 392 394 395 192 192 194 1
0 396 397 398 195 196 196 1
0 397 399 398 196 197 196 1
"Cylinder03" 0 0
19
0 5.231193 -0.014786 -0.000028 1.000000 0.500000 -1
0 4.915709 -0.014786 1.789157 0.969846 0.673648 -1
0 -0.000032 -0.014786 -0.000028 0.500000 0.500000 -1
0 4.007320 -0.014786 3.362537 0.883022 0.826352 -1
0 2.615581 -0.014786 4.530344 0.750000 0.939693 -1
0 0.908361 -0.014786 5.151721 0.586824 1.000000 -1
0 -0.908425 -0.014786 5.151721 0.413176 1.000000 -1
0 -2.615644 -0.014786 4.530344 0.250000 0.939693 -1
0 -4.007383 -0.014786 3.362537 0.116978 0.826352 -1
0 -4.915772 -0.014786 1.789157 0.030154 0.673648 -1
0 -5.231257 -0.014786 -0.000028 0.000000 0.500000 -1
0 -4.915772 -0.014786 -1.789213 0.030154 0.326352 -1
0 -4.007383 -0.014786 -3.362593 0.116978 0.173648 -1
0 -2.615644 -0.014786 -4.530401 0.250000 0.060307 -1
0 -0.908425 -0.014786 -5.151777 0.413176 0.000000 -1
0 0.908361 -0.014786 -5.151777 0.586824 0.000000 -1
0 2.615581 -0.014786 -4.530401 0.750000 0.060307 -1
0 4.007320 -0.014786 -3.362593 0.883022 0.173648 -1
0 4.915709 -0.014786 -1.789213 0.969846 0.326352 -1
1
0.000000 -1.000000 0.000000
18
0 0 1 2 0 0 0 2
0 1 3 2 0 0 0 2
0 3 4 2 0 0 0 2
0 4 5 2 0 0 0 2
0 5 6 2 0 0 0 2
0 6 7 2 0 0 0 2
0 7 8 2 0 0 0 2
0 8 9 2 0 0 0 2
0 9 10 2 0 0 0 2
0 10 11 2 0 0 0 2
0 11 12 2 0 0 0 2
0 12 13 2 0 0 0 2
0 13 14 2 0 0 0 2
0 14 15 2 0 0 0 2
0 15 16 2 0 0 0 2
0 16 17 2 0 0 0 2
0 17 18 2 0 0 0 2
0 18 0 2 0 0 0 2
"Regroup02" 0 1
24
0 -4.001953 0.000301 3.357983 0.978074 0.967756 -1
0 -9.266767 -0.001050 7.775681 0.469607 1.004550 -1
0 -11.367354 -0.001050 4.137343 0.468949 -0.014348 -1
0 -4.909116 0.000301 1.786732 0.978349 -0.001829 -1
0 0.907132 0.000301 5.144748 0.978074 0.967756 -1
0 2.100564 -0.001050 11.913062 0.469607 1.004550 -1
0 -2.100626 -0.001050 11.913054 0.468949 -0.014348 -1
0 -0.907195 0.000301 5.144748 0.978349 -0.001829 -1
0 4.909056 0.000301 1.786733 0.978074 0.967756 -1
0 11.367307 -0.001050 4.137347 0.469607 1.004550 -1
0 9.266706 -0.001050 7.775684 0.468949 -0.014348 -1
0 4.001894 0.000301 3.357987 0.978349 -0.001829 -1
0 4.001894 0.000301 -3.358043 0.978074 0.967756 -1
0 9.266715 -0.001050 -7.775748 0.469607 1.004550 -1
0 11.367308 -0.001050 -4.137404 0.468949 -0.014348 -1
0 4.909060 0.000301 -1.786791 0.978349 -0.001829 -1
0 -0.907195 0.000301 -5.144809 0.978074 0.967756 -1
0 -2.100630 -0.001050 -11.913133 0.469607 1.004550 -1
0 2.100564 -0.001050 -11.913128 0.468949 -0.014348 -1
0 0.907133 0.000301 -5.144812 0.978349 -0.001829 -1
0 -4.909125 0.000301 -1.786792 0.978074 0.967756 -1
0 -11.367382 -0.001050 -4.137409 0.469607 1.004550 -1
0 -9.266784 -0.001050 -7.775749 0.468949 -0.014348 -1
0 -4.001963 0.000301 -3.358048 0.978349 -0.001829 -1
18
0.000173 -1.000000 -0.000100
0.000173 -1.000000 -0.000100
0.000173 -1.000000 -0.000100
0.000000 -1.000000 -0.000200
0.000000 -1.000000 -0.000200
0.000000 -1.000000 -0.000200
-0.000173 -1.000000 -0.000100
-0.000173 -1.000000 -0.000100
-0.000173 -1.000000 -0.000100
-0.000173 -1.000000 0.000100
-0.000173 -1.000000 0.000100
-0.000173 -1.000000 0.000100
0.000000 -1.000000 0.000200
-0.000000 -1.000000 0.000200
0.000000 -1.000000 0.000200
0.000173 -1.000000 0.000100
0.000173 -1.000000 0.000100
0.000173 -1.000000 0.000100
12
0 0 1 2 0 1 0 1
0 0 2 3 0 0 2 1
0 4 5 6 3 4 3 1
0 4 6 7 3 3 5 1
0 8 9 10 6 7 6 1
0 8 10 11 6 6 8 1
0 12 13 14 9 10 9 1
0 12 14 15 9 9 11 1
0 16 17 18 12 13 12 1
0 16 18 19 12 12 14 1
0 20 21 22 15 16 15 1
0 20 22 23 15 15 17 1
"Duplicate05" 0 10
48
0 -4.921756 0.001218 1.793627 0.978074 0.967756 -1
0 -11.356865 -0.000132 4.132115 0.469607 1.004550 -1
0 -11.367354 -1.000131 4.137343 0.468949 -0.014348 -1
0 -4.909116 -0.998781 1.786732 0.978349 -0.001829 -1
0 -4.011474 0.001218 3.368786 0.978074 0.967756 -1
0 -9.258690 -0.000132 7.767184 0.469607 1.004550 -1
0 -9.266758 -1.000131 7.775683 0.468949 -0.014348 -1
0 -4.001955 -0.998781 3.357984 0.978349 -0.001829 -1
0 -0.907543 0.001218 5.159141 0.978074 0.967756 -1
0 -2.099910 -0.000132 11.901360 0.469607 1.004550 -1
0 -2.100626 -1.000131 11.913054 0.468949 -0.014348 -1
0 -0.907195 -0.998781 5.144748 0.978349 -0.001829 -1
0 0.911727 0.001218 5.158392 0.978074 0.967756 -1
0 2.097243 -0.000132 11.901821 0.469607 1.004550 -1
0 2.100569 -1.000131 11.913056 0.468949 -0.014348 -1
0 0.907132 -0.998781 5.144749 0.978349 -0.001829 -1
0 4.014185 0.001218 3.365485 0.978074 0.967756 -1
0 9.256937 -0.000132 7.769218 0.469607 1.004550 -1
0 9.266706 -1.000131 7.775684 0.468949 -0.014348 -1
0 4.001894 -0.998781 3.357987 0.978349 -0.001829 -1
0 4.923171 0.001218 1.789576 0.978074 0.967756 -1
0 11.355914 -0.000132 4.134605 0.469607 1.004550 -1
0 11.367304 -1.000131 4.137341 0.468949 -0.014348 -1
0 4.909059 -0.998781 1.786734 0.978349 -0.001829 -1
0 4.921700 0.001218 -1.793686 0.978074 0.967756 -1
0 11.356823 -0.000132 -4.132175 0.469607 1.004550 -1
0 11.367308 -1.000131 -4.137404 0.468949 -0.014348 -1
0 4.909060 -0.998781 -1.786791 0.978349 -0.001829 -1
0 4.011414 0.001218 -3.368846 0.978074 0.967756 -1
0 9.258646 -0.000132 -7.767253 0.469607 1.004550 -1
0 9.266707 -1.000131 -7.775748 0.468949 -0.014348 -1
0 4.001896 -0.998781 -3.358046 0.978349 -0.001829 -1
0 0.907482 0.001218 -5.159203 0.978074 0.967756 -1
0 2.099853 -0.000132 -11.901434 0.469607 1.004550 -1
0 2.100564 -1.000131 -11.913128 0.468949 -0.014348 -1
0 0.907133 -0.998781 -5.144812 0.978349 -0.001829 -1
0 -0.911791 0.001218 -5.158454 0.978074 0.967756 -1
0 -2.097308 -0.000132 -11.901899 0.469607 1.004550 -1
0 -2.100636 -1.000131 -11.913126 0.468949 -0.014348 -1
0 -0.907197 -0.998781 -5.144812 0.978349 -0.001829 -1
0 -4.014252 0.001218 -3.365547 0.978074 0.967756 -1
0 -9.257012 -0.000132 -7.769289 0.469607 1.004550 -1
0 -9.266784 -1.000131 -7.775749 0.468949 -0.014348 -1
0 -4.001963 -0.998781 -3.358048 0.978349 -0.001829 -1
0 -4.923239 0.001218 -1.789634 0.978074 0.967756 -1
0 -11.355997 -0.000132 -4.134670 0.469607 1.004550 -1
0 -11.367382 -1.000131 -4.137402 0.468949 -0.014348 -1
0 -4.909128 -0.998781 -1.786793 0.978349 -0.001829 -1
36
0.341782 -0.000413 0.939779
0.341542 0.001331 0.939865
0.342020 -0.002156 0.939690
0.642593 -0.000413 0.766207
0.642398 0.001331 0.766370
0.642787 -0.002156 0.766042
0.984764 -0.000412 0.173898
0.984719 0.001332 0.174149
0.984806 -0.002157 0.173647
0.984852 -0.000413 -0.173398
0.984895 0.001330 -0.173147
0.984805 -0.002156 -0.173648
0.642982 -0.000412 -0.765881
0.643176 0.001332 -0.765717
0.642785 -0.002157 -0.766043
0.342259 -0.000413 -0.939606
0.342497 0.001330 -0.939518
0.342019 -0.002156 -0.939691
-0.341781 -0.000411 -0.939779
-0.341542 0.001334 -0.939866
-0.342020 -0.002156 -0.939690
-0.642593 -0.000412 -0.766208
-0.642397 0.001332 -0.766371
-0.642786 -0.002155 -0.766042
-0.984764 -0.000409 -0.173898
-0.984718 0.001336 -0.174149
-0.984806 -0.002155 -0.173647
-0.984852 -0.000411 0.173398
-0.984895 0.001334 0.173147
-0.984805 -0.002155 0.173649
-0.642982 -0.000408 0.765881
-0.643177 0.001338 0.765717
-0.642785 -0.002154 0.766043
-0.342259 -0.000412 0.939606
-0.342498 0.001332 0.939518
-0.342019 -0.002157 0.939691
24
0 0 1 2 0 1 0 1
0 0 2 3 0 0 2 1
0 4 5 6 3 4 3 1
0 4 6 7 3 3 5 1
0 8 9 10 6 7 6 1
0 8 10 11 6 6 8 1
0 12 13 14 9 10 9 1
0 12 14 15 9 9 11 1
0 16 17 18 12 13 12 1
0 16 18 19 12 12 14 1
0 20 21 22 15 16 15 1
0 20 22 23 15 15 17 1
0 24 25 26 18 19 18 1
0 24 26 27 18 18 20 1
0 28 29 30 21 22 21 1
0 28 30 31 21 21 23 1
0 32 33 34 24 25 24 1
0 32 34 35 24 24 26 1
0 36 37 38 27 28 27 1
0 36 38 39 27 27 29 1
0 40 41 42 30 31 30 1
0 40 42 43 30 30 32 1
0 44 45 46 33 34 33 1
0 44 46 47 33 33 35 1
"Duplicate44" 0 2
24
0 -2.612101 0.000301 4.524209 0.978074 0.967756 -1
0 -6.048467 -0.001050 10.476165 0.469607 1.004550 -1
0 -9.266758 -0.001050 7.775684 0.468949 -0.014348 -1
0 -4.001955 0.000301 3.357984 0.978349 -0.001829 -1
0 2.612041 0.000301 4.524211 0.978074 0.967756 -1
0 6.048402 -0.001050 10.476171 0.469607 1.004550 -1
0 2.100569 -0.001050 11.913057 0.468949 -0.014348 -1
0 0.907131 0.000301 5.144749 0.978349 -0.001829 -1
0 5.224113 0.000301 -0.000029 0.978074 0.967756 -1
0 12.096839 -0.001050 -0.000026 0.469607 1.004550 -1
0 11.367307 -0.001050 4.137342 0.468949 -0.014348 -1
0 4.909059 0.000301 1.786736 0.978349 -0.001829 -1
0 2.612041 0.000301 -4.524272 0.978074 0.967756 -1
0 6.048411 -0.001050 -10.476235 0.469607 1.004550 -1
0 9.266711 -0.001050 -7.775753 0.468949 -0.014348 -1
0 4.001897 0.000301 -3.358045 0.978349 -0.001829 -1
0 -2.612106 0.000301 -4.524272 0.978074 0.967756 -1
0 -6.048471 -0.001050 -10.476241 0.469607 1.004550 -1
0 -2.100638 -0.001050 -11.913130 0.468949 -0.014348 -1
0 -0.907195 0.000301 -5.144813 0.978349 -0.001829 -1
0 -5.224182 0.000301 -0.000028 0.978074 0.967756 -1
0 -12.096917 -0.001050 -0.000032 0.469607 1.004550 -1
0 -11.367386 -0.001050 -4.137402 0.468949 -0.014348 -1
0 -4.909129 0.000301 -1.786794 0.978349 -0.001829 -1
18
0.000128 -1.000000 -0.000153
0.000128 -1.000000 -0.000153
0.000128 -1.000000 -0.000153
-0.000068 -1.000000 -0.000188
-0.000068 -1.000000 -0.000188
-0.000068 -1.000000 -0.000188
-0.000197 -1.000000 -0.000035
-0.000197 -1.000000 -0.000035
-0.000197 -1.000000 -0.000035
-0.000128 -1.000000 0.000153
-0.000128 -1.000000 0.000153
-0.000128 -1.000000 0.000153
0.000068 -1.000000 0.000188
0.000068 -1.000000 0.000188
0.000068 -1.000000 0.000188
0.000197 -1.000000 0.000035
0.000197 -1.000000 0.000035
0.000197 -1.000000 0.000035
12
0 0 1 2 0 1 0 1
0 0 2 3 0 0 2 1
0 4 5 6 3 4 3 1
0 4 6 7 3 3 5 1
0 8 9 10 6 7 6 1
0 8 10 11 6 6 8 1
0 12 13 14 9 10 9 1
0 12 14 15 9 9 11 1
0 16 17 18 12 13 12 1
0 16 18 19 12 12 14 1
0 20 21 22 15 16 15 1
0 20 22 23 15 15 17 1
"Duplicate45" 0 2
24
0 -0.907194 0.000301 5.144746 0.978074 0.967756 -1
0 -2.100634 -0.001050 11.913060 0.469607 1.004550 -1
0 -6.048458 -0.001050 10.476162 0.468949 -0.014348 -1
0 -2.612102 0.000301 4.524211 0.978349 -0.001829 -1
0 4.001896 0.000301 3.357986 0.978074 0.967756 -1
0 9.266710 -0.001050 7.775697 0.469607 1.004550 -1
0 6.048405 -0.001050 10.476166 0.468949 -0.014348 -1
0 2.612040 0.000301 4.524212 0.978349 -0.001829 -1
0 4.909060 0.000301 -1.786792 0.978074 0.967756 -1
0 11.367312 -0.001050 -4.137400 0.469607 1.004550 -1
0 12.096838 -0.001050 -0.000029 0.468949 -0.014348 -1
0 5.224116 0.000301 -0.000027 0.978349 -0.001829 -1
0 0.907132 0.000301 -5.144810 0.978074 0.967756 -1
0 2.100572 -0.001050 -11.913136 0.469607 1.004550 -1
0 6.048405 -0.001050 -10.476236 0.468949 -0.014348 -1
0 2.612043 0.000301 -4.524273 0.978349 -0.001829 -1
0 -4.001962 0.000301 -3.358046 0.978074 0.967756 -1
0 -9.266783 -0.001050 -7.775763 0.469607 1.004550 -1
0 -6.048479 -0.001050 -10.476237 0.468949 -0.014348 -1
0 -2.612107 0.000301 -4.524276 0.978349 -0.001829 -1
0 -4.909128 0.000301 1.786738 0.978074 0.967756 -1
0 -11.367390 -0.001050 4.137348 0.469607 1.004550 -1
0 -12.096917 -0.001050 -0.000024 0.468949 -0.014348 -1
0 -5.224186 0.000301 -0.000029 0.978349 -0.001829 -1
18
0.000068 -1.000000 -0.000188
0.000068 -1.000000 -0.000188
0.000068 -1.000000 -0.000188
-0.000128 -1.000000 -0.000153
-0.000128 -1.000000 -0.000153
-0.000128 -1.000000 -0.000153
-0.000197 -1.000000 0.000035
-0.000197 -1.000000 0.000035
-0.000197 -1.000000 0.000035
-0.000068 -1.000000 0.000188
-0.000068 -1.000000 0.000188
-0.000068 -1.000000 0.000188
0.000128 -1.000000 0.000153
0.000128 -1.000000 0.000153
0.000128 -1.000000 0.000153
0.000197 -1.000000 -0.000035
0.000197 -1.000000 -0.000035
0.000197 -1.000000 -0.000035
12
0 0 1 2 0 1 0 1
0 0 2 3 0 0 2 1
0 4 5 6 3 4 3 1
0 4 6 7 3 3 5 1
0 8 9 10 6 7 6 1
0 8 10 11 6 6 8 1
0 12 13 14 9 10 9 1
0 12 14 15 9 9 11 1
0 16 17 18 12 13 12 1
0 16 18 19 12 12 14 1
0 20 21 22 15 16 15 1
0 20 22 23 15 15 17 1

Materials: 11
"PLATFORM"
0.200000 0.200000 0.200000 1.000000
0.800000 0.800000 0.800000 1.000000
0.000000 0.000000 0.000000 1.000000
1.000000 1.000000 1.000000 1.000000
0.000000
1.000000
"PLATFORM.png"
""
"PLATFORM_2"
0.200000 0.200000 0.200000 1.000000
0.800000 0.800000 0.800000 1.000000
0.000000 0.000000 0.000000 1.000000
1.000000 1.000000 1.000000 1.000000
0.000000
1.000000
"PLATFORM_2.png"
""
"PLATFORM_3"
0.200000 0.200000 0.200000 1.000000
0.800000 0.800000 0.800000 1.000000
0.000000 0.000000 0.000000 1.000000
1.000000 1.000000 1.000000 1.000000
0.000000
1.000000
"PLATFORM_3.png"
""
"ROTATE"
0.200000 0.200000 0.200000 1.000000
0.800000 0.800000 0.800000 1.000000
0.000000 0.000000 0.000000 1.000000
1.000000 1.000000 1.000000 1.000000
0.000000
1.000000
"ROTATE.png"
""
"WALL_1"
0.200000 0.200000 0.200000 1.000000
0.800000 0.800000 0.800000 1.000000
0.000000 0.000000 0.000000 1.000000
1.000000 1.000000 1.000000 1.000000
0.000000
1.000000
"LIGHT.ini"
""
"WALL_2"
0.200000 0.200000 0.200000 1.000000
0.800000 0.800000 0.800000 1.000000
0.000000 0.000000 0.000000 1.000000
1.000000 1.000000 1.000000 1.000000
0.000000
1.000000
"NEW WALL.png"
""
"ELECTRO_1"
0.200000 0.200000 0.200000 0.880000
0.800000 0.800000 0.800000 0.880000
0.000000 0.000000 0.000000 0.880000
1.000000 1.000000 1.000000 0.880000
0.000000
0.880000
"ELECTRO_1.ini"
""
"ELECTRO_2"
0.200000 0.200000 0.200000 0.910000
0.800000 0.800000 0.800000 0.910000
0.000000 0.000000 0.000000 0.910000
1.000000 1.000000 1.000000 0.910000
0.000000
0.910000
"ELECTRO_2.ini"
""
"ELECTRO_3"
0.200000 0.200000 0.200000 0.930000
0.800000 0.800000 0.800000 0.930000
0.000000 0.000000 0.000000 0.930000
1.000000 1.000000 1.000000 0.930000
0.000000
0.930000
"ELECTRO_3.ini"
""
"ELECTRO_4"
0.200000 0.200000 0.200000 0.900000
0.800000 0.800000 0.800000 0.900000
0.000000 0.000000 0.000000 0.900000
1.000000 1.000000 1.000000 0.900000
0.000000
0.900000
"ELECTRO_4.ini"
""
"LIGHT"
0.200000 0.200000 0.200000 1.000000
0.800000 0.800000 0.800000 1.000000
0.000000 0.000000 0.000000 1.000000
1.000000 1.000000 1.000000 1.000000
0.000000
1.000000
"PLATFORM_D_ON.png"
""

Bones: 0
GroupComments: 0
MaterialComments: 0
BoneComments: 0
ModelComment: 0
