// MilkShape 3D ASCII

Frames: 30
Frame: 1

Meshes: 2
"Regroup05" 0 0
52
0 -13.766335 8.658902 13.143440 0.498107 0.999243 -1
0 -12.945053 13.844271 12.537508 0.498107 0.000612 -1
0 -14.359320 14.068268 10.765308 0.539641 0.000612 -1
0 -15.180603 8.882902 11.285590 0.539641 0.999243 -1
0 -16.369461 9.071197 9.249763 0.581176 0.999243 -1
0 -15.548173 14.256564 8.823337 0.581176 0.000612 -1
0 -16.492855 14.406187 6.742217 0.622710 0.000612 -1
0 -17.314140 9.220820 7.068066 0.622710 0.999243 -1
0 -17.999762 9.329413 4.774896 0.664244 0.999243 -1
0 -17.178478 14.514777 4.554767 0.664244 0.000612 -1
0 -17.594223 14.580627 2.295482 0.705778 0.000612 -1
0 -18.415508 9.395260 2.406422 0.705778 0.999243 -1
0 -18.554829 9.417326 -0 0.747312 0.999243 -1
0 -17.733553 14.602694 -0 0.747312 0.000612 -1
0 -17.594223 14.580627 -2.295482 0.788846 0.000612 -1
0 -18.415508 9.395260 -2.406422 0.788846 0.999243 -1
0 -17.999762 9.329413 -4.774896 0.830380 0.999243 -1
0 -17.178478 14.514777 -4.554767 0.830380 0.000612 -1
0 -16.492855 14.406187 -6.742217 0.871914 0.000612 -1
0 -17.314140 9.220820 -7.068066 0.871914 0.999243 -1
0 -16.369461 9.071197 -9.249761 0.913448 0.999243 -1
0 -15.548173 14.256564 -8.823335 0.913448 0.000612 -1
0 -14.359320 14.068268 -10.765307 0.954982 0.000612 -1
0 -15.180603 8.882902 -11.285589 0.954982 0.999243 -1
0 -13.766335 8.658902 -13.143440 0.996517 0.999243 -1
0 -12.945053 13.844271 -12.537508 0.996517 0.000612 -1
0 13.766334 8.658902 -13.143442 0.498107 0.999243 -1
0 12.945051 13.844271 -12.537510 0.498107 0.000612 -1
0 14.359320 14.068268 -10.765310 0.539641 0.000612 -1
0 15.180601 8.882902 -11.285592 0.539641 0.999243 -1
0 16.369461 9.071197 -9.249764 0.581176 0.999243 -1
0 15.548173 14.256564 -8.823339 0.581176 0.000612 -1
0 16.492855 14.406187 -6.742219 0.622710 0.000612 -1
0 17.314140 9.220820 -7.068068 0.622710 0.999243 -1
0 17.999762 9.329413 -4.774898 0.664244 0.999243 -1
0 17.178478 14.514777 -4.554769 0.664244 0.000612 -1
0 17.594223 14.580627 -2.295484 0.705778 0.000612 -1
0 18.415508 9.395260 -2.406423 0.705778 0.999243 -1
0 18.554829 9.417326 -0.000002 0.747312 0.999243 -1
0 17.733553 14.602694 -0.000002 0.747312 0.000612 -1
0 17.594223 14.580627 2.295481 0.788846 0.000612 -1
0 18.415508 9.395260 2.406420 0.788846 0.999243 -1
0 17.999762 9.329413 4.774894 0.830380 0.999243 -1
0 17.178478 14.514777 4.554765 0.830380 0.000612 -1
0 16.492855 14.406187 6.742215 0.871914 0.000612 -1
0 17.314140 9.220820 7.068064 0.871914 0.999243 -1
0 16.369461 9.071197 9.249759 0.913448 0.999243 -1
0 15.548173 14.256564 8.823333 0.913448 0.000612 -1
0 14.359320 14.068268 10.765306 0.954982 0.000612 -1
0 15.180605 8.882902 11.285587 0.954982 0.999243 -1
0 13.766337 8.658902 13.143438 0.996517 0.999243 -1
0 12.945055 13.844271 12.537506 0.996517 0.000612 -1
52
-0.763239 0.188084 0.618134
-0.754926 0.192816 0.626824
-0.801536 0.184235 0.568856
-0.807858 0.184129 0.559877
-0.868034 0.176017 0.464258
-0.863506 0.175645 0.472765
-0.920187 0.168434 0.353391
-0.923025 0.167946 0.346150
-0.957602 0.162330 0.238005
-0.956370 0.161802 0.243264
-0.980086 0.158429 0.119713
-0.980521 0.157802 0.116949
-0.987591 0.157046 0
-0.987689 0.156433 0
-0.980086 0.158429 -0.119713
-0.980521 0.157802 -0.116949
-0.957602 0.162330 -0.238005
-0.956370 0.161802 -0.243264
-0.920187 0.168434 -0.353391
-0.923025 0.167946 -0.346150
-0.868034 0.176017 -0.464258
-0.863506 0.175645 -0.472765
-0.801536 0.184235 -0.568856
-0.807858 0.184129 -0.559877
-0.763239 0.188084 -0.618134
-0.754927 0.192816 -0.626824
0.763239 0.188084 -0.618135
0.754926 0.192816 -0.626824
0.801536 0.184235 -0.568856
0.807858 0.184128 -0.559877
0.868034 0.176017 -0.464258
0.863506 0.175645 -0.472765
0.920187 0.168434 -0.353391
0.923025 0.167946 -0.346150
0.957602 0.162330 -0.238005
0.956370 0.161802 -0.243264
0.980086 0.158429 -0.119713
0.980521 0.157802 -0.116949
0.987591 0.157046 -0
0.987689 0.156433 -0
0.980086 0.158429 0.119713
0.980521 0.157802 0.116949
0.957602 0.162330 0.238005
0.956370 0.161802 0.243264
0.920187 0.168434 0.353391
0.923025 0.167946 0.346150
0.868034 0.176017 0.464258
0.863506 0.175645 0.472765
0.801536 0.184236 0.568856
0.807858 0.184129 0.559876
0.763240 0.188084 0.618134
0.754927 0.192816 0.626823
48
0 0 1 2 0 1 2 1
0 0 2 3 0 2 3 1
0 3 2 4 3 2 4 1
0 2 5 4 2 5 4 1
0 4 5 6 4 5 6 1
0 4 6 7 4 6 7 1
0 7 6 8 7 6 8 1
0 6 9 8 6 9 8 1
0 8 9 10 8 9 10 1
0 8 10 11 8 10 11 1
0 11 10 12 11 10 12 1
0 10 13 12 10 13 12 1
0 12 13 14 12 13 14 1
0 12 14 15 12 14 15 1
0 15 14 16 15 14 16 1
0 14 17 16 14 17 16 1
0 16 17 18 16 17 18 1
0 16 18 19 16 18 19 1
0 19 18 20 19 18 20 1
0 18 21 20 18 21 20 1
0 20 21 22 20 21 22 1
0 20 22 23 20 22 23 1
0 23 22 24 23 22 24 1
0 22 25 24 22 25 24 1
0 26 27 28 26 27 28 1
0 26 28 29 26 28 29 1
0 29 28 30 29 28 30 1
0 28 31 30 28 31 30 1
0 30 31 32 30 31 32 1
0 30 32 33 30 32 33 1
0 33 32 34 33 32 34 1
0 32 35 34 32 35 34 1
0 34 35 36 34 35 36 1
0 34 36 37 34 36 37 1
0 37 36 38 37 36 38 1
0 36 39 38 36 39 38 1
0 38 39 40 38 39 40 1
0 38 40 41 38 40 41 1
0 41 40 42 41 40 42 1
0 40 43 42 40 43 42 1
0 42 43 44 42 43 44 1
0 42 44 45 42 44 45 1
0 45 44 46 45 44 46 1
0 44 47 46 44 47 46 1
0 46 47 48 46 47 48 1
0 46 48 49 46 48 49 1
0 49 48 50 49 48 50 1
0 48 51 50 48 51 50 1
"Duplicate41" 0 0
52
0 -13.737709 8.658902 13.143440 0.497986 0.992944 -1
0 -12.918137 13.844271 12.537508 0.497986 0.007200 -1
0 -14.329466 14.068268 10.765308 0.458406 0.007200 -1
0 -15.149040 8.882902 11.285590 0.458406 0.992944 -1
0 -16.335424 9.071197 9.249763 0.416871 0.992944 -1
0 -15.515844 14.256564 8.823337 0.416871 0.007200 -1
0 -16.458563 14.406187 6.742217 0.375337 0.007200 -1
0 -17.278139 9.220820 7.068066 0.375337 0.992944 -1
0 -17.962336 9.329413 4.774896 0.333803 0.992944 -1
0 -17.142759 14.514777 4.554767 0.333803 0.007200 -1
0 -17.557640 14.580627 2.295482 0.292269 0.007200 -1
0 -18.377218 9.395260 2.406422 0.292269 0.992944 -1
0 -18.516249 9.417326 0 0.250735 0.992944 -1
0 -17.696680 14.602694 0 0.250735 0.007200 -1
0 -17.557640 14.580627 -2.295482 0.209201 0.007200 -1
0 -18.377218 9.395260 -2.406422 0.209201 0.992944 -1
0 -17.962336 9.329413 -4.774896 0.167667 0.992944 -1
0 -17.142759 14.514777 -4.554767 0.167667 0.007200 -1
0 -16.458563 14.406187 -6.742217 0.126133 0.007200 -1
0 -17.278139 9.220820 -7.068066 0.126133 0.992944 -1
0 -16.335424 9.071197 -9.249761 0.084599 0.992944 -1
0 -15.515844 14.256564 -8.823335 0.084599 0.007200 -1
0 -14.329466 14.068268 -10.765307 0.043065 0.007200 -1
0 -15.149040 8.882902 -11.285589 0.043065 0.992944 -1
0 -13.737709 8.658902 -13.143440 0.001530 0.992944 -1
0 -12.918137 13.844271 -12.537508 0.001530 0.007200 -1
0 13.737708 8.658902 -13.143442 0.497986 0.992944 -1
0 12.918135 13.844271 -12.537510 0.497986 0.007200 -1
0 14.329466 14.068268 -10.765310 0.458406 0.007200 -1
0 15.149038 8.882902 -11.285592 0.458406 0.992944 -1
0 16.335424 9.071197 -9.249764 0.416871 0.992944 -1
0 15.515844 14.256564 -8.823339 0.416871 0.007200 -1
0 16.458563 14.406187 -6.742219 0.375337 0.007200 -1
0 17.278139 9.220820 -7.068068 0.375337 0.992944 -1
0 17.962336 9.329413 -4.774898 0.333803 0.992944 -1
0 17.142759 14.514777 -4.554769 0.333803 0.007200 -1
0 17.557640 14.580627 -2.295484 0.292269 0.007200 -1
0 18.377218 9.395260 -2.406423 0.292269 0.992944 -1
0 18.516249 9.417326 -0.000002 0.250735 0.992944 -1
0 17.696680 14.602694 -0.000002 0.250735 0.007200 -1
0 17.557640 14.580627 2.295481 0.209201 0.007200 -1
0 18.377218 9.395260 2.406420 0.209201 0.992944 -1
0 17.962336 9.329413 4.774894 0.167667 0.992944 -1
0 17.142759 14.514777 4.554765 0.167667 0.007200 -1
0 16.458563 14.406187 6.742215 0.126133 0.007200 -1
0 17.278139 9.220820 7.068064 0.126133 0.992944 -1
0 16.335424 9.071197 9.249759 0.084599 0.992944 -1
0 15.515844 14.256564 8.823333 0.084599 0.007200 -1
0 14.329466 14.068268 10.765306 0.043065 0.007200 -1
0 15.149042 8.882902 11.285587 0.043065 0.992944 -1
0 13.737712 8.658902 13.143438 0.001530 0.992944 -1
0 12.918139 13.844271 12.537506 0.001530 0.007200 -1
52
-0.763901 0.187856 0.617386
-0.755601 0.192587 0.626081
-0.802127 0.183989 0.568102
-0.808437 0.183878 0.559123
-0.868475 0.175741 0.463536
-0.863959 0.175373 0.472037
-0.920479 0.168138 0.352773
-0.923307 0.167648 0.345541
-0.957767 0.162021 0.237555
-0.956538 0.161494 0.242805
-0.980166 0.158113 0.119476
-0.980599 0.157487 0.116717
-0.987642 0.156728 0
-0.987739 0.156116 0
-0.980166 0.158113 -0.119476
-0.980599 0.157487 -0.116717
-0.957767 0.162021 -0.237555
-0.956538 0.161494 -0.242805
-0.920478 0.168138 -0.352773
-0.923307 0.167648 -0.345541
-0.868475 0.175741 -0.463536
-0.863959 0.175373 -0.472037
-0.802127 0.183989 -0.568102
-0.808437 0.183878 -0.559122
-0.763901 0.187856 -0.617386
-0.755601 0.192587 -0.626081
0.763901 0.187856 -0.617386
0.755601 0.192587 -0.626082
0.802127 0.183989 -0.568102
0.808437 0.183878 -0.559123
0.868475 0.175741 -0.463536
0.863959 0.175373 -0.472037
0.920479 0.168138 -0.352773
0.923307 0.167648 -0.345541
0.957767 0.162021 -0.237555
0.956538 0.161494 -0.242805
0.980166 0.158113 -0.119476
0.980599 0.157487 -0.116717
0.987642 0.156728 -0
0.987739 0.156116 -0
0.980166 0.158113 0.119476
0.980599 0.157487 0.116717
0.957767 0.162021 0.237555
0.956538 0.161494 0.242805
0.920478 0.168138 0.352773
0.923307 0.167648 0.345541
0.868475 0.175742 0.463536
0.863959 0.175373 0.472037
0.802128 0.183990 0.568101
0.808438 0.183878 0.559122
0.763902 0.187856 0.617385
0.755602 0.192587 0.626080
48
0 0 1 2 0 1 2 1
0 0 2 3 0 2 3 1
0 3 2 4 3 2 4 1
0 2 5 4 2 5 4 1
0 4 5 6 4 5 6 1
0 4 6 7 4 6 7 1
0 7 6 8 7 6 8 1
0 6 9 8 6 9 8 1
0 8 9 10 8 9 10 1
0 8 10 11 8 10 11 1
0 11 10 12 11 10 12 1
0 10 13 12 10 13 12 1
0 12 13 14 12 13 14 1
0 12 14 15 12 14 15 1
0 15 14 16 15 14 16 1
0 14 17 16 14 17 16 1
0 16 17 18 16 17 18 1
0 16 18 19 16 18 19 1
0 19 18 20 19 18 20 1
0 18 21 20 18 21 20 1
0 20 21 22 20 21 22 1
0 20 22 23 20 22 23 1
0 23 22 24 23 22 24 1
0 22 25 24 22 25 24 1
0 26 27 28 26 27 28 1
0 26 28 29 26 28 29 1
0 29 28 30 29 28 30 1
0 28 31 30 28 31 30 1
0 30 31 32 30 31 32 1
0 30 32 33 30 32 33 1
0 33 32 34 33 32 34 1
0 32 35 34 32 35 34 1
0 34 35 36 34 35 36 1
0 34 36 37 34 36 37 1
0 37 36 38 37 36 38 1
0 36 39 38 36 39 38 1
0 38 39 40 38 39 40 1
0 38 40 41 38 40 41 1
0 41 40 42 41 40 42 1
0 40 43 42 40 43 42 1
0 42 43 44 42 43 44 1
0 42 44 45 42 44 45 1
0 45 44 46 45 44 46 1
0 44 47 46 44 47 46 1
0 46 47 48 46 47 48 1
0 46 48 49 46 48 49 1
0 49 48 50 49 48 50 1
0 48 51 50 48 51 50 1

Materials: 1
"LIGHT_OVER_PLATFORM"
0.200000 0.200000 0.200000 1
0.800000 0.800000 0.800000 1
0 0 0 1
1 1 1 1
0
1
"Slider.ini"
""

Bones: 0
GroupComments: 0
MaterialComments: 0
BoneComments: 0
ModelComment: 0
