// MilkShape 3D ASCII

Frames: 150
Frame: 120

Meshes: 1
"Cylinder03" 0 0
39
2 5.900000 0 0 0 0.503272 14
2 5.900000 0 0 0 1.003268 27
2 5.109550 0 2.950000 0.666667 1.003268 38
2 5.109550 0 2.950000 0.666667 0.503272 25
2 5.900000 0.011075 -0.001662 0 0.503268 1
2 5.109550 0 2.950000 0.666667 0.503268 12
2 2.950000 0 5.109550 1.333333 0.503272 24
2 2.950000 0 5.109550 1.333333 1.003268 37
2 2.950000 0 5.109550 1.333333 0.503268 11
2 0 0 5.900000 2.000001 1.003268 36
2 0 0 5.900000 2.000001 0.503272 23
2 0 0 5.900000 2.000001 0.503268 10
2 -2.950000 0 5.109550 2.666667 0.503272 22
2 -2.950000 0 5.109550 2.666667 1.003268 35
2 -2.950000 0 5.109550 2.666667 0.503268 9
2 -5.109550 0 2.950000 3.333333 1.003268 34
2 -5.109550 0 2.950000 3.333333 0.503272 21
2 -5.109550 0 2.950000 3.333333 0.503268 8
2 -5.900000 0 0 4 0.503272 20
2 -5.900000 0 0 4 1.003268 33
2 -5.900000 0 0 4 0.503268 7
2 -5.109550 0 -2.950000 4.666667 1.003268 32
2 -5.109550 0 -2.950000 4.666667 0.503272 19
2 -5.109550 0 -2.950000 4.666667 0.503268 6
2 -2.950000 0 -5.109550 5.333333 0.503272 18
2 -2.950000 0 -5.109550 5.333333 1.003268 31
2 -2.950000 0 -5.109550 5.333333 0.503268 5
2 -0 0 -5.900000 6 1.003268 30
2 0 0 -5.900000 6 0.503272 17
2 -0 0 -5.900000 6 0.503268 4
2 2.950000 0 -5.109550 6.666667 0.503272 16
2 2.950000 0 -5.109550 6.666667 1.003268 29
2 2.950000 0 -5.109550 6.666667 0.503268 3
2 5.109550 0 -2.950000 7.333333 1.003268 28
2 5.109550 0 -2.950000 7.333333 0.503272 15
2 5.109550 0 -2.950000 7.333333 0.503268 2
2 5.900000 0 0 8 0.503272 14
2 5.900000 0 0 8 1.003268 27
2 5.900000 0.011075 -0.001662 8 0.503268 1
3
0 0 0
0.965199 0.038800 0.258624
0.965199 -0.038800 -0.258624
48
0 0 1 2 0 1 1 1
0 0 2 3 0 1 0 1
0 1 4 2 1 1 1 1
0 4 5 2 1 0 1 1
0 3 2 6 0 1 0 1
0 2 7 6 1 0 0 1
0 2 5 8 1 0 0 1
0 2 8 7 1 0 0 1
0 6 7 9 0 0 0 1
0 6 9 10 0 0 0 1
0 7 8 9 0 0 0 1
0 8 11 9 0 0 0 1
0 10 9 12 0 0 0 1
0 9 13 12 0 0 0 1
0 9 11 14 0 0 0 1
0 9 14 13 0 0 0 1
0 12 13 15 0 0 0 1
0 12 15 16 0 0 0 1
0 13 14 15 0 0 0 1
0 14 17 15 0 0 0 1
0 16 15 18 0 0 0 1
0 15 19 18 0 0 0 1
0 15 17 20 0 0 0 1
0 15 20 19 0 0 0 1
0 18 19 21 0 0 0 1
0 18 21 22 0 0 0 1
0 19 20 21 0 0 0 1
0 20 23 21 0 0 0 1
0 22 21 24 0 0 0 1
0 21 25 24 0 0 0 1
0 21 23 26 0 0 0 1
0 21 26 25 0 0 0 1
0 24 25 27 0 0 0 1
0 24 27 28 0 0 0 1
0 25 26 27 0 0 0 1
0 26 29 27 0 0 0 1
0 28 27 30 0 0 0 1
0 27 31 30 0 0 0 1
0 27 29 32 0 0 0 1
0 27 32 31 0 0 0 1
0 30 31 33 0 0 2 1
0 30 33 34 0 2 0 1
0 31 32 33 0 0 2 1
0 32 35 33 0 0 2 1
0 34 33 36 0 2 0 1
0 33 37 36 2 2 0 1
0 33 35 38 2 0 2 1
0 33 38 37 2 2 2 1

Materials: 1
"RINGS"
0.200000 0.200000 0.200000 1
0.800000 0.800000 0.800000 1
0 0 0 1
1 1 1 1
0
1
"RINGS.png"
""

Bones: 39
"LOWER"
""
16 0 0 0 0 -0 0
4
0 0 0 0
50 0 0 0
100 0 15 0
170 0 15 0
3
1 0 -0 0
100 0 -0 0
170 0 -0 0
"LOWER_1"
"LOWER"
16 0 0 0 0 -0 0
4
0 0 0 0
50 0 0 0
100 0 0 0
170 -5.902671 0 0.000899
2
1 0 -0 0
170 0 -0 0
"LOWER_2"
"LOWER"
16 0 0 0 0 -0 0
4
0 0 0 0
50 0 0 0
100 0 0 0
170 -5.112993 0 2.948712
2
1 0 -0 0
170 0 -0 0
"LOWER_3"
"LOWER"
16 0 0 0 0 -0 0
4
0 0 0 0
50 0 0 0
100 0 0 0
170 -2.950752 0 5.106118
2
1 0 -0 0
170 0 -0 0
"LOWER_4"
"LOWER"
16 0 0 0 0 -0 0
4
0 0 0 0
50 0 0 0
100 0 0 0
170 -0.000913 0 5.900587
2
1 0 -0 0
170 0 -0 0
"LOWER_5"
"LOWER"
16 0 0 0 0 -0 0
4
0 0 0 0
50 0 0 0
100 0 0 0
170 2.948710 0 5.109555
2
1 0 -0 0
170 0 -0 0
"LOWER_6"
"LOWER"
16 0 0 0 0 -0 0
4
0 0 0 0
50 0 0 0
100 0 0 0
170 5.112676 0 2.950538
2
1 0 -0 0
170 0 -0 0
"LOWER_7"
"LOWER"
16 0 0 0 0 -0 0
4
0 0 0 0
50 0 0 0
100 0 0 0
170 5.898659 0 -0.000215
2
1 0 -0 0
170 0 -0 0
"LOWER_8"
"LOWER"
16 0 0 0 0 -0 0
4
0 0 0 0
50 0 0 0
100 0 0 0
170 5.109072 0 -2.953221
2
1 0 -0 0
170 0 -0 0
"LOWER_9"
"LOWER"
16 0 0 0 0 -0 0
4
0 0 0 0
50 0 0 0
100 0 0 0
170 2.949751 0 -5.112770
2
1 0 -0 0
170 0 -0 0
"LOWER_10"
"LOWER"
16 0 0 0 0 -0 0
4
0 0 0 0
50 0 0 0
100 0 0 0
170 0 0 -5.906022
2
1 0 -0 0
170 0 -0 0
"LOWER_11"
"LOWER"
16 0 0 0 0 -0 0
4
0 0 0 0
50 0 0 0
100 0 0 0
170 -2.950785 0 -5.110903
2
1 0 -0 0
170 0 -0 0
"LOWER_12"
"LOWER"
16 0 0 0 0 -0 0
4
0 0 0 0
50 0 0 0
100 0 0 0
170 -5.103653 0 -2.948183
2
1 0 -0 0
170 0 -0 0
"UPPER"
""
16 0 0 0 0 -0 0
4
0 0 0 0
50 0 0 0
100 0 -15 0
170 0 -15 0
3
1 0 -0 0
100 0 -0 0
170 0 -0 0
"UPPER_1"
"UPPER"
16 0 0 0 0 -0 0
4
0 0 0 0
50 0 0 0
100 0 0 0
170 -5.900004 0 -0.000879
2
1 0 -0 0
170 0 -0 0
"UPPER_2"
"UPPER"
16 0 0 0 0 -0 0
4
0 0 0 0
50 0 0 0
100 0 0 0
170 -5.112993 0 2.948712
2
1 0 -0 0
170 0 -0 0
"UPPER_3"
"UPPER"
16 0 0 0 0 -0 0
4
0 0 0 0
50 0 0 0
100 0 0 0
170 -2.950752 0 5.106118
2
1 0 -0 0
170 0 -0 0
"UPPER_4"
"UPPER"
16 0 0 0 0 -0 0
4
0 0 0 0
50 0 0 0
100 0 0 0
170 -0.000913 0 5.900587
2
1 0 -0 0
170 0 -0 0
"UPPER_5"
"UPPER"
16 0 0 0 0 -0 0
4
0 0 0 0
50 0 0 0
100 0 0 0
170 2.948710 0 5.109555
2
1 0 -0 0
170 0 -0 0
"UPPER_6"
"UPPER"
16 0 0 0 0 -0 0
4
0 0 0 0
50 0 0 0
100 0 0 0
170 5.112676 0 2.950538
2
1 0 -0 0
170 0 -0 0
"UPPER_7"
"UPPER"
16 0 0 0 0 -0 0
4
0 0 0 0
50 0 0 0
100 0 0 0
170 5.898659 0 -0.000215
2
1 0 -0 0
170 0 -0 0
"UPPER_8"
"UPPER"
16 0 0 0 0 -0 0
4
0 0 0 0
50 0 0 0
100 0 0 0
170 5.109072 0 -2.953221
2
1 0 -0 0
170 0 -0 0
"UPPER_9"
"UPPER"
16 0 0 0 0 -0 0
4
0 0 0 0
50 0 0 0
100 0 0 0
170 2.949751 0 -5.112770
2
1 0 -0 0
170 0 -0 0
"UPPER_10"
"UPPER"
16 0 0 0 0 -0 0
4
0 0 0 0
50 0 0 0
100 0 0 0
170 0 0 -5.906022
2
1 0 -0 0
170 0 -0 0
"UPPER_11"
"UPPER"
16 0 0 0 0 -0 0
4
0 0 0 0
50 0 0 0
100 0 0 0
170 -2.950785 0 -5.110903
2
1 0 -0 0
170 0 -0 0
"UPPER_12"
"UPPER"
16 0 0 0 0 -0 0
4
0 0 0 0
50 0 0 0
100 0 0 0
170 -5.103653 0 -2.948183
2
1 0 -0 0
170 0 -0 0
"CENTER"
""
16 0 0 0 0 -0 0
2
1 0 0 0
170 0 0 0
2
1 0 -0 0
170 0 -0 0
"CENTER_1"
"CENTER"
16 0 0 0 0 -0 0
4
0 0 0 0
50 0 0 0
100 0 0 0
170 -5.900004 0 -0.000879
2
1 0 -0 0
170 0 -0 0
"CENTER_2"
"CENTER"
16 0 0 0 0 -0 0
4
0 0 0 0
50 0 0 0
100 0 0 0
170 -5.112993 0 2.948712
2
1 0 -0 0
170 0 -0 0
"CENTER_3"
"CENTER"
16 0 0 0 0 -0 0
4
0 0 0 0
50 0 0 0
100 0 0 0
170 -2.950752 0 5.106118
2
1 0 -0 0
170 0 -0 0
"CENTER_4"
"CENTER"
16 0 0 0 0 -0 0
4
0 0 0 0
50 0 0 0
100 0 0 0
170 -0.000913 0 5.900587
2
1 0 -0 0
170 0 -0 0
"CENTER_5"
"CENTER"
16 0 0 0 0 -0 0
4
0 0 0 0
50 0 0 0
100 0 0 0
170 2.948710 0 5.109555
2
1 0 -0 0
170 0 -0 0
"CENTER_6"
"CENTER"
16 0 0 0 0 -0 0
4
0 0 0 0
50 0 0 0
100 0 0 0
170 5.112676 0 2.950538
2
1 0 -0 0
170 0 -0 0
"CENTER_7"
"CENTER"
16 0 0 0 0 -0 0
4
0 0 0 0
50 0 0 0
100 0 0 0
170 5.898659 0 -0.000215
2
1 0 -0 0
170 0 -0 0
"CENTER_8"
"CENTER"
16 0 0 0 0 -0 0
4
0 0 0 0
50 0 0 0
100 0 0 0
170 5.109072 0 -2.953221
2
1 0 -0 0
170 0 -0 0
"CENTER_9"
"CENTER"
16 0 0 0 0 -0 0
4
0 0 0 0
50 0 0 0
100 0 0 0
170 2.949751 0 -5.112770
2
1 0 -0 0
170 0 -0 0
"CENTER_10"
"CENTER"
16 0 0 0 0 -0 0
4
0 0 0 0
50 0 0 0
100 0 0 0
170 0 0 -5.906022
2
1 0 -0 0
170 0 -0 0
"CENTER_11"
"CENTER"
16 0 0 0 0 -0 0
4
0 0 0 0
50 0 0 0
100 0 0 0
170 -2.950785 0 -5.110903
2
1 0 -0 0
170 0 -0 0
"CENTER_12"
"CENTER"
16 0 0 0 0 -0 0
4
0 0 0 0
50 0 0 0
100 0 0 0
170 -5.103653 0 -2.948183
2
1 0 -0 0
170 0 -0 0
GroupComments: 0
MaterialComments: 0
BoneComments: 0
ModelComment: 0
