Meshes: 1
"Cylinder01" 0 0
102
0 122.220078 -7.811058 -0.000002 0.009766 1 -1
0 122.220078 7.811058 -0.000002 0.009766 0 -1
0 121.256340 -7.811058 15.318233 0.209766 1 -1
0 121.256340 7.811058 15.318233 0.209766 0 -1
0 118.380310 7.811058 30.394892 0.409766 0 -1
0 118.380310 -7.811058 30.394892 0.409766 1 -1
0 113.637329 -7.811058 44.992210 0.609766 1 -1
0 113.637329 7.811058 44.992210 0.609766 0 -1
0 107.102264 7.811058 58.879974 0.809766 0 -1
0 107.102264 -7.811058 58.879974 0.809766 1 -1
0 98.878120 -7.811058 71.839142 1.009766 1 -1
0 98.878120 7.811058 71.839142 1.009766 0 -1
0 89.094604 7.811058 83.665390 1.209766 0 -1
0 89.094604 -7.811058 83.665390 1.209766 1 -1
0 77.906013 -7.811058 94.172180 1.409766 1 -1
0 77.906013 7.811058 94.172180 1.409766 0 -1
0 65.488800 7.811058 103.193848 1.609766 0 -1
0 65.488800 -7.811058 103.193848 1.609766 1 -1
0 52.038776 -7.811058 110.588043 1.809766 1 -1
0 52.038776 7.811058 110.588043 1.809766 0 -1
0 37.768082 7.811058 116.238213 2.009766 0 -1
0 37.768082 -7.811058 116.238213 2.009766 1 -1
0 22.901758 -7.811058 120.055206 2.209766 1 -1
0 22.901758 7.811058 120.055206 2.209766 0 -1
0 7.674262 7.811058 121.978905 2.409765 0 -1
0 7.674262 -7.811058 121.978905 2.409765 1 -1
0 -7.674263 -7.811058 121.978905 2.609766 1 -1
0 -7.674263 7.811058 121.978905 2.609766 0 -1
0 -22.901768 7.811058 120.055206 2.809766 0 -1
0 -22.901768 -7.811058 120.055206 2.809766 1 -1
0 -37.768085 -7.811058 116.238213 3.009766 1 -1
0 -37.768085 7.811058 116.238213 3.009766 0 -1
0 -52.038769 7.811058 110.588043 3.209765 0 -1
0 -52.038769 -7.811058 110.588043 3.209765 1 -1
0 -65.488792 -7.811058 103.193848 3.409766 1 -1
0 -65.488792 7.811058 103.193848 3.409766 0 -1
0 -77.906013 7.811058 94.172180 3.609766 0 -1
0 -77.906013 -7.811058 94.172180 3.609766 1 -1
0 -89.094604 -7.811058 83.665390 3.809766 1 -1
0 -89.094604 7.811058 83.665390 3.809766 0 -1
0 -98.878120 7.811058 71.839142 4.009766 0 -1
0 -98.878120 -7.811058 71.839142 4.009766 1 -1
0 -107.102264 -7.811058 58.879974 4.209765 1 -1
0 -107.102264 7.811058 58.879974 4.209765 0 -1
0 -113.637329 7.811058 44.992210 4.409766 0 -1
0 -113.637329 -7.811058 44.992210 4.409766 1 -1
0 -118.380310 -7.811058 30.394892 4.609766 1 -1
0 -118.380310 7.811058 30.394892 4.609766 0 -1
0 -121.256340 7.811058 15.318233 4.809765 0 -1
0 -121.256340 -7.811058 15.318233 4.809765 1 -1
0 -122.220078 -7.811058 -0.000002 5.009766 1 -1
0 -122.220078 7.811058 -0.000002 5.009766 0 -1
0 -121.256340 7.811058 -15.318240 5.209765 0 -1
0 -121.256340 -7.811058 -15.318240 5.209765 1 -1
0 -118.380310 -7.811058 -30.394896 5.409766 1 -1
0 -118.380310 7.811058 -30.394896 5.409766 0 -1
0 -113.637329 7.811058 -44.992207 5.609766 0 -1
0 -113.637329 -7.811058 -44.992207 5.609766 1 -1
0 -107.102264 -7.811058 -58.879982 5.809765 1 -1
0 -107.102264 7.811058 -58.879982 5.809765 0 -1
0 -98.878120 7.811058 -71.839180 6.009766 0 -1
0 -98.878120 -7.811058 -71.839180 6.009766 1 -1
0 -89.094604 -7.811058 -83.665405 6.209765 1 -1
0 -89.094604 7.811058 -83.665405 6.209765 0 -1
0 -77.906013 7.811058 -94.172188 6.409765 0 -1
0 -77.906013 -7.811058 -94.172188 6.409765 1 -1
0 -65.488792 -7.811058 -103.193825 6.609766 1 -1
0 -65.488792 7.811058 -103.193825 6.609766 0 -1
0 -52.038769 7.811058 -110.588013 6.809766 0 -1
0 -52.038769 -7.811058 -110.588013 6.809766 1 -1
0 -37.768085 -7.811058 -116.238197 7.009766 1 -1
0 -37.768085 7.811058 -116.238197 7.009766 0 -1
0 -22.901768 7.811058 -120.055206 7.209766 0 -1
0 -22.901768 -7.811058 -120.055206 7.209766 1 -1
0 -7.674263 -7.811058 -121.978882 7.409766 1 -1
0 -7.674263 7.811058 -121.978882 7.409766 0 -1
0 7.674262 7.811058 -121.978882 7.609766 0 -1
0 7.674262 -7.811058 -121.978882 7.609766 1 -1
0 22.901758 -7.811058 -120.055206 7.809765 1 -1
0 22.901758 7.811058 -120.055206 7.809765 0 -1
0 37.768082 7.811058 -116.238197 8.009766 0 -1
0 37.768082 -7.811058 -116.238197 8.009766 1 -1
0 52.038776 -7.811058 -110.588013 8.209765 1 -1
0 52.038776 7.811058 -110.588013 8.209765 0 -1
0 65.488800 7.811058 -103.193825 8.409765 0 -1
0 65.488800 -7.811058 -103.193825 8.409765 1 -1
0 77.906013 -7.811058 -94.172188 8.609766 1 -1
0 77.906013 7.811058 -94.172188 8.609766 0 -1
0 89.094604 7.811058 -83.665405 8.809766 0 -1
0 89.094604 -7.811058 -83.665405 8.809766 1 -1
0 98.878120 -7.811058 -71.839180 9.009766 1 -1
0 98.878120 7.811058 -71.839180 9.009766 0 -1
0 107.102264 7.811058 -58.879982 9.209765 0 -1
0 107.102264 -7.811058 -58.879982 9.209765 1 -1
0 113.637329 -7.811058 -44.992207 9.409765 1 -1
0 113.637329 7.811058 -44.992207 9.409765 0 -1
0 118.380310 7.811058 -30.394896 9.609765 0 -1
0 118.380310 -7.811058 -30.394896 9.609765 1 -1
0 121.256340 -7.811058 -15.318240 9.809766 1 -1
0 121.256340 7.811058 -15.318240 9.809766 0 -1
0 122.220078 7.811058 -0.000002 10.009766 0 -1
0 122.220078 -7.811058 -0.000002 10.009766 1 -1
60
1 0 0
0.992115 0 0.125333
0.968583 0 0.248691
0.929776 0 0.368125
0.876307 0 0.481753
0.876307 0 0.481753
0.809017 0 0.587785
0.728969 0 0.684547
0.728969 0 0.684547
0.637425 0 0.770513
0.637425 0 0.770513
0.535827 0 0.844328
0.425779 0 0.904827
0.309016 0 0.951057
0.187381 0 0.982287
0.062791 0 0.998027
-0.062791 0 0.998027
-0.187381 0 0.982287
-0.309016 0 0.951057
-0.425779 0 0.904827
-0.535827 0 0.844328
-0.637425 0 0.770513
-0.728969 0 0.684547
-0.809017 0 0.587785
-0.876307 0 0.481753
-0.929776 0 0.368125
-0.968583 0 0.248691
-0.968583 0 0.248691
-0.992115 0 0.125333
-1 0 0
-0.992115 0 -0.125333
-0.968583 0 -0.248691
-0.929776 0 -0.368125
-0.929776 0 -0.368125
-0.876307 0 -0.481753
-0.809017 0 -0.587785
-0.809017 0 -0.587785
-0.728968 0 -0.684547
-0.728968 0 -0.684547
-0.637424 0 -0.770513
-0.535826 0 -0.844328
-0.425779 0 -0.904827
-0.425779 0 -0.904827
-0.309017 0 -0.951056
-0.309017 0 -0.951056
-0.187381 0 -0.982287
-0.062790 0 -0.998027
0.062790 0 -0.998027
0.187381 0 -0.982287
0.309017 0 -0.951056
0.425779 0 -0.904827
0.535826 0 -0.844328
0.535826 0 -0.844328
0.637424 0 -0.770513
0.728968 0 -0.684547
0.809017 0 -0.587785
0.876307 0 -0.481753
0.929776 0 -0.368125
0.968583 0 -0.248691
0.992115 0 -0.125333
100
0 0 1 2 0 0 1 1
0 1 3 2 0 1 1 1
0 2 3 4 1 1 2 1
0 2 4 5 1 2 2 1
0 5 4 6 2 2 3 1
0 4 7 6 2 3 3 1
0 6 7 8 3 3 4 1
0 6 8 9 3 4 5 1
0 9 8 10 5 4 6 1
0 8 11 10 4 6 6 1
0 10 11 12 6 6 7 1
0 10 12 13 6 7 8 1
0 13 12 14 8 7 9 1
0 12 15 14 7 10 9 1
0 14 15 16 9 10 11 1
0 14 16 17 9 11 11 1
0 17 16 18 11 11 12 1
0 16 19 18 11 12 12 1
0 18 19 20 12 12 13 1
0 18 20 21 12 13 13 1
0 21 20 22 13 13 14 1
0 20 23 22 13 14 14 1
0 22 23 24 14 14 15 1
0 22 24 25 14 15 15 1
0 25 24 26 15 15 16 1
0 24 27 26 15 16 16 1
0 26 27 28 16 16 17 1
0 26 28 29 16 17 17 1
0 29 28 30 17 17 18 1
0 28 31 30 17 18 18 1
0 30 31 32 18 18 19 1
0 30 32 33 18 19 19 1
0 33 32 34 19 19 20 1
0 32 35 34 19 20 20 1
0 34 35 36 20 20 21 1
0 34 36 37 20 21 21 1
0 37 36 38 21 21 22 1
0 36 39 38 21 22 22 1
0 38 39 40 22 22 23 1
0 38 40 41 22 23 23 1
0 41 40 42 23 23 24 1
0 40 43 42 23 24 24 1
0 42 43 44 24 24 25 1
0 42 44 45 24 25 25 1
0 45 44 46 25 25 26 1
0 44 47 46 25 27 26 1
0 46 47 48 26 27 28 1
0 46 48 49 26 28 28 1
0 49 48 50 28 28 29 1
0 48 51 50 28 29 29 1
0 50 51 52 29 29 30 1
0 50 52 53 29 30 30 1
0 53 52 54 30 30 31 1
0 52 55 54 30 31 31 1
0 54 55 56 31 31 32 1
0 54 56 57 31 32 33 1
0 57 56 58 33 32 34 1
0 56 59 58 32 34 34 1
0 58 59 60 34 34 35 1
0 58 60 61 34 35 36 1
0 61 60 62 36 35 37 1
0 60 63 62 35 38 37 1
0 62 63 64 37 38 39 1
0 62 64 65 37 39 39 1
0 65 64 66 39 39 40 1
0 64 67 66 39 40 40 1
0 66 67 68 40 40 41 1
0 66 68 69 40 41 42 1
0 69 68 70 42 41 43 1
0 68 71 70 41 44 43 1
0 70 71 72 43 44 45 1
0 70 72 73 43 45 45 1
0 73 72 74 45 45 46 1
0 72 75 74 45 46 46 1
0 74 75 76 46 46 47 1
0 74 76 77 46 47 47 1
0 77 76 78 47 47 48 1
0 76 79 78 47 48 48 1
0 78 79 80 48 48 49 1
0 78 80 81 48 49 49 1
0 81 80 82 49 49 50 1
0 80 83 82 49 50 50 1
0 82 83 84 50 50 51 1
0 82 84 85 50 51 52 1
0 85 84 86 52 51 53 1
0 84 87 86 51 53 53 1
0 86 87 88 53 53 54 1
0 86 88 89 53 54 54 1
0 89 88 90 54 54 55 1
0 88 91 90 54 55 55 1
0 90 91 92 55 55 56 1
0 90 92 93 55 56 56 1
0 93 92 94 56 56 57 1
0 92 95 94 56 57 57 1
0 94 95 96 57 57 58 1
0 94 96 97 57 58 58 1
0 97 96 98 58 58 59 1
0 96 99 98 58 59 59 1
0 98 99 100 59 59 0 1
0 98 100 101 59 0 0 1

Materials: 1
"ROTATE_4"
0.200000 0.200000 0.200000 0.460000
0.800000 0.800000 0.800000 0.460000
0 0 0 0.460000
1 1 1 0.460000
0
0.460000
"ROTATE_4.png"
""

Bones: 2
"joint1"
""
8 0 0 0 0 -0 0
1
1 0 0 0
5
0.000001 0 -0 0
30 0 -0 1.570797
60 0 -0 3.141592
90 0 0 -1.570797
120 0 0 -0.000001
"joint2"
""
8 0 0 0 0 -0 0
1
1 0 0 0
5
0.000001 0 -0 0
30 0 0 -1.570797
60 0 -0 3.141592
90 0 -0 1.570798
120 0 -0 0.000002
GroupComments: 0
MaterialComments: 0
BoneComments: 0
ModelComment: 0
