Meshes: 1
"Plane05" 0 0
4
0 76.104889 0 76.364639 0 0 -1
0 76.104889 0 -76.364639 0 1 -1
0 -76.104813 0 -76.364639 1 1 -1
0 -76.104813 0 76.364639 1 0 -1
1
0 1 0
2
0 0 1 2 0 0 0 1
0 0 2 3 0 0 0 1

Materials: 1
"PLATFORM"
0.200000 0.200000 0.200000 1
0.800000 0.800000 0.800000 1
0 0 0 1
1 1 1 1
0
1
"PLATFORM_1.png"
""

Bones: 1
"joint1"
""
8 0 0 0 0 -0 0
1
0 0 0 0
5
0.000001 0 -0 0
170 0 -0 1.570796
340 0 -0 3.141592
510 0 0 -1.570798
680 0 0 -0.000002
GroupComments: 0
MaterialComments: 0
BoneComments: 0
ModelComment: 0
