Meshes: 28
"Cylinder01" 0 2
51
0 323.854980 -289.421143 0 -3.936094 -1.578136 -1
0 280.466644 -289.421143 161.927490 -3.936094 -1.578136 -1
0 0 -289.421143 0 -3.936094 -1.578136 -1
0 323.854980 509.421143 0 -3.936094 -1.578136 -1
0 0 509.421143 0 -3.936094 -1.578136 -1
0 280.466644 509.421143 161.927490 -3.936094 -1.578136 -1
0 323.854980 -289.421143 0 -3.936094 7.838585 -1
0 280.466644 -289.421143 161.927490 -3.214205 7.838585 -1
0 280.466644 509.421143 161.927490 -3.214205 -1.578136 -1
0 161.927490 -289.421143 280.466644 -3.936094 -1.578136 -1
0 161.927490 509.421143 280.466644 -3.936094 -1.578136 -1
0 161.927490 509.421143 280.466644 -2.492317 -1.578136 -1
0 161.927490 -289.421143 280.466644 -2.492317 7.838585 -1
0 0 -289.421143 323.854980 -3.936094 -1.578136 -1
0 0 509.421143 323.854980 -3.936094 -1.578136 -1
0 0 -289.421143 323.854980 -1.770429 7.838585 -1
0 0 509.421143 323.854980 -1.770429 -1.578136 -1
0 -161.927490 -289.421143 280.466644 -3.936094 -1.578136 -1
0 -161.927490 509.421143 280.466644 -3.936094 -1.578136 -1
0 -161.927490 509.421143 280.466644 -1.048539 -1.578136 -1
0 -161.927490 -289.421143 280.466644 -1.048539 7.838585 -1
0 -280.466644 -289.421143 161.927490 -3.936094 -1.578136 -1
0 -280.466644 509.421143 161.927490 -3.936094 -1.578136 -1
0 -280.466644 -289.421143 161.927490 -0.326651 7.838585 -1
0 -280.466644 509.421143 161.927490 -0.326651 -1.578136 -1
0 -323.854980 -289.421143 0 -3.936094 -1.578136 -1
0 -323.854980 509.421143 0 -3.936094 -1.578136 -1
0 -323.854980 509.421143 0 0.395237 -1.578136 -1
0 -323.854980 -289.421143 0 0.395237 7.838585 -1
0 -280.466644 -289.421143 -161.927490 -3.936094 -1.578136 -1
0 -280.466644 509.421143 -161.927490 -3.936094 -1.578136 -1
0 -280.466644 -289.421143 -161.927490 1.117125 7.838585 -1
0 -280.466644 509.421143 -161.927490 1.117125 -1.578136 -1
0 -161.927490 -289.421143 -280.466644 -3.936094 -1.578136 -1
0 -161.927490 509.421143 -280.466644 -3.936094 -1.578136 -1
0 -161.927490 509.421143 -280.466644 1.839014 -1.578136 -1
0 -161.927490 -289.421143 -280.466644 1.839014 7.838585 -1
0 -0 -289.421143 -323.854980 -3.936094 -1.578136 -1
0 -0 509.421143 -323.854980 -3.936094 -1.578136 -1
0 -0 -289.421143 -323.854980 2.560900 7.838585 -1
0 -0 509.421143 -323.854980 2.560900 -1.578136 -1
0 161.927490 -289.421143 -280.466644 -3.936094 -1.578136 -1
0 161.927490 509.421143 -280.466644 -3.936094 -1.578136 -1
0 161.927490 509.421143 -280.466644 3.282790 -1.578136 -1
0 161.927490 -289.421143 -280.466644 3.282790 7.838585 -1
0 280.466644 -289.421143 -161.927490 -3.936094 -1.578136 -1
0 280.466644 509.421143 -161.927490 -3.936094 -1.578136 -1
0 280.466644 -289.421143 -161.927490 4.004680 7.838585 -1
0 280.466644 509.421143 -161.927490 4.004680 -1.578136 -1
0 323.854980 509.421143 0 4.726565 -1.578136 -1
0 323.854980 -289.421143 0 4.726565 7.838585 -1
15
0 -1 0
0 1 0
0.965926 0 0.258819
0.866025 0 0.500000
0.500000 0 0.866025
0 0 1
-0.500000 0 0.866025
-0.866025 0 0.500000
-1 0 0
-0.866025 0 -0.500000
-0.500000 0 -0.866025
0 0 -1
0.500000 0 -0.866025
0.866025 0 -0.500000
0.965926 0 -0.258819
48
0 0 1 2 0 0 0 2
0 3 4 5 1 1 1 2
0 6 3 7 2 2 3 1
0 3 8 7 2 3 3 1
0 1 9 2 0 0 0 2
0 5 4 10 1 1 1 2
0 7 8 11 3 3 4 1
0 7 11 12 3 4 4 1
0 9 13 2 0 0 0 2
0 10 4 14 1 1 1 2
0 12 11 15 4 4 5 1
0 11 16 15 4 5 5 1
0 13 17 2 0 0 0 2
0 14 4 18 1 1 1 2
0 15 16 19 5 5 6 1
0 15 19 20 5 6 6 1
0 17 21 2 0 0 0 2
0 18 4 22 1 1 1 2
0 20 19 23 6 6 7 1
0 19 24 23 6 7 7 1
0 21 25 2 0 0 0 2
0 22 4 26 1 1 1 2
0 23 24 27 7 7 8 1
0 23 27 28 7 8 8 1
0 25 29 2 0 0 0 2
0 26 4 30 1 1 1 2
0 28 27 31 8 8 9 1
0 27 32 31 8 9 9 1
0 29 33 2 0 0 0 2
0 30 4 34 1 1 1 2
0 31 32 35 9 9 10 1
0 31 35 36 9 10 10 1
0 33 37 2 0 0 0 2
0 34 4 38 1 1 1 2
0 36 35 39 10 10 11 1
0 35 40 39 10 11 11 1
0 37 41 2 0 0 0 2
0 38 4 42 1 1 1 2
0 39 40 43 11 11 12 1
0 39 43 44 11 12 12 1
0 41 45 2 0 0 0 2
0 42 4 46 1 1 1 2
0 44 43 47 12 12 13 1
0 43 48 47 12 13 13 1
0 45 0 2 0 0 0 2
0 46 4 3 1 1 1 2
0 47 48 49 13 13 14 1
0 47 49 50 13 14 14 1
"Duplicate52" 0 3
51
0 320.616425 -286.526947 0 0.002241 0.005022 -1
0 277.661987 -286.526947 160.308212 0.002241 0.005022 -1
0 0 -286.526947 0 0.002241 0.005022 -1
0 320.616425 504.326935 0 0.002241 0.005022 -1
0 0 504.326935 0 0.002241 0.005022 -1
0 277.661987 504.326935 160.308212 0.002241 0.005022 -1
0 320.616425 -286.526947 0 0.002241 1.978234 -1
0 277.661987 -286.526947 160.308212 0.085208 1.978234 -1
0 277.661987 504.326935 160.308212 0.085208 0.005022 -1
0 160.308212 -286.526947 277.661987 0.002241 0.005022 -1
0 160.308212 504.326935 277.661987 0.002241 0.005022 -1
0 160.308212 504.326935 277.661987 0.168174 0.005022 -1
0 160.308212 -286.526947 277.661987 0.168174 1.978234 -1
0 0 -286.526947 320.616425 0.002241 0.005022 -1
0 0 504.326935 320.616425 0.002241 0.005022 -1
0 0 -286.526947 320.616425 0.251141 1.978234 -1
0 0 504.326935 320.616425 0.251141 0.005022 -1
0 -160.308212 -286.526947 277.661987 0.002241 0.005022 -1
0 -160.308212 504.326935 277.661987 0.002241 0.005022 -1
0 -160.308212 504.326935 277.661987 0.334107 0.005022 -1
0 -160.308212 -286.526947 277.661987 0.334107 1.978234 -1
0 -277.661987 -286.526947 160.308212 0.002241 0.005022 -1
0 -277.661987 504.326935 160.308212 0.002241 0.005022 -1
0 -277.661987 -286.526947 160.308212 0.417074 1.978234 -1
0 -277.661987 504.326935 160.308212 0.417074 0.005022 -1
0 -320.616425 -286.526947 0 0.002241 0.005022 -1
0 -320.616425 504.326935 0 0.002241 0.005022 -1
0 -320.616425 504.326935 0 0.500040 0.005022 -1
0 -320.616425 -286.526947 0 0.500040 1.978234 -1
0 -277.661987 -286.526947 -160.308212 0.002241 0.005022 -1
0 -277.661987 504.326935 -160.308212 0.002241 0.005022 -1
0 -277.661987 -286.526947 -160.308212 0.583007 1.978234 -1
0 -277.661987 504.326935 -160.308212 0.583007 0.005022 -1
0 -160.308212 -286.526947 -277.661987 0.002241 0.005022 -1
0 -160.308212 504.326935 -277.661987 0.002241 0.005022 -1
0 -160.308212 504.326935 -277.661987 0.665973 0.005022 -1
0 -160.308212 -286.526947 -277.661987 0.665973 1.978234 -1
0 -0 -286.526947 -320.616425 0.002241 0.005022 -1
0 -0 504.326935 -320.616425 0.002241 0.005022 -1
0 -0 -286.526947 -320.616425 0.748939 1.978234 -1
0 -0 504.326935 -320.616425 0.748939 0.005022 -1
0 160.308212 -286.526947 -277.661987 0.002241 0.005022 -1
0 160.308212 504.326935 -277.661987 0.002241 0.005022 -1
0 160.308212 504.326935 -277.661987 0.831906 0.005022 -1
0 160.308212 -286.526947 -277.661987 0.831906 1.978234 -1
0 277.661987 -286.526947 -160.308212 0.002241 0.005022 -1
0 277.661987 504.326935 -160.308212 0.002241 0.005022 -1
0 277.661987 -286.526947 -160.308212 0.914872 1.978234 -1
0 277.661987 504.326935 -160.308212 0.914872 0.005022 -1
0 320.616425 504.326935 0 0.997838 0.005022 -1
0 320.616425 -286.526947 0 0.997838 1.978234 -1
15
0 -1 0
0 1 0
0.965926 0 0.258819
0.866025 0 0.500000
0.500000 0 0.866025
0 0 1
-0.500000 0 0.866025
-0.866025 0 0.500000
-1 0 0
-0.866025 0 -0.500000
-0.500000 0 -0.866025
0 0 -1
0.500000 0 -0.866025
0.866025 0 -0.500000
0.965926 0 -0.258819
48
0 0 1 2 0 0 0 2
0 3 4 5 1 1 1 2
0 6 3 7 2 2 3 1
0 3 8 7 2 3 3 1
0 1 9 2 0 0 0 2
0 5 4 10 1 1 1 2
0 7 8 11 3 3 4 1
0 7 11 12 3 4 4 1
0 9 13 2 0 0 0 2
0 10 4 14 1 1 1 2
0 12 11 15 4 4 5 1
0 11 16 15 4 5 5 1
0 13 17 2 0 0 0 2
0 14 4 18 1 1 1 2
0 15 16 19 5 5 6 1
0 15 19 20 5 6 6 1
0 17 21 2 0 0 0 2
0 18 4 22 1 1 1 2
0 20 19 23 6 6 7 1
0 19 24 23 6 7 7 1
0 21 25 2 0 0 0 2
0 22 4 26 1 1 1 2
0 23 24 27 7 7 8 1
0 23 27 28 7 8 8 1
0 25 29 2 0 0 0 2
0 26 4 30 1 1 1 2
0 28 27 31 8 8 9 1
0 27 32 31 8 9 9 1
0 29 33 2 0 0 0 2
0 30 4 34 1 1 1 2
0 31 32 35 9 9 10 1
0 31 35 36 9 10 10 1
0 33 37 2 0 0 0 2
0 34 4 38 1 1 1 2
0 36 35 39 10 10 11 1
0 35 40 39 10 11 11 1
0 37 41 2 0 0 0 2
0 38 4 42 1 1 1 2
0 39 40 43 11 11 12 1
0 39 43 44 11 12 12 1
0 41 45 2 0 0 0 2
0 42 4 46 1 1 1 2
0 44 43 47 12 12 13 1
0 43 48 47 12 13 13 1
0 45 0 2 0 0 0 2
0 46 4 3 1 1 1 2
0 47 48 49 13 13 14 1
0 47 49 50 13 14 14 1
"Duplicate01" 0 5
51
0 305.211121 -267.527100 0 0.002241 0.005022 -1
0 264.361908 -267.527100 152.451523 0.002241 0.005022 -1
0 0.308105 -267.527100 0 0.002241 0.005022 -1
0 305.211121 484.567078 0 0.002241 0.005022 -1
0 0.308105 484.567078 0 0.002241 0.005022 -1
0 264.361908 484.567078 152.451523 0.002241 0.005022 -1
0 305.211121 -267.527100 0 0.002241 1.978234 -1
0 264.361908 -267.527100 152.451523 0.085208 1.978234 -1
0 264.361908 484.567078 152.451523 0.085208 0.005022 -1
0 152.759628 -267.527100 264.053802 0.002241 0.005022 -1
0 152.759628 484.567078 264.053802 0.002241 0.005022 -1
0 152.759628 484.567078 264.053802 0.168174 0.005022 -1
0 152.759628 -267.527100 264.053802 0.168174 1.978234 -1
0 0.308105 -267.527100 304.903046 0.002241 0.005022 -1
0 0.308105 484.567078 304.903046 0.002241 0.005022 -1
0 0.308105 -267.527100 304.903046 0.251141 1.978234 -1
0 0.308105 484.567078 304.903046 0.251141 0.005022 -1
0 -152.143417 -267.527100 264.053802 0.002241 0.005022 -1
0 -152.143417 484.567078 264.053802 0.002241 0.005022 -1
0 -152.143417 484.567078 264.053802 0.334107 0.005022 -1
0 -152.143417 -267.527100 264.053802 0.334107 1.978234 -1
0 -263.745667 -267.527100 152.451523 0.002241 0.005022 -1
0 -263.745667 484.567078 152.451523 0.002241 0.005022 -1
0 -263.745667 -267.527100 152.451523 0.417074 1.978234 -1
0 -263.745667 484.567078 152.451523 0.417074 0.005022 -1
0 -304.594940 -267.527100 0 0.002241 0.005022 -1
0 -304.594940 484.567078 0 0.002241 0.005022 -1
0 -304.594940 484.567078 0 0.500040 0.005022 -1
0 -304.594940 -267.527100 0 0.500040 1.978234 -1
0 -263.745667 -267.527100 -152.451523 0.002241 0.005022 -1
0 -263.745667 484.567078 -152.451523 0.002241 0.005022 -1
0 -263.745667 -267.527100 -152.451523 0.583007 1.978234 -1
0 -263.745667 484.567078 -152.451523 0.583007 0.005022 -1
0 -152.143417 -267.527100 -264.053802 0.002241 0.005022 -1
0 -152.143417 484.567078 -264.053802 0.002241 0.005022 -1
0 -152.143417 484.567078 -264.053802 0.665973 0.005022 -1
0 -152.143417 -267.527100 -264.053802 0.665973 1.978234 -1
0 0.308105 -267.527100 -304.903046 0.002241 0.005022 -1
0 0.308105 484.567078 -304.903046 0.002241 0.005022 -1
0 0.308105 -267.527100 -304.903046 0.748939 1.978234 -1
0 0.308105 484.567078 -304.903046 0.748939 0.005022 -1
0 152.759628 -267.527100 -264.053802 0.002241 0.005022 -1
0 152.759628 484.567078 -264.053802 0.002241 0.005022 -1
0 152.759628 484.567078 -264.053802 0.831906 0.005022 -1
0 152.759628 -267.527100 -264.053802 0.831906 1.978234 -1
0 264.361908 -267.527100 -152.451523 0.002241 0.005022 -1
0 264.361908 484.567078 -152.451523 0.002241 0.005022 -1
0 264.361908 -267.527100 -152.451523 0.914872 1.978234 -1
0 264.361908 484.567078 -152.451523 0.914872 0.005022 -1
0 305.211121 484.567078 0 0.997838 0.005022 -1
0 305.211121 -267.527100 0 0.997838 1.978234 -1
18
0 -1 0
0 1 0
0.965926 0 0.258819
0.866026 0 0.500000
0.866026 0 0.500000
0.500000 0 0.866025
0 0 1
-0.500000 0 0.866025
-0.866025 0 0.500000
-1 0 0
-0.866025 0 -0.500000
-0.866025 0 -0.500000
-0.500000 0 -0.866025
0 0 -1
0.500000 0 -0.866025
0.866026 0 -0.500000
0.866026 0 -0.500000
0.965926 0 -0.258819
48
0 0 1 2 0 0 0 2
0 3 4 5 1 1 1 2
0 6 3 7 2 2 3 1
0 3 8 7 2 4 3 1
0 1 9 2 0 0 0 2
0 5 4 10 1 1 1 2
0 7 8 11 3 4 5 1
0 7 11 12 3 5 5 1
0 9 13 2 0 0 0 2
0 10 4 14 1 1 1 2
0 12 11 15 5 5 6 1
0 11 16 15 5 6 6 1
0 13 17 2 0 0 0 2
0 14 4 18 1 1 1 2
0 15 16 19 6 6 7 1
0 15 19 20 6 7 7 1
0 17 21 2 0 0 0 2
0 18 4 22 1 1 1 2
0 20 19 23 7 7 8 1
0 19 24 23 7 8 8 1
0 21 25 2 0 0 0 2
0 22 4 26 1 1 1 2
0 23 24 27 8 8 9 1
0 23 27 28 8 9 9 1
0 25 29 2 0 0 0 2
0 26 4 30 1 1 1 2
0 28 27 31 9 9 10 1
0 27 32 31 9 11 10 1
0 29 33 2 0 0 0 2
0 30 4 34 1 1 1 2
0 31 32 35 10 11 12 1
0 31 35 36 10 12 12 1
0 33 37 2 0 0 0 2
0 34 4 38 1 1 1 2
0 36 35 39 12 12 13 1
0 35 40 39 12 13 13 1
0 37 41 2 0 0 0 2
0 38 4 42 1 1 1 2
0 39 40 43 13 13 14 1
0 39 43 44 13 14 14 1
0 41 45 2 0 0 0 2
0 42 4 46 1 1 1 2
0 44 43 47 14 14 15 1
0 43 48 47 14 16 15 1
0 45 0 2 0 0 0 2
0 46 4 3 1 1 1 2
0 47 48 49 15 16 17 1
0 47 49 50 15 17 17 1
"Duplicate53" 0 4
51
0 299.199677 -261.201965 -0 0.002241 0.002511 -1
0 259.163330 -261.201965 149.417740 0.002241 0.002511 -1
0 0.364211 -261.201965 -0 0.002241 0.002511 -1
0 299.199677 475.925598 -0 0.002241 0.002511 -1
0 0.364211 475.925598 -0 0.002241 0.002511 -1
0 259.163330 475.925598 149.417740 0.002241 0.002511 -1
0 299.199677 -261.201965 -0 0.002241 0.989117 -1
0 259.163330 -261.201965 149.417740 0.085208 0.989117 -1
0 259.163330 475.925598 149.417740 0.085208 0.002511 -1
0 149.781952 -261.201965 258.799133 0.002241 0.002511 -1
0 149.781952 475.925598 258.799133 0.002241 0.002511 -1
0 149.781952 475.925598 258.799133 0.168174 0.002511 -1
0 149.781952 -261.201965 258.799133 0.168174 0.989117 -1
0 0.364211 -261.201965 298.835480 0.002241 0.002511 -1
0 0.364211 475.925598 298.835480 0.002241 0.002511 -1
0 0.364211 -261.201965 298.835480 0.251141 0.989117 -1
0 0.364211 475.925598 298.835480 0.251141 0.002511 -1
0 -149.053528 -261.201965 258.799133 0.002241 0.002511 -1
0 -149.053528 475.925598 258.799133 0.002241 0.002511 -1
0 -149.053528 475.925598 258.799133 0.334107 0.002511 -1
0 -149.053528 -261.201965 258.799133 0.334107 0.989117 -1
0 -258.434906 -261.201965 149.417740 0.002241 0.002511 -1
0 -258.434906 475.925598 149.417740 0.002241 0.002511 -1
0 -258.434906 -261.201965 149.417740 0.417074 0.989117 -1
0 -258.434906 475.925598 149.417740 0.417074 0.002511 -1
0 -298.471252 -261.201965 -0 0.002241 0.002511 -1
0 -298.471252 475.925598 -0 0.002241 0.002511 -1
0 -298.471252 475.925598 -0 0.500040 0.002511 -1
0 -298.471252 -261.201965 -0 0.500040 0.989117 -1
0 -258.434906 -261.201965 -149.417740 0.002241 0.002511 -1
0 -258.434906 475.925598 -149.417740 0.002241 0.002511 -1
0 -258.434906 -261.201965 -149.417740 0.583007 0.989117 -1
0 -258.434906 475.925598 -149.417740 0.583007 0.002511 -1
0 -149.053528 -261.201965 -258.799133 0.002241 0.002511 -1
0 -149.053528 475.925598 -258.799133 0.002241 0.002511 -1
0 -149.053528 475.925598 -258.799133 0.665973 0.002511 -1
0 -149.053528 -261.201965 -258.799133 0.665973 0.989117 -1
0 0.364211 -261.201965 -298.835480 0.002241 0.002511 -1
0 0.364211 475.925598 -298.835480 0.002241 0.002511 -1
0 0.364211 -261.201965 -298.835480 0.748939 0.989117 -1
0 0.364211 475.925598 -298.835480 0.748939 0.002511 -1
0 149.781952 -261.201965 -258.799133 0.002241 0.002511 -1
0 149.781952 475.925598 -258.799133 0.002241 0.002511 -1
0 149.781952 475.925598 -258.799133 0.831906 0.002511 -1
0 149.781952 -261.201965 -258.799133 0.831906 0.989117 -1
0 259.163330 -261.201965 -149.417740 0.002241 0.002511 -1
0 259.163330 475.925598 -149.417740 0.002241 0.002511 -1
0 259.163330 -261.201965 -149.417740 0.914872 0.989117 -1
0 259.163330 475.925598 -149.417740 0.914872 0.002511 -1
0 299.199677 475.925598 -0 0.997838 0.002511 -1
0 299.199677 -261.201965 -0 0.997838 0.989117 -1
19
0 -1 0
0 1 0
0.965926 0 0.258819
0.866025 0 0.500000
0.866025 0 0.500000
0.500000 0 0.866025
0 0 1
-0.500000 0 0.866025
-0.866025 0 0.500000
-0.866025 0 0.500000
-1 0 0
-0.866025 0 -0.500000
-0.866025 0 -0.500000
-0.500000 0 -0.866025
0 0 -1
0.500000 0 -0.866025
0.866025 0 -0.500000
0.866025 0 -0.500000
0.965926 0 -0.258819
48
0 0 1 2 0 0 0 2
0 3 4 5 1 1 1 2
0 6 3 7 2 2 3 1
0 3 8 7 2 4 3 1
0 1 9 2 0 0 0 2
0 5 4 10 1 1 1 2
0 7 8 11 3 4 5 1
0 7 11 12 3 5 5 1
0 9 13 2 0 0 0 2
0 10 4 14 1 1 1 2
0 12 11 15 5 5 6 1
0 11 16 15 5 6 6 1
0 13 17 2 0 0 0 2
0 14 4 18 1 1 1 2
0 15 16 19 6 6 7 1
0 15 19 20 6 7 7 1
0 17 21 2 0 0 0 2
0 18 4 22 1 1 1 2
0 20 19 23 7 7 8 1
0 19 24 23 7 9 8 1
0 21 25 2 0 0 0 2
0 22 4 26 1 1 1 2
0 23 24 27 8 9 10 1
0 23 27 28 8 10 10 1
0 25 29 2 0 0 0 2
0 26 4 30 1 1 1 2
0 28 27 31 10 10 11 1
0 27 32 31 10 12 11 1
0 29 33 2 0 0 0 2
0 30 4 34 1 1 1 2
0 31 32 35 11 12 13 1
0 31 35 36 11 13 13 1
0 33 37 2 0 0 0 2
0 34 4 38 1 1 1 2
0 36 35 39 13 13 14 1
0 35 40 39 13 14 14 1
0 37 41 2 0 0 0 2
0 38 4 42 1 1 1 2
0 39 40 43 14 14 15 1
0 39 43 44 14 15 15 1
0 41 45 2 0 0 0 2
0 42 4 46 1 1 1 2
0 44 43 47 15 15 16 1
0 43 48 47 15 17 16 1
0 45 0 2 0 0 0 2
0 46 4 3 1 1 1 2
0 47 48 49 16 17 18 1
0 47 49 50 16 18 18 1
"Regroup00" 0 0
15
0 -0.404638 0 206 0 0.375000 0
0 96.708382 -28.122309 201 0.500000 0.494141 0
0 96.708382 28.122309 201 0.500000 0.251953 0
0 193.821365 0 196 1 0.375000 0
0 -0.404638 0 186.250000 0 0.375000 0
0 96.708382 -28.122309 191.250000 0.500000 0.494141 0
0 96.708382 28.122309 191.250000 0.500000 0.251953 0
0 193.821365 0 196.250000 1 0.375000 0
0 -0.404638 0 196 0 0.375000 0
0 96.708382 28.324627 191.225006 0.500000 0.494141 0
0 96.708382 28.324627 200.975006 0.500000 0.251953 0
0 193.821365 -0.404638 196 1 0.375000 0
0 96.708382 -28.324627 200.774994 0.500000 0.494141 0
0 96.708382 -28.324627 191.024994 0.500000 0.251953 0
0 193.821365 0.404638 196 1 0.375000 0
12
0.051418 0 0.998677
0.051418 0 0.998677
0.051418 0 0.998677
-0.051418 0 0.998677
-0.051418 0 0.998677
-0.051418 0 0.998677
0.280000 -0.960000 0
-0.001918 -0.999998 0
-0.283680 -0.958919 0
0.280000 0.960000 0
-0.001918 0.999998 0
-0.283680 0.958919 0
8
0 0 1 2 0 1 1 1
0 2 1 3 1 1 2 1
0 4 5 6 3 4 4 1
0 6 5 7 4 4 5 1
0 8 9 10 6 7 7 1
0 10 9 11 7 7 8 1
0 8 12 13 9 10 10 1
0 13 12 14 10 10 11 1
"Duplicate31" 0 0
15
0 -0.341268 -0.217412 206 0 0.375000 0
0 96.673256 28.243288 201 0.500000 0.494141 0
0 66.452957 75.679581 201 0.500000 0.251953 0
0 163.467560 104.140228 196 1 0.375000 0
0 -0.341268 -0.217412 186.250000 0 0.375000 0
0 96.673256 28.243288 191.250000 0.500000 0.494141 0
0 66.452957 75.679581 191.250000 0.500000 0.251953 0
0 163.467560 104.140228 196.250000 1 0.375000 0
0 -0.341268 -0.217412 196 0 0.375000 0
0 66.344269 75.850204 191.225006 0.500000 0.494141 0
0 66.344269 75.850204 200.975006 0.500000 0.251953 0
0 163.684982 103.799042 196 1 0.375000 0
0 96.781982 28.072666 200.774994 0.500000 0.494141 0
0 96.781982 28.072666 191.024994 0.500000 0.251953 0
0 163.250153 104.481583 196 1 0.375000 0
11
0.043366 0.027627 0.998677
0.043366 0.027627 0.998677
0.043366 0.027627 0.998677
-0.043366 -0.027627 0.998677
-0.043366 -0.027627 0.998677
-0.043366 -0.027627 0.998677
0.843391 0.537300 0
0.535681 -0.844420 0
0.275973 -0.961165 0
-0.538916 0.842359 0
-0.754480 0.656323 0
8
0 0 1 2 0 1 1 1
0 2 1 3 1 1 2 1
0 4 5 6 3 4 4 1
0 6 5 7 4 4 5 1
0 8 9 10 6 7 7 1
0 10 9 11 7 7 8 1
0 8 12 13 6 9 9 1
0 13 12 14 9 9 10 1
"Duplicate32" 0 0
15
0 -0.171007 -0.366727 206 0 0.375000 0
0 66.358307 75.762680 201 0.500000 0.494141 0
0 15.383247 99.532669 201 0.500000 0.251953 0
0 81.912659 175.662048 196 1 0.375000 0
0 -0.171007 -0.366727 186.250000 0 0.375000 0
0 66.358307 75.762680 191.250000 0.500000 0.494141 0
0 15.383247 99.532669 191.250000 0.500000 0.251953 0
0 81.912659 175.662048 196.250000 1 0.375000 0
0 -0.171007 -0.366727 196 0 0.375000 0
0 15.199911 99.618187 191.225006 0.500000 0.494141 0
0 15.199911 99.618187 200.975006 0.500000 0.251953 0
0 82.279327 175.491165 196 1 0.375000 0
0 66.541695 75.677185 200.774994 0.500000 0.494141 0
0 66.541695 75.677185 191.024994 0.500000 0.251953 0
0 81.545906 175.833176 196 1 0.375000 0
11
0.021730 0.046601 0.998677
0.021730 0.046601 0.998677
0.021730 0.046601 0.998677
-0.021730 -0.046601 0.998677
-0.021730 -0.046601 0.998677
-0.021730 -0.046601 0.998677
0.422618 0.906308 0
0.905496 -0.424355 0
0.749188 -0.662358 0
-0.907117 0.420879 0
-0.988964 0.148155 0
8
0 0 1 2 0 1 1 1
0 2 1 3 1 1 2 1
0 4 5 6 3 4 4 1
0 6 5 7 4 4 5 1
0 8 9 10 6 7 7 1
0 10 9 11 7 7 8 1
0 8 12 13 6 9 9 1
0 13 12 14 9 9 10 1
"Duplicate33" 0 0
15
0 0.052816 -0.401177 206 0 0.375000 0
0 15.258774 99.551918 201 0.500000 0.494141 0
0 -40.504784 92.210464 201 0.500000 0.251953 0
0 -25.298725 192.163635 196 1 0.375000 0
0 0.052816 -0.401177 186.250000 0 0.375000 0
0 15.258774 99.551918 191.250000 0.500000 0.494141 0
0 -40.504784 92.210464 191.250000 0.500000 0.251953 0
0 -25.298725 192.163635 196.250000 1 0.375000 0
0 0.052816 -0.401177 196 0 0.375000 0
0 -40.705345 92.184059 191.225006 0.500000 0.494141 0
0 -40.705345 92.184059 200.975006 0.500000 0.251953 0
0 -24.897661 192.216476 196 1 0.375000 0
0 15.459380 99.578369 200.774994 0.500000 0.494141 0
0 15.459380 99.578369 191.024994 0.500000 0.251953 0
0 -25.700001 192.110901 196 1 0.375000 0
11
-0.006711 0.050978 0.998677
-0.006711 0.050978 0.998677
-0.006711 0.050978 0.998677
0.006711 -0.050978 0.998677
0.006711 -0.050978 0.998677
0.006711 -0.050978 0.998677
-0.130526 0.991445 0
0.991693 0.128625 0
0.987743 -0.156089 0
-0.991193 -0.132427 0
-0.913688 -0.406417 0
8
0 0 1 2 0 1 1 1
0 2 1 3 1 1 2 1
0 4 5 6 3 4 4 1
0 6 5 7 4 4 5 1
0 8 9 10 6 7 7 1
0 10 9 11 7 7 8 1
0 8 12 13 6 9 9 1
0 13 12 14 9 9 10 1
"Duplicate34" 0 0
15
0 0.260097 -0.309971 206 0 0.375000 0
0 -40.620106 92.159828 201 0.500000 0.494141 0
0 -83.706055 56.006351 201 0.500000 0.251953 0
0 -124.586212 148.476212 196 1 0.375000 0
0 0.260097 -0.309971 186.250000 0 0.375000 0
0 -40.620106 92.159828 191.250000 0.500000 0.494141 0
0 -83.706055 56.006351 191.250000 0.500000 0.251953 0
0 -124.586212 148.476212 196.250000 1 0.375000 0
0 0.260097 -0.309971 196 0 0.375000 0
0 -83.861031 55.876316 191.225006 0.500000 0.494141 0
0 -83.861031 55.876316 200.975006 0.500000 0.251953 0
0 -124.276382 148.736313 196 1 0.375000 0
0 -40.465122 92.289909 200.774994 0.500000 0.494141 0
0 -40.465122 92.289909 191.024994 0.500000 0.251953 0
0 -124.896347 148.216171 196 1 0.375000 0
11
-0.033051 0.039389 0.998677
-0.033051 0.039389 0.998677
-0.033051 0.039389 0.998677
0.033051 -0.039389 0.998677
0.033051 -0.039389 0.998677
0.033051 -0.039389 0.998677
-0.642787 0.766045 0
0.767276 0.641317 0
0.916920 0.399070 0
-0.764810 -0.644256 0
-0.552228 -0.833693 0
8
0 0 1 2 0 1 1 1
0 2 1 3 1 1 2 1
0 4 5 6 3 4 4 1
0 6 5 7 4 4 5 1
0 8 9 10 6 7 7 1
0 10 9 11 7 7 8 1
0 8 12 13 6 9 9 1
0 13 12 14 9 9 10 1
"Duplicate35" 0 0
15
0 0.385911 -0.121677 206 0 0.375000 0
0 -83.776169 55.901680 201 0.500000 0.494141 0
0 -100.689255 2.260047 201 0.500000 0.251953 0
0 -184.851288 58.283455 196 1 0.375000 0
0 0.385911 -0.121677 186.250000 0 0.375000 0
0 -83.776169 55.901680 191.250000 0.500000 0.494141 0
0 -100.689255 2.260047 191.250000 0.500000 0.251953 0
0 -184.851288 58.283455 196.250000 1 0.375000 0
0 0.385911 -0.121677 196 0 0.375000 0
0 -100.750069 2.067117 191.225006 0.500000 0.494141 0
0 -100.750069 2.067117 200.975006 0.500000 0.251953 0
0 -184.729767 58.669323 196 1 0.375000 0
0 -83.715355 56.094677 200.774994 0.500000 0.494141 0
0 -83.715355 56.094677 191.024994 0.500000 0.251953 0
0 -184.973190 57.897541 196 1 0.375000 0
11
-0.049038 0.015462 0.998677
-0.049038 0.015462 0.998677
-0.049038 0.015462 0.998677
0.049038 -0.015462 0.998677
0.049038 -0.015462 0.998677
0.049038 -0.015462 0.998677
-0.953717 0.300706 0
0.302534 0.953139 0
0.558902 0.829234 0
-0.298876 -0.954292 0
-0.017802 -0.999842 0
8
0 0 1 2 0 1 1 1
0 2 1 3 1 1 2 1
0 4 5 6 3 4 4 1
0 6 5 7 4 4 5 1
0 8 9 10 6 7 7 1
0 10 9 11 7 7 8 1
0 8 12 13 6 9 9 1
0 13 12 14 9 9 10 1
"Duplicate36" 0 0
15
0 0.390851 0.104728 206 0 0.375000 0
0 -100.692101 2.134098 201 0.500000 0.494141 0
0 -86.134827 -52.194206 201 0.500000 0.251953 0
0 -187.217758 -50.164757 196 1 0.375000 0
0 0.390851 0.104728 186.250000 0 0.375000 0
0 -100.692101 2.134098 191.250000 0.500000 0.494141 0
0 -86.134827 -52.194206 191.250000 0.500000 0.251953 0
0 -187.217758 -50.164757 196.250000 1 0.375000 0
0 0.390851 0.104728 196 0 0.375000 0
0 -86.082443 -52.389599 191.225006 0.500000 0.494141 0
0 -86.082443 -52.389599 200.975006 0.500000 0.251953 0
0 -187.322571 -49.774025 196 1 0.375000 0
0 -100.744514 2.329550 200.774994 0.500000 0.494141 0
0 -100.744514 2.329550 191.024994 0.500000 0.251953 0
0 -187.113113 -50.555710 196 1 0.375000 0
11
-0.049666 -0.013308 0.998677
-0.049666 -0.013308 0.998677
-0.049666 -0.013308 0.998677
0.049666 0.013308 0.998677
0.049666 0.013308 0.998677
0.049666 0.013308 0.998677
-0.965926 -0.258819 0
-0.256966 0.966420 0
0.025827 0.999666 0
0.260671 -0.965428 0
0.522201 -0.852823 0
8
0 0 1 2 0 1 1 1
0 2 1 3 1 1 2 1
0 4 5 6 3 4 4 1
0 6 5 7 4 4 5 1
0 8 9 10 6 7 7 1
0 10 9 11 7 7 8 1
0 8 12 13 6 9 9 1
0 13 12 14 9 9 10 1
"Duplicate37" 0 0
15
0 0.273370 0.298331 206 0 0.375000 0
0 -86.069557 -52.301971 201 0.500000 0.494141 0
0 -44.601471 -90.300392 201 0.500000 0.251953 0
0 -130.944412 -142.900604 196 1 0.375000 0
0 0.273370 0.298331 186.250000 0 0.375000 0
0 -86.069557 -52.301971 191.250000 0.500000 0.494141 0
0 -44.601471 -90.300392 191.250000 0.500000 0.251953 0
0 -130.944412 -142.900604 196.250000 1 0.375000 0
0 0.273370 0.298331 196 0 0.375000 0
0 -44.452305 -90.437050 191.225006 0.500000 0.494141 0
0 -44.452305 -90.437050 200.975006 0.500000 0.251953 0
0 -131.242767 -142.627380 196 1 0.375000 0
0 -86.218773 -52.165283 200.774994 0.500000 0.494141 0
0 -86.218773 -52.165283 191.024994 0.500000 0.251953 0
0 -130.646103 -143.174133 196 1 0.375000 0
11
-0.034738 -0.037909 0.998677
-0.034738 -0.037909 0.998677
-0.034738 -0.037909 0.998677
0.034738 0.037909 0.998677
0.034738 0.037909 0.998677
0.034738 0.037909 0.998677
-0.675590 -0.737277 0
-0.735980 0.677003 0
-0.515338 0.856987 0
0.738572 -0.674175 0
0.898641 -0.438685 0
8
0 0 1 2 0 1 1 1
0 2 1 3 1 1 2 1
0 4 5 6 3 4 4 1
0 6 5 7 4 4 5 1
0 8 9 10 6 7 7 1
0 10 9 11 7 7 8 1
0 8 12 13 6 9 9 1
0 13 12 14 9 9 10 1
"Duplicate38" 0 0
15
0 0.070265 0.398492 206 0 0.375000 0
0 -44.488525 -90.356209 201 0.500000 0.494141 0
0 10.901868 -100.122955 201 0.500000 0.251953 0
0 -33.656963 -190.877563 196 1 0.375000 0
0 0.070265 0.398492 186.250000 0 0.375000 0
0 -44.488525 -90.356209 191.250000 0.500000 0.494141 0
0 10.901868 -100.122955 191.250000 0.500000 0.251953 0
0 -33.656963 -190.877563 196.250000 1 0.375000 0
0 0.070265 0.398492 196 0 0.375000 0
0 11.101097 -100.158051 191.225006 0.500000 0.494141 0
0 11.101097 -100.158051 200.975006 0.500000 0.251953 0
0 -34.055412 -190.807419 196 1 0.375000 0
0 -44.687786 -90.321083 200.774994 0.500000 0.494141 0
0 -44.687786 -90.321083 191.024994 0.500000 0.251953 0
0 -33.258430 -190.947968 196 1 0.375000 0
11
-0.008929 -0.050637 0.998677
-0.008929 -0.050637 0.998677
-0.008929 -0.050637 0.998677
0.008929 0.050637 0.998677
0.008929 0.050637 0.998677
0.008929 0.050637 0.998677
-0.173648 -0.984808 0
-0.984473 0.175536 0
-0.895090 0.445885 0
0.985139 -0.171759 0
0.993611 0.112856 0
8
0 0 1 2 0 1 1 1
0 2 1 3 1 1 2 1
0 4 5 6 3 4 4 1
0 6 5 7 4 4 5 1
0 8 9 10 6 7 7 1
0 10 9 11 7 7 8 1
0 8 12 13 6 9 9 1
0 13 12 14 9 9 10 1
"Duplicate39" 0 0
15
0 -0.154849 0.373838 206 0 0.375000 0
0 11.027117 -100.109344 201 0.500000 0.494141 0
0 65.013779 -77.978340 201 0.500000 0.251953 0
0 74.172478 -179.068420 196 1 0.375000 0
0 -0.154849 0.373838 186.250000 0 0.375000 0
0 11.027117 -100.109344 191.250000 0.500000 0.494141 0
0 65.013779 -77.978340 191.250000 0.500000 0.251953 0
0 74.172478 -179.068420 196.250000 1 0.375000 0
0 -0.154849 0.373838 196 0 0.375000 0
0 65.200684 -77.900909 191.225006 0.500000 0.494141 0
0 65.200684 -77.900909 200.975006 0.500000 0.251953 0
0 73.798744 -179.223358 196 1 0.375000 0
0 10.840192 -100.186783 200.774994 0.500000 0.494141 0
0 10.840192 -100.186783 191.024994 0.500000 0.251953 0
0 74.546387 -178.913696 196 1 0.375000 0
11
0.019482 -0.047526 0.998680
0.019503 -0.047576 0.998677
0.019524 -0.047626 0.998674
-0.019482 0.047526 0.998680
-0.019503 0.047576 0.998677
-0.019524 0.047626 0.998674
0.391534 -0.920164 0
-0.924843 -0.380349 0
-0.996419 -0.084555 0
0.923144 0.384454 0
0.777366 0.629048 0
8
0 0 1 2 0 1 1 1
0 2 1 3 1 1 2 1
0 4 5 6 3 4 4 1
0 6 5 7 4 4 5 1
0 8 9 10 6 7 7 1
0 10 9 11 7 7 8 1
0 8 12 13 6 9 9 1
0 13 12 14 9 9 10 1
"Duplicate40" 0 0
15
0 -0.341270 0.217413 206 0 0.375000 0
0 65.037056 -77.905434 201 0.500000 0.494141 0
0 96.673592 -28.243393 201 0.500000 0.251953 0
0 163.468033 -104.140785 196 1 0.375000 0
0 -0.341270 0.217413 186.250000 0 0.375000 0
0 65.037056 -77.905434 191.250000 0.500000 0.494141 0
0 96.673592 -28.243393 191.250000 0.500000 0.251953 0
0 163.468033 -104.140785 196.250000 1 0.375000 0
0 -0.341270 0.217413 196 0 0.375000 0
0 96.782280 -28.072767 191.225006 0.500000 0.494141 0
0 96.782280 -28.072767 200.975006 0.500000 0.251953 0
0 163.250793 -104.482025 196 1 0.375000 0
0 64.928345 -78.076080 200.774994 0.500000 0.494141 0
0 64.928345 -78.076080 191.024994 0.500000 0.251953 0
0 163.685608 -103.799538 196 1 0.375000 0
11
0.043366 -0.027626 0.998677
0.043366 -0.027626 0.998677
0.043367 -0.027626 0.998677
-0.043366 0.027626 0.998677
-0.043366 0.027626 0.998677
-0.043367 0.027626 0.998677
0.836652 -0.547734 0
-0.538916 -0.842359 0
-0.754480 -0.656323 0
0.535703 0.844407 0
0.252061 0.967711 0
8
0 0 1 2 0 1 1 1
0 2 1 3 1 1 2 1
0 4 5 6 3 4 4 1
0 6 5 7 4 4 5 1
0 8 9 10 6 7 7 1
0 10 9 11 7 7 8 1
0 8 12 13 6 9 9 1
0 13 12 14 9 9 10 1
"Create Face" 0 0
3
32 -130.944092 -142.806870 196 0.998047 0.244618 0
32 -33.610386 -190.848358 196 1 0.222656 0
32 -44.425236 -90.351135 201 0.496311 0.232422 0
1
-0.025890 -0.052454 0.998288
1
0 0 1 2 0 0 0 1
"Duplicate41" 0 0
3
0 -187.167313 -50.085922 196 0.998047 0.244618 0
0 -130.889511 -142.901077 196 1 0.222656 0
0 -86.013535 -52.331749 201 0.496311 0.232422 0
1
-0.050018 -0.030328 0.998288
1
0 0 1 2 0 0 0 1
"Duplicate42" 0 0
3
0 -184.766861 58.322994 196 0.998047 0.244618 0
0 -187.172211 -50.194733 196 1 0.222656 0
0 -100.661110 2.078890 201 0.496311 0.232422 0
1
-0.058480 0.001296 0.998288
1
0 0 1 2 0 0 0 1
"Duplicate43" 0 0
3
0 -124.493980 148.464355 196 0.998047 0.244618 0
0 -184.829163 58.233784 196 1 0.222656 0
0 -83.779793 55.838509 201 0.496311 0.232422 0
1
-0.048625 0.032515 0.998288
1
0 0 1 2 0 0 0 1
"Duplicate44" 0 0
3
0 -25.227360 192.104202 196 0.998047 0.244618 0
0 -124.594429 148.422546 196 1 0.222656 0
0 -40.657162 92.108612 201 0.496311 0.232422 0
1
-0.023540 0.053549 0.998288
1
0 0 1 2 0 0 0 1
"Duplicate45" 0 0
3
0 81.941032 175.573776 196 0.998047 0.244618 0
0 -25.334513 192.122925 196 1 0.222656 0
0 15.200021 99.528732 201 0.496311 0.232422 0
1
0.008918 0.057811 0.998288
1
0 0 1 2 0 0 0 1
"Duplicate46" 0 0
3
0 163.444138 104.050575 196 0.998047 0.244618 0
0 81.860687 175.647095 196 1 0.222656 0
0 66.296333 75.774750 201 0.496311 0.232422 0
1
0.038583 0.043965 0.998288
1
0 0 1 2 0 0 0 1
"Duplicate47" 0 0
3
0 193.753815 -0.063102 196 0.998047 0.244618 0
0 163.415756 104.155617 196 1 0.222656 0
0 96.627533 28.286787 201 0.496311 0.232422 0
1
0.056163 0.016349 0.998288
1
0 0 1 2 0 0 0 1
"Duplicate48" 0 0
3
0 163.376419 -104.157066 196 0.998047 0.244618 0
0 193.786255 0.040737 196 1 0.222656 0
0 96.693329 -28.061108 201 0.496311 0.232422 0
1
0.056152 -0.016388 0.998288
1
0 0 1 2 0 0 0 1
"Duplicate49" 0 0
3
0 74.088104 -179.029541 196 0.998047 0.244618 0
0 163.619629 -103.996422 196 1 0.222656 0
0 64.991783 -77.923820 201 0.496311 0.232422 0
1
0.038470 -0.045903 0.998205
1
0 0 1 2 0 0 0 1
"Duplicate50" 0 0
3
0 -33.707127 -190.799454 196 0.998047 0.244618 0
0 74.196503 -179.019684 196 1 0.222656 0
0 11.077893 -100.071587 201 0.496311 0.232422 0
1
0.006348 -0.058149 0.998288
1
0 0 1 2 0 0 0 1
"Duplicate51" 0 0
33
0 -130.944092 -142.806870 196 0.998047 0.244618 0
0 -33.610386 -190.848358 196 1 0.222656 0
0 -44.425236 -90.351135 191 0.496311 0.232422 0
0 -187.167313 -50.085922 196 0.998047 0.244618 0
0 -130.889511 -142.901077 196 1 0.222656 0
0 -86.013535 -52.331749 191 0.496311 0.232422 0
0 -184.766861 58.322994 196 0.998047 0.244618 0
0 -187.172211 -50.194733 196 1 0.222656 0
0 -100.661110 2.078890 191 0.496311 0.232422 0
0 -124.493980 148.464355 196 0.998047 0.244618 0
0 -184.829163 58.233784 196 1 0.222656 0
0 -83.779793 55.838509 191 0.496311 0.232422 0
0 -25.227360 192.104202 196 0.998047 0.244618 0
0 -124.594429 148.422546 196 1 0.222656 0
0 -40.657162 92.108612 191 0.496311 0.232422 0
0 81.941032 175.573776 196 0.998047 0.244618 0
0 -25.334513 192.122925 196 1 0.222656 0
0 15.200021 99.528732 191 0.496311 0.232422 0
0 163.444138 104.050575 196 0.998047 0.244618 0
0 81.860687 175.647095 196 1 0.222656 0
0 66.296333 75.774750 191 0.496311 0.232422 0
0 193.753815 -0.063102 196 0.998047 0.244618 0
0 163.415756 104.155617 196 1 0.222656 0
0 96.627533 28.286787 191 0.496311 0.232422 0
0 163.376419 -104.157066 196 0.998047 0.244618 0
0 193.786255 0.040737 196 1 0.222656 0
0 96.693329 -28.061108 191 0.496311 0.232422 0
0 74.088104 -179.029541 196 0.998047 0.244618 0
0 163.619629 -103.996422 196 1 0.222656 0
0 64.991783 -77.923820 191 0.496311 0.232422 0
0 -33.707127 -190.799454 196 0.998047 0.244618 0
0 74.196503 -179.019684 196 1 0.222656 0
0 11.077893 -100.071587 191 0.496311 0.232422 0
11
0.025890 0.052454 0.998288
0.050018 0.030328 0.998288
0.058480 -0.001296 0.998288
0.048625 -0.032515 0.998288
0.023540 -0.053549 0.998288
-0.008918 -0.057811 0.998288
-0.038583 -0.043965 0.998288
-0.056163 -0.016349 0.998288
-0.056152 0.016388 0.998288
-0.038470 0.045903 0.998205
-0.006348 0.058149 0.998288
11
0 0 1 2 0 0 0 1
0 3 4 5 1 1 1 1
0 6 7 8 2 2 2 1
0 9 10 11 3 3 3 1
0 12 13 14 4 4 4 1
0 15 16 17 5 5 5 1
0 18 19 20 6 6 6 1
0 21 22 23 7 7 7 1
0 24 25 26 8 8 8 1
0 27 28 29 9 9 9 1
0 30 31 32 10 10 10 1
"Plane05" 0 1
4
0 76.104889 0 76.364639 0 0 -1
0 76.104889 0 -76.364639 0 1 -1
0 -76.104813 0 -76.364639 1 1 -1
0 -76.104813 0 76.364639 1 0 -1
1
0 1 0
2
0 0 1 2 0 0 0 1
0 0 2 3 0 0 0 1

Materials: 6
"OBJECT"
0.200000 0.200000 0.200000 0.900000
0.800000 0.800000 0.800000 0.900000
0 0 0 0.900000
1 1 1 0.900000
0
0.900000
"SUN.png"
""
"PLATFORM"
0.200000 0.200000 0.200000 1
0.800000 0.800000 0.800000 1
0 0 0 1
1 1 1 1
0
1
"PLATFORM.png"
""
"WALL"
0.200000 0.200000 0.200000 1
0.800000 0.800000 0.800000 1
0 0 0 1
1 1 1 1
0
1
"WALL.png"
""
"WALL_1"
0.200000 0.200000 0.200000 0.300000
0.800000 0.800000 0.800000 0.300000
0 0 0 0.300000
1 1 1 0.300000
0
0.300000
"WALL_1.ini"
""
"BLACK"
0.200000 0.200000 0.200000 1
0.800000 0.800000 0.800000 1
0 0 0 1
1 1 1 1
0
1
"Black.png"
""
"LIGHT"
0.200000 0.200000 0.200000 1
0.800000 0.800000 0.800000 1
0 0 0 1
1 1 1 1
0
1
"LIGHT.ini"
""

Bones: 1
"joint1"
""
8 0 0 0 0 -0 0
1
0 0 0 0
5
0 0 -0 0
170 0 -0 1.570796
340 0 -0 3.141592
510 0 0 -1.570798
680 0 0 -0.000002
GroupComments: 0
MaterialComments: 0
BoneComments: 0
ModelComment: 0
