// MilkShape 3D ASCII

Frames: 30
Frame: 1

Meshes: 4
"Plane11" 0 0
4
0 368.434235 63.366173 298.650696 2 3 -1
0 368.434235 63.366173 -298.650696 2 0 -1
0 -357.781067 63.366173 -298.650696 0 0 -1
0 -357.781067 63.366173 298.650696 0 3 -1
1
0 1 0
2
0 0 1 2 0 0 0 1
0 0 2 3 0 0 0 1
"Duplicate17" 0 0
4
0 368.434235 -68.000427 298.650696 2 3 -1
0 368.434235 -68.000427 -298.650696 2 0 -1
0 -357.781067 -68.000427 -298.650696 0 0 -1
0 -357.781067 -68.000427 298.650696 0 3 -1
1
0 1 0
2
0 0 1 2 0 0 0 1
0 0 2 3 0 0 0 1
"Plane12" 0 2
4
0 -52.571453 63.200001 359.049927 0.988281 -0.506436 -1
0 62.896656 63.200001 359.049927 -0.011719 -0.506436 -1
0 62.896656 63.200001 -366.941193 -0.011719 0.556423 -1
0 -52.571453 63.200001 -366.941193 0.988281 0.556423 -1
1
0 1 0
2
0 0 1 2 0 0 0 1
0 0 2 3 0 0 0 1
"Box01" 0 1
24
0 -327.583710 61.955864 272.320648 0.990298 0.989127 -1
0 -327.583710 -66.407028 272.320648 0.990298 0.991341 -1
0 327.583710 61.955864 272.320648 0.992210 0.989127 -1
0 327.583710 -66.407028 272.320648 0.992210 0.991341 -1
0 327.583710 61.955864 272.320648 0.990298 0.989127 -1
0 327.583710 -66.407028 272.320648 0.990298 0.991341 -1
0 327.583710 61.955864 -272.320648 0.992210 0.989127 -1
0 327.583710 -66.407028 -272.320648 0.992210 0.991341 -1
0 327.583710 61.955864 -272.320648 0.990298 0.989127 -1
0 327.583710 -66.407028 -272.320648 0.990298 0.991341 -1
0 -327.583710 61.955864 -272.320648 0.992210 0.989127 -1
0 -327.583710 -66.407028 -272.320648 0.992210 0.991341 -1
0 -327.583710 61.955864 -272.320648 0.990298 0.989127 -1
0 -327.583710 -66.407028 -272.320648 0.990298 0.991341 -1
0 -327.583710 61.955864 272.320648 0.992210 0.989127 -1
0 -327.583710 -66.407028 272.320648 0.992210 0.991341 -1
0 -327.583710 61.955864 -272.320648 0 0 -1
0 -327.583710 61.955864 272.320648 0 1 -1
0 327.583710 61.955864 -272.320648 1 0 -1
0 327.583710 61.955864 272.320648 1 1 -1
0 -327.583710 -66.407028 272.320648 0 0 -1
0 -327.583710 -66.407028 -272.320648 0 1 -1
0 327.583710 -66.407028 272.320648 1 0 -1
0 327.583710 -66.407028 -272.320648 1 1 -1
6
0 0 1
1 0 0
0 0 -1
-1 0 0
0 1 0
0 -1 0
12
0 0 1 2 0 0 0 1
0 1 3 2 0 0 0 1
0 4 5 6 1 1 1 2
0 5 7 6 1 1 1 2
0 8 9 10 2 2 2 1
0 9 11 10 2 2 2 1
0 12 13 14 3 3 3 2
0 13 15 14 3 3 3 2
0 16 17 18 4 4 4 3
0 17 19 18 4 4 4 3
0 20 21 22 5 5 5 3
0 21 23 22 5 5 5 3

Materials: 3
"ROOF"
0.200000 0.200000 0.200000 1
0.800000 0.800000 0.800000 1
0 0 0 1
1 1 1 1
0
1
"ROOF.png"
""
"GLOW"
0.200000 0.200000 0.200000 1
0.800000 0.800000 0.800000 1
0 0 0 1
1 1 1 1
0
1
"GLOW.png"
""
"LIGHT"
0.200000 0.200000 0.200000 1
0.800000 0.800000 0.800000 1
0 0 0 1
1 1 1 1
0
1
"LIGHT.ini"
""

Bones: 0
GroupComments: 0
MaterialComments: 0
BoneComments: 0
ModelComment: 0
