// MilkShape 3D ASCII

Frames: 30
Frame: 1

Meshes: 4
"Regroup05" 0 0
240
0 147.241577 -42.710133 -44.310635 0.005105 0.985651 -1
0 147.241577 -36.039867 -44.310635 0.005105 0.912344 -1
0 147.241577 -42.710133 -69.685776 0.005105 0.985651 -1
0 147.241577 -36.039867 -69.685776 0.005105 0.912344 -1
0 121.761444 -42.710133 -69.685776 0.065513 0.985651 -1
0 121.761444 -36.039867 -69.685776 0.065513 0.912344 -1
0 121.761444 -42.710133 -44.310635 0.065513 0.985651 -1
0 121.761444 -36.039867 -44.310635 0.065513 0.912344 -1
0 147.241577 -33.960133 -44.310635 0.005105 0.889488 -1
0 147.241577 -27.289867 -44.310635 0.005105 0.816181 -1
0 147.241577 -33.960133 -69.685776 0.005105 0.889488 -1
0 147.241577 -27.289867 -69.685776 0.005105 0.816181 -1
0 121.761444 -33.960133 -69.685776 0.065513 0.889488 -1
0 121.761444 -27.289867 -69.685776 0.065513 0.816181 -1
0 121.761444 -33.960133 -44.310635 0.065513 0.889488 -1
0 121.761444 -27.289867 -44.310635 0.065513 0.816181 -1
0 147.241577 -25.210133 -44.310635 0.005105 0.793324 -1
0 147.241577 -18.539867 -44.310635 0.005105 0.720017 -1
0 147.241577 -25.210133 -69.685776 0.005105 0.793324 -1
0 147.241577 -18.539867 -69.685776 0.005105 0.720017 -1
0 121.761444 -25.210133 -69.685776 0.065513 0.793324 -1
0 121.761444 -18.539867 -69.685776 0.065513 0.720017 -1
0 121.761444 -25.210133 -44.310635 0.065513 0.793324 -1
0 121.761444 -18.539867 -44.310635 0.065513 0.720017 -1
0 147.241577 -16.460133 -44.310635 0.005105 0.697161 -1
0 147.241577 -9.789867 -44.310635 0.005105 0.623854 -1
0 147.241577 -16.460133 -69.685776 0.005105 0.697161 -1
0 147.241577 -9.789867 -69.685776 0.005105 0.623854 -1
0 121.761444 -16.460133 -69.685776 0.065513 0.697161 -1
0 121.761444 -9.789867 -69.685776 0.065513 0.623854 -1
0 121.761444 -16.460133 -44.310635 0.065513 0.697161 -1
0 121.761444 -9.789867 -44.310635 0.065513 0.623854 -1
0 147.241577 -7.710135 -44.310635 0.005105 0.600997 -1
0 147.241577 -1.039867 -44.310635 0.005105 0.527690 -1
0 147.241577 -7.710135 -69.685776 0.005105 0.600997 -1
0 147.241577 -1.039867 -69.685776 0.005105 0.527690 -1
0 121.761444 -7.710135 -69.685776 0.065513 0.600997 -1
0 121.761444 -1.039867 -69.685776 0.065513 0.527690 -1
0 121.761444 -7.710135 -44.310635 0.065513 0.600997 -1
0 121.761444 -1.039867 -44.310635 0.065513 0.527690 -1
0 147.241577 1.039865 -44.310635 0.005105 0.504834 -1
0 147.241577 7.710135 -44.310635 0.005105 0.431526 -1
0 147.241577 1.039865 -69.685776 0.005105 0.504834 -1
0 147.241577 7.710135 -69.685776 0.005105 0.431526 -1
0 121.761444 1.039865 -69.685776 0.065513 0.504834 -1
0 121.761444 7.710135 -69.685776 0.065513 0.431526 -1
0 121.761444 1.039865 -44.310635 0.065513 0.504834 -1
0 121.761444 7.710135 -44.310635 0.065513 0.431526 -1
0 147.241577 9.789865 -44.310635 0.005105 0.408670 -1
0 147.241577 16.460135 -44.310635 0.005105 0.335363 -1
0 147.241577 9.789865 -69.685776 0.005105 0.408670 -1
0 147.241577 16.460135 -69.685776 0.005105 0.335363 -1
0 121.761444 9.789865 -69.685776 0.065513 0.408670 -1
0 121.761444 16.460135 -69.685776 0.065513 0.335363 -1
0 121.761444 9.789865 -44.310635 0.065513 0.408670 -1
0 121.761444 16.460135 -44.310635 0.065513 0.335363 -1
0 147.241577 18.539865 -44.310635 0.005105 0.312506 -1
0 147.241577 25.210135 -44.310635 0.005105 0.239199 -1
0 147.241577 18.539865 -69.685776 0.005105 0.312506 -1
0 147.241577 25.210135 -69.685776 0.005105 0.239199 -1
0 121.761444 18.539865 -69.685776 0.065513 0.312506 -1
0 121.761444 25.210135 -69.685776 0.065513 0.239199 -1
0 121.761444 18.539865 -44.310635 0.065513 0.312506 -1
0 121.761444 25.210135 -44.310635 0.065513 0.239199 -1
0 147.241577 27.289865 -44.310635 0.005105 0.216343 -1
0 147.241577 33.960136 -44.310635 0.005105 0.143036 -1
0 147.241577 27.289865 -69.685776 0.005105 0.216343 -1
0 147.241577 33.960136 -69.685776 0.005105 0.143036 -1
0 121.761444 27.289865 -69.685776 0.065513 0.216343 -1
0 121.761444 33.960136 -69.685776 0.065513 0.143036 -1
0 121.761444 27.289865 -44.310635 0.065513 0.216343 -1
0 121.761444 33.960136 -44.310635 0.065513 0.143036 -1
0 147.241577 36.039864 -44.310635 0.005105 0.120179 -1
0 147.241577 42.710136 -44.310635 0.005105 0.046872 -1
0 147.241577 36.039864 -69.685776 0.005105 0.120179 -1
0 147.241577 42.710136 -69.685776 0.005105 0.046872 -1
0 121.761444 36.039864 -69.685776 0.065513 0.120179 -1
0 121.761444 42.710136 -69.685776 0.065513 0.046872 -1
0 121.761444 36.039864 -44.310635 0.065513 0.120179 -1
0 121.761444 42.710136 -44.310635 0.065513 0.046872 -1
0 143.408264 -42.710133 -107.310638 0.005105 0.985651 -1
0 143.408264 -36.039867 -107.310638 0.005105 0.912344 -1
0 143.408264 -42.710133 -132.685760 0.005105 0.985651 -1
0 143.408264 -36.039867 -132.685760 0.005105 0.912344 -1
0 117.928108 -42.710133 -132.685760 0.065513 0.985651 -1
0 117.928108 -36.039867 -132.685760 0.065513 0.912344 -1
0 117.928108 -42.710133 -107.310638 0.065513 0.985651 -1
0 117.928108 -36.039867 -107.310638 0.065513 0.912344 -1
0 143.408264 -33.960133 -107.310638 0.005105 0.889488 -1
0 143.408264 -27.289867 -107.310638 0.005105 0.816181 -1
0 143.408264 -33.960133 -132.685760 0.005105 0.889488 -1
0 143.408264 -27.289867 -132.685760 0.005105 0.816181 -1
0 117.928108 -33.960133 -132.685760 0.065513 0.889488 -1
0 117.928108 -27.289867 -132.685760 0.065513 0.816181 -1
0 117.928108 -33.960133 -107.310638 0.065513 0.889488 -1
0 117.928108 -27.289867 -107.310638 0.065513 0.816181 -1
0 143.408264 -25.210133 -107.310638 0.005105 0.793324 -1
0 143.408264 -18.539867 -107.310638 0.005105 0.720017 -1
0 143.408264 -25.210133 -132.685760 0.005105 0.793324 -1
0 143.408264 -18.539867 -132.685760 0.005105 0.720017 -1
0 117.928108 -25.210133 -132.685760 0.065513 0.793324 -1
0 117.928108 -18.539867 -132.685760 0.065513 0.720017 -1
0 117.928108 -25.210133 -107.310638 0.065513 0.793324 -1
0 117.928108 -18.539867 -107.310638 0.065513 0.720017 -1
0 143.408264 -16.460133 -107.310638 0.005105 0.697161 -1
0 143.408264 -9.789867 -107.310638 0.005105 0.623854 -1
0 143.408264 -16.460133 -132.685760 0.005105 0.697161 -1
0 143.408264 -9.789867 -132.685760 0.005105 0.623854 -1
0 117.928108 -16.460133 -132.685760 0.065513 0.697161 -1
0 117.928108 -9.789867 -132.685760 0.065513 0.623854 -1
0 117.928108 -16.460133 -107.310638 0.065513 0.697161 -1
0 117.928108 -9.789867 -107.310638 0.065513 0.623854 -1
0 143.408264 -7.710135 -107.310638 0.005105 0.600997 -1
0 143.408264 -1.039867 -107.310638 0.005105 0.527690 -1
0 143.408264 -7.710135 -132.685760 0.005105 0.600997 -1
0 143.408264 -1.039867 -132.685760 0.005105 0.527690 -1
0 117.928108 -7.710135 -132.685760 0.065513 0.600997 -1
0 117.928108 -1.039867 -132.685760 0.065513 0.527690 -1
0 117.928108 -7.710135 -107.310638 0.065513 0.600997 -1
0 117.928108 -1.039867 -107.310638 0.065513 0.527690 -1
0 143.408264 1.039865 -107.310638 0.005105 0.504834 -1
0 143.408264 7.710135 -107.310638 0.005105 0.431526 -1
0 143.408264 1.039865 -132.685760 0.005105 0.504834 -1
0 143.408264 7.710135 -132.685760 0.005105 0.431526 -1
0 117.928108 1.039865 -132.685760 0.065513 0.504834 -1
0 117.928108 7.710135 -132.685760 0.065513 0.431526 -1
0 117.928108 1.039865 -107.310638 0.065513 0.504834 -1
0 117.928108 7.710135 -107.310638 0.065513 0.431526 -1
0 143.408264 9.789865 -107.310638 0.005105 0.408670 -1
0 143.408264 16.460135 -107.310638 0.005105 0.335363 -1
0 143.408264 9.789865 -132.685760 0.005105 0.408670 -1
0 143.408264 16.460135 -132.685760 0.005105 0.335363 -1
0 117.928108 9.789865 -132.685760 0.065513 0.408670 -1
0 117.928108 16.460135 -132.685760 0.065513 0.335363 -1
0 117.928108 9.789865 -107.310638 0.065513 0.408670 -1
0 117.928108 16.460135 -107.310638 0.065513 0.335363 -1
0 143.408264 18.539865 -107.310638 0.005105 0.312506 -1
0 143.408264 25.210135 -107.310638 0.005105 0.239199 -1
0 143.408264 18.539865 -132.685760 0.005105 0.312506 -1
0 143.408264 25.210135 -132.685760 0.005105 0.239199 -1
0 117.928108 18.539865 -132.685760 0.065513 0.312506 -1
0 117.928108 25.210135 -132.685760 0.065513 0.239199 -1
0 117.928108 18.539865 -107.310638 0.065513 0.312506 -1
0 117.928108 25.210135 -107.310638 0.065513 0.239199 -1
0 143.408264 27.289865 -107.310638 0.005105 0.216343 -1
0 143.408264 33.960136 -107.310638 0.005105 0.143036 -1
0 143.408264 27.289865 -132.685760 0.005105 0.216343 -1
0 143.408264 33.960136 -132.685760 0.005105 0.143036 -1
0 117.928108 27.289865 -132.685760 0.065513 0.216343 -1
0 117.928108 33.960136 -132.685760 0.065513 0.143036 -1
0 117.928108 27.289865 -107.310638 0.065513 0.216343 -1
0 117.928108 33.960136 -107.310638 0.065513 0.143036 -1
0 143.408264 36.039864 -107.310638 0.005105 0.120179 -1
0 143.408264 42.710136 -107.310638 0.005105 0.046872 -1
0 143.408264 36.039864 -132.685760 0.005105 0.120179 -1
0 143.408264 42.710136 -132.685760 0.005105 0.046872 -1
0 117.928108 36.039864 -132.685760 0.065513 0.120179 -1
0 117.928108 42.710136 -132.685760 0.065513 0.046872 -1
0 117.928108 36.039864 -107.310638 0.065513 0.120179 -1
0 117.928108 42.710136 -107.310638 0.065513 0.046872 -1
0 82.241608 -42.710133 -128.143982 0.005105 0.985651 -1
0 82.241608 -36.039867 -128.143982 0.005105 0.912344 -1
0 82.241608 -42.710133 -153.519104 0.005105 0.985651 -1
0 82.241608 -36.039867 -153.519104 0.005105 0.912344 -1
0 56.761444 -42.710133 -153.519104 0.065513 0.985651 -1
0 56.761444 -36.039867 -153.519104 0.065513 0.912344 -1
0 56.761444 -42.710133 -128.143982 0.065513 0.985651 -1
0 56.761444 -36.039867 -128.143982 0.065513 0.912344 -1
0 82.241608 -33.960133 -128.143982 0.005105 0.889488 -1
0 82.241608 -27.289867 -128.143982 0.005105 0.816181 -1
0 82.241608 -33.960133 -153.519104 0.005105 0.889488 -1
0 82.241608 -27.289867 -153.519104 0.005105 0.816181 -1
0 56.761444 -33.960133 -153.519104 0.065513 0.889488 -1
0 56.761444 -27.289867 -153.519104 0.065513 0.816181 -1
0 56.761444 -33.960133 -128.143982 0.065513 0.889488 -1
0 56.761444 -27.289867 -128.143982 0.065513 0.816181 -1
0 82.241608 -25.210133 -128.143982 0.005105 0.793324 -1
0 82.241608 -18.539867 -128.143982 0.005105 0.720017 -1
0 82.241608 -25.210133 -153.519104 0.005105 0.793324 -1
0 82.241608 -18.539867 -153.519104 0.005105 0.720017 -1
0 56.761444 -25.210133 -153.519104 0.065513 0.793324 -1
0 56.761444 -18.539867 -153.519104 0.065513 0.720017 -1
0 56.761444 -25.210133 -128.143982 0.065513 0.793324 -1
0 56.761444 -18.539867 -128.143982 0.065513 0.720017 -1
0 82.241608 -16.460133 -128.143982 0.005105 0.697161 -1
0 82.241608 -9.789867 -128.143982 0.005105 0.623854 -1
0 82.241608 -16.460133 -153.519104 0.005105 0.697161 -1
0 82.241608 -9.789867 -153.519104 0.005105 0.623854 -1
0 56.761444 -16.460133 -153.519104 0.065513 0.697161 -1
0 56.761444 -9.789867 -153.519104 0.065513 0.623854 -1
0 56.761444 -16.460133 -128.143982 0.065513 0.697161 -1
0 56.761444 -9.789867 -128.143982 0.065513 0.623854 -1
0 82.241608 -7.710135 -128.143982 0.005105 0.600997 -1
0 82.241608 -1.039867 -128.143982 0.005105 0.527690 -1
0 82.241608 -7.710135 -153.519104 0.005105 0.600997 -1
0 82.241608 -1.039867 -153.519104 0.005105 0.527690 -1
0 56.761444 -7.710135 -153.519104 0.065513 0.600997 -1
0 56.761444 -1.039867 -153.519104 0.065513 0.527690 -1
0 56.761444 -7.710135 -128.143982 0.065513 0.600997 -1
0 56.761444 -1.039867 -128.143982 0.065513 0.527690 -1
0 82.241608 1.039865 -128.143982 0.005105 0.504834 -1
0 82.241608 7.710135 -128.143982 0.005105 0.431526 -1
0 82.241608 1.039865 -153.519104 0.005105 0.504834 -1
0 82.241608 7.710135 -153.519104 0.005105 0.431526 -1
0 56.761444 1.039865 -153.519104 0.065513 0.504834 -1
0 56.761444 7.710135 -153.519104 0.065513 0.431526 -1
0 56.761444 1.039865 -128.143982 0.065513 0.504834 -1
0 56.761444 7.710135 -128.143982 0.065513 0.431526 -1
0 82.241608 9.789865 -128.143982 0.005105 0.408670 -1
0 82.241608 16.460135 -128.143982 0.005105 0.335363 -1
0 82.241608 9.789865 -153.519104 0.005105 0.408670 -1
0 82.241608 16.460135 -153.519104 0.005105 0.335363 -1
0 56.761444 9.789865 -153.519104 0.065513 0.408670 -1
0 56.761444 16.460135 -153.519104 0.065513 0.335363 -1
0 56.761444 9.789865 -128.143982 0.065513 0.408670 -1
0 56.761444 16.460135 -128.143982 0.065513 0.335363 -1
0 82.241608 18.539865 -128.143982 0.005105 0.312506 -1
0 82.241608 25.210135 -128.143982 0.005105 0.239199 -1
0 82.241608 18.539865 -153.519104 0.005105 0.312506 -1
0 82.241608 25.210135 -153.519104 0.005105 0.239199 -1
0 56.761444 18.539865 -153.519104 0.065513 0.312506 -1
0 56.761444 25.210135 -153.519104 0.065513 0.239199 -1
0 56.761444 18.539865 -128.143982 0.065513 0.312506 -1
0 56.761444 25.210135 -128.143982 0.065513 0.239199 -1
0 82.241608 27.289865 -128.143982 0.005105 0.216343 -1
0 82.241608 33.960136 -128.143982 0.005105 0.143036 -1
0 82.241608 27.289865 -153.519104 0.005105 0.216343 -1
0 82.241608 33.960136 -153.519104 0.005105 0.143036 -1
0 56.761444 27.289865 -153.519104 0.065513 0.216343 -1
0 56.761444 33.960136 -153.519104 0.065513 0.143036 -1
0 56.761444 27.289865 -128.143982 0.065513 0.216343 -1
0 56.761444 33.960136 -128.143982 0.065513 0.143036 -1
0 82.241608 36.039864 -128.143982 0.005105 0.120179 -1
0 82.241608 42.710136 -128.143982 0.005105 0.046872 -1
0 82.241608 36.039864 -153.519104 0.005105 0.120179 -1
0 82.241608 42.710136 -153.519104 0.005105 0.046872 -1
0 56.761444 36.039864 -153.519104 0.065513 0.120179 -1
0 56.761444 42.710136 -153.519104 0.065513 0.046872 -1
0 56.761444 36.039864 -128.143982 0.065513 0.120179 -1
0 56.761444 42.710136 -128.143982 0.065513 0.046872 -1
4
-1 0 0
0 0 1
1 0 0
0 0 -1
240
0 0 1 2 0 0 0 1
0 1 3 2 0 0 0 1
0 2 3 4 1 1 1 2
0 3 5 4 1 1 1 2
0 4 5 6 2 2 2 1
0 5 7 6 2 2 2 1
0 6 7 0 3 3 3 2
0 7 1 0 3 3 3 2
0 8 9 10 0 0 0 1
0 9 11 10 0 0 0 1
0 10 11 12 1 1 1 2
0 11 13 12 1 1 1 2
0 12 13 14 2 2 2 1
0 13 15 14 2 2 2 1
0 14 15 8 3 3 3 2
0 15 9 8 3 3 3 2
0 16 17 18 0 0 0 1
0 17 19 18 0 0 0 1
0 18 19 20 1 1 1 2
0 19 21 20 1 1 1 2
0 20 21 22 2 2 2 1
0 21 23 22 2 2 2 1
0 22 23 16 3 3 3 2
0 23 17 16 3 3 3 2
0 24 25 26 0 0 0 1
0 25 27 26 0 0 0 1
0 26 27 28 1 1 1 2
0 27 29 28 1 1 1 2
0 28 29 30 2 2 2 1
0 29 31 30 2 2 2 1
0 30 31 24 3 3 3 2
0 31 25 24 3 3 3 2
0 32 33 34 0 0 0 1
0 33 35 34 0 0 0 1
0 34 35 36 1 1 1 2
0 35 37 36 1 1 1 2
0 36 37 38 2 2 2 1
0 37 39 38 2 2 2 1
0 38 39 32 3 3 3 2
0 39 33 32 3 3 3 2
0 40 41 42 0 0 0 1
0 41 43 42 0 0 0 1
0 42 43 44 1 1 1 2
0 43 45 44 1 1 1 2
0 44 45 46 2 2 2 1
0 45 47 46 2 2 2 1
0 46 47 40 3 3 3 2
0 47 41 40 3 3 3 2
0 48 49 50 0 0 0 1
0 49 51 50 0 0 0 1
0 50 51 52 1 1 1 2
0 51 53 52 1 1 1 2
0 52 53 54 2 2 2 1
0 53 55 54 2 2 2 1
0 54 55 48 3 3 3 2
0 55 49 48 3 3 3 2
0 56 57 58 0 0 0 1
0 57 59 58 0 0 0 1
0 58 59 60 1 1 1 2
0 59 61 60 1 1 1 2
0 60 61 62 2 2 2 1
0 61 63 62 2 2 2 1
0 62 63 56 3 3 3 2
0 63 57 56 3 3 3 2
0 64 65 66 0 0 0 1
0 65 67 66 0 0 0 1
0 66 67 68 1 1 1 2
0 67 69 68 1 1 1 2
0 68 69 70 2 2 2 1
0 69 71 70 2 2 2 1
0 70 71 64 3 3 3 2
0 71 65 64 3 3 3 2
0 72 73 74 0 0 0 1
0 73 75 74 0 0 0 1
0 74 75 76 1 1 1 2
0 75 77 76 1 1 1 2
0 76 77 78 2 2 2 1
0 77 79 78 2 2 2 1
0 78 79 72 3 3 3 2
0 79 73 72 3 3 3 2
0 80 81 82 0 0 0 1
0 81 83 82 0 0 0 1
0 82 83 84 1 1 1 2
0 83 85 84 1 1 1 2
0 84 85 86 2 2 2 1
0 85 87 86 2 2 2 1
0 86 87 80 3 3 3 2
0 87 81 80 3 3 3 2
0 88 89 90 0 0 0 1
0 89 91 90 0 0 0 1
0 90 91 92 1 1 1 2
0 91 93 92 1 1 1 2
0 92 93 94 2 2 2 1
0 93 95 94 2 2 2 1
0 94 95 88 3 3 3 2
0 95 89 88 3 3 3 2
0 96 97 98 0 0 0 1
0 97 99 98 0 0 0 1
0 98 99 100 1 1 1 2
0 99 101 100 1 1 1 2
0 100 101 102 2 2 2 1
0 101 103 102 2 2 2 1
0 102 103 96 3 3 3 2
0 103 97 96 3 3 3 2
0 104 105 106 0 0 0 1
0 105 107 106 0 0 0 1
0 106 107 108 1 1 1 2
0 107 109 108 1 1 1 2
0 108 109 110 2 2 2 1
0 109 111 110 2 2 2 1
0 110 111 104 3 3 3 2
0 111 105 104 3 3 3 2
0 112 113 114 0 0 0 1
0 113 115 114 0 0 0 1
0 114 115 116 1 1 1 2
0 115 117 116 1 1 1 2
0 116 117 118 2 2 2 1
0 117 119 118 2 2 2 1
0 118 119 112 3 3 3 2
0 119 113 112 3 3 3 2
0 120 121 122 0 0 0 1
0 121 123 122 0 0 0 1
0 122 123 124 1 1 1 2
0 123 125 124 1 1 1 2
0 124 125 126 2 2 2 1
0 125 127 126 2 2 2 1
0 126 127 120 3 3 3 2
0 127 121 120 3 3 3 2
0 128 129 130 0 0 0 1
0 129 131 130 0 0 0 1
0 130 131 132 1 1 1 2
0 131 133 132 1 1 1 2
0 132 133 134 2 2 2 1
0 133 135 134 2 2 2 1
0 134 135 128 3 3 3 2
0 135 129 128 3 3 3 2
0 136 137 138 0 0 0 1
0 137 139 138 0 0 0 1
0 138 139 140 1 1 1 2
0 139 141 140 1 1 1 2
0 140 141 142 2 2 2 1
0 141 143 142 2 2 2 1
0 142 143 136 3 3 3 2
0 143 137 136 3 3 3 2
0 144 145 146 0 0 0 1
0 145 147 146 0 0 0 1
0 146 147 148 1 1 1 2
0 147 149 148 1 1 1 2
0 148 149 150 2 2 2 1
0 149 151 150 2 2 2 1
0 150 151 144 3 3 3 2
0 151 145 144 3 3 3 2
0 152 153 154 0 0 0 1
0 153 155 154 0 0 0 1
0 154 155 156 1 1 1 2
0 155 157 156 1 1 1 2
0 156 157 158 2 2 2 1
0 157 159 158 2 2 2 1
0 158 159 152 3 3 3 2
0 159 153 152 3 3 3 2
0 160 161 162 0 0 0 1
0 161 163 162 0 0 0 1
0 162 163 164 1 1 1 2
0 163 165 164 1 1 1 2
0 164 165 166 2 2 2 1
0 165 167 166 2 2 2 1
0 166 167 160 3 3 3 2
0 167 161 160 3 3 3 2
0 168 169 170 0 0 0 1
0 169 171 170 0 0 0 1
0 170 171 172 1 1 1 2
0 171 173 172 1 1 1 2
0 172 173 174 2 2 2 1
0 173 175 174 2 2 2 1
0 174 175 168 3 3 3 2
0 175 169 168 3 3 3 2
0 176 177 178 0 0 0 1
0 177 179 178 0 0 0 1
0 178 179 180 1 1 1 2
0 179 181 180 1 1 1 2
0 180 181 182 2 2 2 1
0 181 183 182 2 2 2 1
0 182 183 176 3 3 3 2
0 183 177 176 3 3 3 2
0 184 185 186 0 0 0 1
0 185 187 186 0 0 0 1
0 186 187 188 1 1 1 2
0 187 189 188 1 1 1 2
0 188 189 190 2 2 2 1
0 189 191 190 2 2 2 1
0 190 191 184 3 3 3 2
0 191 185 184 3 3 3 2
0 192 193 194 0 0 0 1
0 193 195 194 0 0 0 1
0 194 195 196 1 1 1 2
0 195 197 196 1 1 1 2
0 196 197 198 2 2 2 1
0 197 199 198 2 2 2 1
0 198 199 192 3 3 3 2
0 199 193 192 3 3 3 2
0 200 201 202 0 0 0 1
0 201 203 202 0 0 0 1
0 202 203 204 1 1 1 2
0 203 205 204 1 1 1 2
0 204 205 206 2 2 2 1
0 205 207 206 2 2 2 1
0 206 207 200 3 3 3 2
0 207 201 200 3 3 3 2
0 208 209 210 0 0 0 1
0 209 211 210 0 0 0 1
0 210 211 212 1 1 1 2
0 211 213 212 1 1 1 2
0 212 213 214 2 2 2 1
0 213 215 214 2 2 2 1
0 214 215 208 3 3 3 2
0 215 209 208 3 3 3 2
0 216 217 218 0 0 0 1
0 217 219 218 0 0 0 1
0 218 219 220 1 1 1 2
0 219 221 220 1 1 1 2
0 220 221 222 2 2 2 1
0 221 223 222 2 2 2 1
0 222 223 216 3 3 3 2
0 223 217 216 3 3 3 2
0 224 225 226 0 0 0 1
0 225 227 226 0 0 0 1
0 226 227 228 1 1 1 2
0 227 229 228 1 1 1 2
0 228 229 230 2 2 2 1
0 229 231 230 2 2 2 1
0 230 231 224 3 3 3 2
0 231 225 224 3 3 3 2
0 232 233 234 0 0 0 1
0 233 235 234 0 0 0 1
0 234 235 236 1 1 1 2
0 235 237 236 1 1 1 2
0 236 237 238 2 2 2 1
0 237 239 238 2 2 2 1
0 238 239 232 3 3 3 2
0 239 233 232 3 3 3 2
"Duplicate45" 0 0
240
0 -147.241577 -42.710133 44.310623 0.005105 0.985651 -1
0 -147.241577 -36.039867 44.310623 0.005105 0.912344 -1
0 -147.241577 -42.710133 69.685760 0.005105 0.985651 -1
0 -147.241577 -36.039867 69.685760 0.005105 0.912344 -1
0 -121.761452 -42.710133 69.685768 0.065513 0.985651 -1
0 -121.761452 -36.039867 69.685768 0.065513 0.912344 -1
0 -121.761452 -42.710133 44.310623 0.065513 0.985651 -1
0 -121.761452 -36.039867 44.310623 0.065513 0.912344 -1
0 -147.241577 -33.960133 44.310623 0.005105 0.889488 -1
0 -147.241577 -27.289867 44.310623 0.005105 0.816181 -1
0 -147.241577 -33.960133 69.685760 0.005105 0.889488 -1
0 -147.241577 -27.289867 69.685760 0.005105 0.816181 -1
0 -121.761452 -33.960133 69.685768 0.065513 0.889488 -1
0 -121.761452 -27.289867 69.685768 0.065513 0.816181 -1
0 -121.761452 -33.960133 44.310623 0.065513 0.889488 -1
0 -121.761452 -27.289867 44.310623 0.065513 0.816181 -1
0 -147.241577 -25.210133 44.310623 0.005105 0.793324 -1
0 -147.241577 -18.539867 44.310623 0.005105 0.720017 -1
0 -147.241577 -25.210133 69.685760 0.005105 0.793324 -1
0 -147.241577 -18.539867 69.685760 0.005105 0.720017 -1
0 -121.761452 -25.210133 69.685768 0.065513 0.793324 -1
0 -121.761452 -18.539867 69.685768 0.065513 0.720017 -1
0 -121.761452 -25.210133 44.310623 0.065513 0.793324 -1
0 -121.761452 -18.539867 44.310623 0.065513 0.720017 -1
0 -147.241577 -16.460133 44.310623 0.005105 0.697161 -1
0 -147.241577 -9.789867 44.310623 0.005105 0.623854 -1
0 -147.241577 -16.460133 69.685760 0.005105 0.697161 -1
0 -147.241577 -9.789867 69.685760 0.005105 0.623854 -1
0 -121.761452 -16.460133 69.685768 0.065513 0.697161 -1
0 -121.761452 -9.789867 69.685768 0.065513 0.623854 -1
0 -121.761452 -16.460133 44.310623 0.065513 0.697161 -1
0 -121.761452 -9.789867 44.310623 0.065513 0.623854 -1
0 -147.241577 -7.710135 44.310623 0.005105 0.600997 -1
0 -147.241577 -1.039867 44.310623 0.005105 0.527690 -1
0 -147.241577 -7.710135 69.685760 0.005105 0.600997 -1
0 -147.241577 -1.039867 69.685760 0.005105 0.527690 -1
0 -121.761452 -7.710135 69.685768 0.065513 0.600997 -1
0 -121.761452 -1.039867 69.685768 0.065513 0.527690 -1
0 -121.761452 -7.710135 44.310623 0.065513 0.600997 -1
0 -121.761452 -1.039867 44.310623 0.065513 0.527690 -1
0 -147.241577 1.039865 44.310623 0.005105 0.504834 -1
0 -147.241577 7.710135 44.310623 0.005105 0.431526 -1
0 -147.241577 1.039865 69.685760 0.005105 0.504834 -1
0 -147.241577 7.710135 69.685760 0.005105 0.431526 -1
0 -121.761452 1.039865 69.685768 0.065513 0.504834 -1
0 -121.761452 7.710135 69.685768 0.065513 0.431526 -1
0 -121.761452 1.039865 44.310623 0.065513 0.504834 -1
0 -121.761452 7.710135 44.310623 0.065513 0.431526 -1
0 -147.241577 9.789865 44.310623 0.005105 0.408670 -1
0 -147.241577 16.460135 44.310623 0.005105 0.335363 -1
0 -147.241577 9.789865 69.685760 0.005105 0.408670 -1
0 -147.241577 16.460135 69.685760 0.005105 0.335363 -1
0 -121.761452 9.789865 69.685768 0.065513 0.408670 -1
0 -121.761452 16.460135 69.685768 0.065513 0.335363 -1
0 -121.761452 9.789865 44.310623 0.065513 0.408670 -1
0 -121.761452 16.460135 44.310623 0.065513 0.335363 -1
0 -147.241577 18.539865 44.310623 0.005105 0.312506 -1
0 -147.241577 25.210135 44.310623 0.005105 0.239199 -1
0 -147.241577 18.539865 69.685760 0.005105 0.312506 -1
0 -147.241577 25.210135 69.685760 0.005105 0.239199 -1
0 -121.761452 18.539865 69.685768 0.065513 0.312506 -1
0 -121.761452 25.210135 69.685768 0.065513 0.239199 -1
0 -121.761452 18.539865 44.310623 0.065513 0.312506 -1
0 -121.761452 25.210135 44.310623 0.065513 0.239199 -1
0 -147.241577 27.289865 44.310623 0.005105 0.216343 -1
0 -147.241577 33.960136 44.310623 0.005105 0.143036 -1
0 -147.241577 27.289865 69.685760 0.005105 0.216343 -1
0 -147.241577 33.960136 69.685760 0.005105 0.143036 -1
0 -121.761452 27.289865 69.685768 0.065513 0.216343 -1
0 -121.761452 33.960136 69.685768 0.065513 0.143036 -1
0 -121.761452 27.289865 44.310623 0.065513 0.216343 -1
0 -121.761452 33.960136 44.310623 0.065513 0.143036 -1
0 -147.241577 36.039864 44.310623 0.005105 0.120179 -1
0 -147.241577 42.710136 44.310623 0.005105 0.046872 -1
0 -147.241577 36.039864 69.685760 0.005105 0.120179 -1
0 -147.241577 42.710136 69.685760 0.005105 0.046872 -1
0 -121.761452 36.039864 69.685768 0.065513 0.120179 -1
0 -121.761452 42.710136 69.685768 0.065513 0.046872 -1
0 -121.761452 36.039864 44.310623 0.065513 0.120179 -1
0 -121.761452 42.710136 44.310623 0.065513 0.046872 -1
0 -143.408279 -42.710133 107.310623 0.005105 0.985651 -1
0 -143.408279 -36.039867 107.310623 0.005105 0.912344 -1
0 -143.408279 -42.710133 132.685745 0.005105 0.985651 -1
0 -143.408279 -36.039867 132.685745 0.005105 0.912344 -1
0 -117.928123 -42.710133 132.685745 0.065513 0.985651 -1
0 -117.928123 -36.039867 132.685745 0.065513 0.912344 -1
0 -117.928116 -42.710133 107.310631 0.065513 0.985651 -1
0 -117.928116 -36.039867 107.310631 0.065513 0.912344 -1
0 -143.408279 -33.960133 107.310623 0.005105 0.889488 -1
0 -143.408279 -27.289867 107.310623 0.005105 0.816181 -1
0 -143.408279 -33.960133 132.685745 0.005105 0.889488 -1
0 -143.408279 -27.289867 132.685745 0.005105 0.816181 -1
0 -117.928123 -33.960133 132.685745 0.065513 0.889488 -1
0 -117.928123 -27.289867 132.685745 0.065513 0.816181 -1
0 -117.928116 -33.960133 107.310631 0.065513 0.889488 -1
0 -117.928116 -27.289867 107.310631 0.065513 0.816181 -1
0 -143.408279 -25.210133 107.310623 0.005105 0.793324 -1
0 -143.408279 -18.539867 107.310623 0.005105 0.720017 -1
0 -143.408279 -25.210133 132.685745 0.005105 0.793324 -1
0 -143.408279 -18.539867 132.685745 0.005105 0.720017 -1
0 -117.928123 -25.210133 132.685745 0.065513 0.793324 -1
0 -117.928123 -18.539867 132.685745 0.065513 0.720017 -1
0 -117.928116 -25.210133 107.310631 0.065513 0.793324 -1
0 -117.928116 -18.539867 107.310631 0.065513 0.720017 -1
0 -143.408279 -16.460133 107.310623 0.005105 0.697161 -1
0 -143.408279 -9.789867 107.310623 0.005105 0.623854 -1
0 -143.408279 -16.460133 132.685745 0.005105 0.697161 -1
0 -143.408279 -9.789867 132.685745 0.005105 0.623854 -1
0 -117.928123 -16.460133 132.685745 0.065513 0.697161 -1
0 -117.928123 -9.789867 132.685745 0.065513 0.623854 -1
0 -117.928116 -16.460133 107.310631 0.065513 0.697161 -1
0 -117.928116 -9.789867 107.310631 0.065513 0.623854 -1
0 -143.408279 -7.710135 107.310623 0.005105 0.600997 -1
0 -143.408279 -1.039867 107.310623 0.005105 0.527690 -1
0 -143.408279 -7.710135 132.685745 0.005105 0.600997 -1
0 -143.408279 -1.039867 132.685745 0.005105 0.527690 -1
0 -117.928123 -7.710135 132.685745 0.065513 0.600997 -1
0 -117.928123 -1.039867 132.685745 0.065513 0.527690 -1
0 -117.928116 -7.710135 107.310631 0.065513 0.600997 -1
0 -117.928116 -1.039867 107.310631 0.065513 0.527690 -1
0 -143.408279 1.039865 107.310623 0.005105 0.504834 -1
0 -143.408279 7.710135 107.310623 0.005105 0.431526 -1
0 -143.408279 1.039865 132.685745 0.005105 0.504834 -1
0 -143.408279 7.710135 132.685745 0.005105 0.431526 -1
0 -117.928123 1.039865 132.685745 0.065513 0.504834 -1
0 -117.928123 7.710135 132.685745 0.065513 0.431526 -1
0 -117.928116 1.039865 107.310631 0.065513 0.504834 -1
0 -117.928116 7.710135 107.310631 0.065513 0.431526 -1
0 -143.408279 9.789865 107.310623 0.005105 0.408670 -1
0 -143.408279 16.460135 107.310623 0.005105 0.335363 -1
0 -143.408279 9.789865 132.685745 0.005105 0.408670 -1
0 -143.408279 16.460135 132.685745 0.005105 0.335363 -1
0 -117.928123 9.789865 132.685745 0.065513 0.408670 -1
0 -117.928123 16.460135 132.685745 0.065513 0.335363 -1
0 -117.928116 9.789865 107.310631 0.065513 0.408670 -1
0 -117.928116 16.460135 107.310631 0.065513 0.335363 -1
0 -143.408279 18.539865 107.310623 0.005105 0.312506 -1
0 -143.408279 25.210135 107.310623 0.005105 0.239199 -1
0 -143.408279 18.539865 132.685745 0.005105 0.312506 -1
0 -143.408279 25.210135 132.685745 0.005105 0.239199 -1
0 -117.928123 18.539865 132.685745 0.065513 0.312506 -1
0 -117.928123 25.210135 132.685745 0.065513 0.239199 -1
0 -117.928116 18.539865 107.310631 0.065513 0.312506 -1
0 -117.928116 25.210135 107.310631 0.065513 0.239199 -1
0 -143.408279 27.289865 107.310623 0.005105 0.216343 -1
0 -143.408279 33.960136 107.310623 0.005105 0.143036 -1
0 -143.408279 27.289865 132.685745 0.005105 0.216343 -1
0 -143.408279 33.960136 132.685745 0.005105 0.143036 -1
0 -117.928123 27.289865 132.685745 0.065513 0.216343 -1
0 -117.928123 33.960136 132.685745 0.065513 0.143036 -1
0 -117.928116 27.289865 107.310631 0.065513 0.216343 -1
0 -117.928116 33.960136 107.310631 0.065513 0.143036 -1
0 -143.408279 36.039864 107.310623 0.005105 0.120179 -1
0 -143.408279 42.710136 107.310623 0.005105 0.046872 -1
0 -143.408279 36.039864 132.685745 0.005105 0.120179 -1
0 -143.408279 42.710136 132.685745 0.005105 0.046872 -1
0 -117.928123 36.039864 132.685745 0.065513 0.120179 -1
0 -117.928123 42.710136 132.685745 0.065513 0.046872 -1
0 -117.928116 36.039864 107.310631 0.065513 0.120179 -1
0 -117.928116 42.710136 107.310631 0.065513 0.046872 -1
0 -82.241615 -42.710133 128.143982 0.005105 0.985651 -1
0 -82.241615 -36.039867 128.143982 0.005105 0.912344 -1
0 -82.241623 -42.710133 153.519104 0.005105 0.985651 -1
0 -82.241623 -36.039867 153.519104 0.005105 0.912344 -1
0 -56.761459 -42.710133 153.519104 0.065513 0.985651 -1
0 -56.761459 -36.039867 153.519104 0.065513 0.912344 -1
0 -56.761456 -42.710133 128.143982 0.065513 0.985651 -1
0 -56.761456 -36.039867 128.143982 0.065513 0.912344 -1
0 -82.241615 -33.960133 128.143982 0.005105 0.889488 -1
0 -82.241615 -27.289867 128.143982 0.005105 0.816181 -1
0 -82.241623 -33.960133 153.519104 0.005105 0.889488 -1
0 -82.241623 -27.289867 153.519104 0.005105 0.816181 -1
0 -56.761459 -33.960133 153.519104 0.065513 0.889488 -1
0 -56.761459 -27.289867 153.519104 0.065513 0.816181 -1
0 -56.761456 -33.960133 128.143982 0.065513 0.889488 -1
0 -56.761456 -27.289867 128.143982 0.065513 0.816181 -1
0 -82.241615 -25.210133 128.143982 0.005105 0.793324 -1
0 -82.241615 -18.539867 128.143982 0.005105 0.720017 -1
0 -82.241623 -25.210133 153.519104 0.005105 0.793324 -1
0 -82.241623 -18.539867 153.519104 0.005105 0.720017 -1
0 -56.761459 -25.210133 153.519104 0.065513 0.793324 -1
0 -56.761459 -18.539867 153.519104 0.065513 0.720017 -1
0 -56.761456 -25.210133 128.143982 0.065513 0.793324 -1
0 -56.761456 -18.539867 128.143982 0.065513 0.720017 -1
0 -82.241615 -16.460133 128.143982 0.005105 0.697161 -1
0 -82.241615 -9.789867 128.143982 0.005105 0.623854 -1
0 -82.241623 -16.460133 153.519104 0.005105 0.697161 -1
0 -82.241623 -9.789867 153.519104 0.005105 0.623854 -1
0 -56.761459 -16.460133 153.519104 0.065513 0.697161 -1
0 -56.761459 -9.789867 153.519104 0.065513 0.623854 -1
0 -56.761456 -16.460133 128.143982 0.065513 0.697161 -1
0 -56.761456 -9.789867 128.143982 0.065513 0.623854 -1
0 -82.241615 -7.710135 128.143982 0.005105 0.600997 -1
0 -82.241615 -1.039867 128.143982 0.005105 0.527690 -1
0 -82.241623 -7.710135 153.519104 0.005105 0.600997 -1
0 -82.241623 -1.039867 153.519104 0.005105 0.527690 -1
0 -56.761459 -7.710135 153.519104 0.065513 0.600997 -1
0 -56.761459 -1.039867 153.519104 0.065513 0.527690 -1
0 -56.761456 -7.710135 128.143982 0.065513 0.600997 -1
0 -56.761456 -1.039867 128.143982 0.065513 0.527690 -1
0 -82.241615 1.039865 128.143982 0.005105 0.504834 -1
0 -82.241615 7.710135 128.143982 0.005105 0.431526 -1
0 -82.241623 1.039865 153.519104 0.005105 0.504834 -1
0 -82.241623 7.710135 153.519104 0.005105 0.431526 -1
0 -56.761459 1.039865 153.519104 0.065513 0.504834 -1
0 -56.761459 7.710135 153.519104 0.065513 0.431526 -1
0 -56.761456 1.039865 128.143982 0.065513 0.504834 -1
0 -56.761456 7.710135 128.143982 0.065513 0.431526 -1
0 -82.241615 9.789865 128.143982 0.005105 0.408670 -1
0 -82.241615 16.460135 128.143982 0.005105 0.335363 -1
0 -82.241623 9.789865 153.519104 0.005105 0.408670 -1
0 -82.241623 16.460135 153.519104 0.005105 0.335363 -1
0 -56.761459 9.789865 153.519104 0.065513 0.408670 -1
0 -56.761459 16.460135 153.519104 0.065513 0.335363 -1
0 -56.761456 9.789865 128.143982 0.065513 0.408670 -1
0 -56.761456 16.460135 128.143982 0.065513 0.335363 -1
0 -82.241615 18.539865 128.143982 0.005105 0.312506 -1
0 -82.241615 25.210135 128.143982 0.005105 0.239199 -1
0 -82.241623 18.539865 153.519104 0.005105 0.312506 -1
0 -82.241623 25.210135 153.519104 0.005105 0.239199 -1
0 -56.761459 18.539865 153.519104 0.065513 0.312506 -1
0 -56.761459 25.210135 153.519104 0.065513 0.239199 -1
0 -56.761456 18.539865 128.143982 0.065513 0.312506 -1
0 -56.761456 25.210135 128.143982 0.065513 0.239199 -1
0 -82.241615 27.289865 128.143982 0.005105 0.216343 -1
0 -82.241615 33.960136 128.143982 0.005105 0.143036 -1
0 -82.241623 27.289865 153.519104 0.005105 0.216343 -1
0 -82.241623 33.960136 153.519104 0.005105 0.143036 -1
0 -56.761459 27.289865 153.519104 0.065513 0.216343 -1
0 -56.761459 33.960136 153.519104 0.065513 0.143036 -1
0 -56.761456 27.289865 128.143982 0.065513 0.216343 -1
0 -56.761456 33.960136 128.143982 0.065513 0.143036 -1
0 -82.241615 36.039864 128.143982 0.005105 0.120179 -1
0 -82.241615 42.710136 128.143982 0.005105 0.046872 -1
0 -82.241623 36.039864 153.519104 0.005105 0.120179 -1
0 -82.241623 42.710136 153.519104 0.005105 0.046872 -1
0 -56.761459 36.039864 153.519104 0.065513 0.120179 -1
0 -56.761459 42.710136 153.519104 0.065513 0.046872 -1
0 -56.761456 36.039864 128.143982 0.065513 0.120179 -1
0 -56.761456 42.710136 128.143982 0.065513 0.046872 -1
13
1 0 0
0 0 -1
-1 0 0
0 0 1
0 0 -1
0 0 -1
-1 0 -0
-0 0 1
-1 0 -0
1 0 0
-1 0 -0
1 0 0
-1 0 -0
240
0 0 1 2 0 0 0 1
0 1 3 2 0 0 0 1
0 2 3 4 1 1 1 2
0 3 5 4 1 1 1 2
0 4 5 6 2 2 2 1
0 5 7 6 2 2 2 1
0 6 7 0 3 3 3 2
0 7 1 0 3 3 3 2
0 8 9 10 0 0 0 1
0 9 11 10 0 0 0 1
0 10 11 12 1 1 1 2
0 11 13 12 1 1 1 2
0 12 13 14 2 2 2 1
0 13 15 14 2 2 2 1
0 14 15 8 3 3 3 2
0 15 9 8 3 3 3 2
0 16 17 18 0 0 0 1
0 17 19 18 0 0 0 1
0 18 19 20 1 1 1 2
0 19 21 20 1 1 1 2
0 20 21 22 2 2 2 1
0 21 23 22 2 2 2 1
0 22 23 16 3 3 3 2
0 23 17 16 3 3 3 2
0 24 25 26 0 0 0 1
0 25 27 26 0 0 0 1
0 26 27 28 1 1 1 2
0 27 29 28 1 1 1 2
0 28 29 30 2 2 2 1
0 29 31 30 2 2 2 1
0 30 31 24 3 3 3 2
0 31 25 24 3 3 3 2
0 32 33 34 0 0 0 1
0 33 35 34 0 0 0 1
0 34 35 36 1 1 1 2
0 35 37 36 1 1 1 2
0 36 37 38 2 2 2 1
0 37 39 38 2 2 2 1
0 38 39 32 3 3 3 2
0 39 33 32 3 3 3 2
0 40 41 42 0 0 0 1
0 41 43 42 0 0 0 1
0 42 43 44 1 1 1 2
0 43 45 44 1 1 1 2
0 44 45 46 2 2 2 1
0 45 47 46 2 2 2 1
0 46 47 40 3 3 3 2
0 47 41 40 3 3 3 2
0 48 49 50 0 0 0 1
0 49 51 50 0 0 0 1
0 50 51 52 1 1 1 2
0 51 53 52 1 1 1 2
0 52 53 54 2 2 2 1
0 53 55 54 2 2 2 1
0 54 55 48 3 3 3 2
0 55 49 48 3 3 3 2
0 56 57 58 0 0 0 1
0 57 59 58 0 0 0 1
0 58 59 60 4 4 4 2
0 59 61 60 4 4 4 2
0 60 61 62 2 2 2 1
0 61 63 62 2 2 2 1
0 62 63 56 3 3 3 2
0 63 57 56 3 3 3 2
0 64 65 66 0 0 0 1
0 65 67 66 0 0 0 1
0 66 67 68 4 4 4 2
0 67 69 68 4 4 4 2
0 68 69 70 2 2 2 1
0 69 71 70 2 2 2 1
0 70 71 64 3 3 3 2
0 71 65 64 3 3 3 2
0 72 73 74 0 0 0 1
0 73 75 74 0 0 0 1
0 74 75 76 4 4 4 2
0 75 77 76 4 4 4 2
0 76 77 78 2 2 2 1
0 77 79 78 2 2 2 1
0 78 79 72 3 3 3 2
0 79 73 72 3 3 3 2
0 80 81 82 0 0 0 1
0 81 83 82 0 0 0 1
0 82 83 84 5 5 5 2
0 83 85 84 5 5 5 2
0 84 85 86 6 6 6 1
0 85 87 86 6 6 6 1
0 86 87 80 7 7 7 2
0 87 81 80 7 7 7 2
0 88 89 90 0 0 0 1
0 89 91 90 0 0 0 1
0 90 91 92 5 5 5 2
0 91 93 92 5 5 5 2
0 92 93 94 6 6 6 1
0 93 95 94 6 6 6 1
0 94 95 88 7 7 7 2
0 95 89 88 7 7 7 2
0 96 97 98 0 0 0 1
0 97 99 98 0 0 0 1
0 98 99 100 5 5 5 2
0 99 101 100 5 5 5 2
0 100 101 102 6 6 6 1
0 101 103 102 6 6 6 1
0 102 103 96 7 7 7 2
0 103 97 96 7 7 7 2
0 104 105 106 0 0 0 1
0 105 107 106 0 0 0 1
0 106 107 108 5 5 5 2
0 107 109 108 5 5 5 2
0 108 109 110 6 6 6 1
0 109 111 110 6 6 6 1
0 110 111 104 7 7 7 2
0 111 105 104 7 7 7 2
0 112 113 114 0 0 0 1
0 113 115 114 0 0 0 1
0 114 115 116 5 5 5 2
0 115 117 116 5 5 5 2
0 116 117 118 6 6 6 1
0 117 119 118 6 6 6 1
0 118 119 112 7 7 7 2
0 119 113 112 7 7 7 2
0 120 121 122 0 0 0 1
0 121 123 122 0 0 0 1
0 122 123 124 5 5 5 2
0 123 125 124 5 5 5 2
0 124 125 126 6 6 6 1
0 125 127 126 6 6 6 1
0 126 127 120 7 7 7 2
0 127 121 120 7 7 7 2
0 128 129 130 0 0 0 1
0 129 131 130 0 0 0 1
0 130 131 132 5 5 5 2
0 131 133 132 5 5 5 2
0 132 133 134 6 6 6 1
0 133 135 134 6 6 6 1
0 134 135 128 7 7 7 2
0 135 129 128 7 7 7 2
0 136 137 138 0 0 0 1
0 137 139 138 0 0 0 1
0 138 139 140 5 5 5 2
0 139 141 140 5 5 5 2
0 140 141 142 8 8 8 1
0 141 143 142 8 8 8 1
0 142 143 136 7 7 7 2
0 143 137 136 7 7 7 2
0 144 145 146 0 0 0 1
0 145 147 146 0 0 0 1
0 146 147 148 5 5 5 2
0 147 149 148 5 5 5 2
0 148 149 150 8 8 8 1
0 149 151 150 8 8 8 1
0 150 151 144 7 7 7 2
0 151 145 144 7 7 7 2
0 152 153 154 0 0 0 1
0 153 155 154 0 0 0 1
0 154 155 156 5 5 5 2
0 155 157 156 5 5 5 2
0 156 157 158 6 6 6 1
0 157 159 158 6 6 6 1
0 158 159 152 7 7 7 2
0 159 153 152 7 7 7 2
0 160 161 162 9 9 9 1
0 161 163 162 9 9 9 1
0 162 163 164 5 5 5 2
0 163 165 164 5 5 5 2
0 164 165 166 10 10 10 1
0 165 167 166 10 10 10 1
0 166 167 160 3 3 3 2
0 167 161 160 3 3 3 2
0 168 169 170 9 9 9 1
0 169 171 170 9 9 9 1
0 170 171 172 5 5 5 2
0 171 173 172 5 5 5 2
0 172 173 174 10 10 10 1
0 173 175 174 10 10 10 1
0 174 175 168 3 3 3 2
0 175 169 168 3 3 3 2
0 176 177 178 9 9 9 1
0 177 179 178 9 9 9 1
0 178 179 180 5 5 5 2
0 179 181 180 5 5 5 2
0 180 181 182 10 10 10 1
0 181 183 182 10 10 10 1
0 182 183 176 3 3 3 2
0 183 177 176 3 3 3 2
0 184 185 186 9 9 9 1
0 185 187 186 9 9 9 1
0 186 187 188 5 5 5 2
0 187 189 188 5 5 5 2
0 188 189 190 10 10 10 1
0 189 191 190 10 10 10 1
0 190 191 184 3 3 3 2
0 191 185 184 3 3 3 2
0 192 193 194 11 11 11 1
0 193 195 194 11 11 11 1
0 194 195 196 5 5 5 2
0 195 197 196 5 5 5 2
0 196 197 198 12 12 12 1
0 197 199 198 12 12 12 1
0 198 199 192 3 3 3 2
0 199 193 192 3 3 3 2
0 200 201 202 9 9 9 1
0 201 203 202 9 9 9 1
0 202 203 204 5 5 5 2
0 203 205 204 5 5 5 2
0 204 205 206 10 10 10 1
0 205 207 206 10 10 10 1
0 206 207 200 3 3 3 2
0 207 201 200 3 3 3 2
0 208 209 210 9 9 9 1
0 209 211 210 9 9 9 1
0 210 211 212 5 5 5 2
0 211 213 212 5 5 5 2
0 212 213 214 10 10 10 1
0 213 215 214 10 10 10 1
0 214 215 208 3 3 3 2
0 215 209 208 3 3 3 2
0 216 217 218 11 11 11 1
0 217 219 218 11 11 11 1
0 218 219 220 5 5 5 2
0 219 221 220 5 5 5 2
0 220 221 222 12 12 12 1
0 221 223 222 12 12 12 1
0 222 223 216 3 3 3 2
0 223 217 216 3 3 3 2
0 224 225 226 11 11 11 1
0 225 227 226 11 11 11 1
0 226 227 228 5 5 5 2
0 227 229 228 5 5 5 2
0 228 229 230 12 12 12 1
0 229 231 230 12 12 12 1
0 230 231 224 3 3 3 2
0 231 225 224 3 3 3 2
0 232 233 234 11 11 11 1
0 233 235 234 11 11 11 1
0 234 235 236 5 5 5 2
0 235 237 236 5 5 5 2
0 236 237 238 12 12 12 1
0 237 239 238 12 12 12 1
0 238 239 232 3 3 3 2
0 239 233 232 3 3 3 2
"Regroup05" 0 0
240
0 -147.241577 -36.039867 -44.310635 0.005105 0.912344 -1
0 -147.241577 -42.710133 -44.310635 0.005105 0.985651 -1
0 -147.241577 -42.710133 -69.685776 0.005105 0.985651 -1
0 -147.241577 -36.039867 -69.685776 0.005105 0.912344 -1
0 -121.761444 -42.710133 -69.685776 0.065513 0.985651 -1
0 -121.761444 -36.039867 -69.685776 0.065513 0.912344 -1
0 -121.761444 -42.710133 -44.310635 0.065513 0.985651 -1
0 -121.761444 -36.039867 -44.310635 0.065513 0.912344 -1
0 -147.241577 -27.289867 -44.310635 0.005105 0.816181 -1
0 -147.241577 -33.960133 -44.310635 0.005105 0.889488 -1
0 -147.241577 -33.960133 -69.685776 0.005105 0.889488 -1
0 -147.241577 -27.289867 -69.685776 0.005105 0.816181 -1
0 -121.761444 -33.960133 -69.685776 0.065513 0.889488 -1
0 -121.761444 -27.289867 -69.685776 0.065513 0.816181 -1
0 -121.761444 -33.960133 -44.310635 0.065513 0.889488 -1
0 -121.761444 -27.289867 -44.310635 0.065513 0.816181 -1
0 -147.241577 -18.539867 -44.310635 0.005105 0.720017 -1
0 -147.241577 -25.210133 -44.310635 0.005105 0.793324 -1
0 -147.241577 -25.210133 -69.685776 0.005105 0.793324 -1
0 -147.241577 -18.539867 -69.685776 0.005105 0.720017 -1
0 -121.761444 -25.210133 -69.685776 0.065513 0.793324 -1
0 -121.761444 -18.539867 -69.685776 0.065513 0.720017 -1
0 -121.761444 -25.210133 -44.310635 0.065513 0.793324 -1
0 -121.761444 -18.539867 -44.310635 0.065513 0.720017 -1
0 -147.241577 -9.789867 -44.310635 0.005105 0.623854 -1
0 -147.241577 -16.460133 -44.310635 0.005105 0.697161 -1
0 -147.241577 -16.460133 -69.685776 0.005105 0.697161 -1
0 -147.241577 -9.789867 -69.685776 0.005105 0.623854 -1
0 -121.761444 -16.460133 -69.685776 0.065513 0.697161 -1
0 -121.761444 -9.789867 -69.685776 0.065513 0.623854 -1
0 -121.761444 -16.460133 -44.310635 0.065513 0.697161 -1
0 -121.761444 -9.789867 -44.310635 0.065513 0.623854 -1
0 -147.241577 -1.039867 -44.310635 0.005105 0.527690 -1
0 -147.241577 -7.710135 -44.310635 0.005105 0.600997 -1
0 -147.241577 -7.710135 -69.685776 0.005105 0.600997 -1
0 -147.241577 -1.039867 -69.685776 0.005105 0.527690 -1
0 -121.761444 -7.710135 -69.685776 0.065513 0.600997 -1
0 -121.761444 -1.039867 -69.685776 0.065513 0.527690 -1
0 -121.761444 -7.710135 -44.310635 0.065513 0.600997 -1
0 -121.761444 -1.039867 -44.310635 0.065513 0.527690 -1
0 -147.241577 7.710135 -44.310635 0.005105 0.431526 -1
0 -147.241577 1.039865 -44.310635 0.005105 0.504834 -1
0 -147.241577 1.039865 -69.685776 0.005105 0.504834 -1
0 -147.241577 7.710135 -69.685776 0.005105 0.431526 -1
0 -121.761444 1.039865 -69.685776 0.065513 0.504834 -1
0 -121.761444 7.710135 -69.685776 0.065513 0.431526 -1
0 -121.761444 1.039865 -44.310635 0.065513 0.504834 -1
0 -121.761444 7.710135 -44.310635 0.065513 0.431526 -1
0 -147.241577 16.460135 -44.310635 0.005105 0.335363 -1
0 -147.241577 9.789865 -44.310635 0.005105 0.408670 -1
0 -147.241577 9.789865 -69.685776 0.005105 0.408670 -1
0 -147.241577 16.460135 -69.685776 0.005105 0.335363 -1
0 -121.761444 9.789865 -69.685776 0.065513 0.408670 -1
0 -121.761444 16.460135 -69.685776 0.065513 0.335363 -1
0 -121.761444 9.789865 -44.310635 0.065513 0.408670 -1
0 -121.761444 16.460135 -44.310635 0.065513 0.335363 -1
0 -147.241577 25.210135 -44.310635 0.005105 0.239199 -1
0 -147.241577 18.539865 -44.310635 0.005105 0.312506 -1
0 -147.241577 18.539865 -69.685776 0.005105 0.312506 -1
0 -147.241577 25.210135 -69.685776 0.005105 0.239199 -1
0 -121.761444 18.539865 -69.685776 0.065513 0.312506 -1
0 -121.761444 25.210135 -69.685776 0.065513 0.239199 -1
0 -121.761444 18.539865 -44.310635 0.065513 0.312506 -1
0 -121.761444 25.210135 -44.310635 0.065513 0.239199 -1
0 -147.241577 33.960136 -44.310635 0.005105 0.143036 -1
0 -147.241577 27.289865 -44.310635 0.005105 0.216343 -1
0 -147.241577 27.289865 -69.685776 0.005105 0.216343 -1
0 -147.241577 33.960136 -69.685776 0.005105 0.143036 -1
0 -121.761444 27.289865 -69.685776 0.065513 0.216343 -1
0 -121.761444 33.960136 -69.685776 0.065513 0.143036 -1
0 -121.761444 27.289865 -44.310635 0.065513 0.216343 -1
0 -121.761444 33.960136 -44.310635 0.065513 0.143036 -1
0 -147.241577 42.710136 -44.310635 0.005105 0.046872 -1
0 -147.241577 36.039864 -44.310635 0.005105 0.120179 -1
0 -147.241577 36.039864 -69.685776 0.005105 0.120179 -1
0 -147.241577 42.710136 -69.685776 0.005105 0.046872 -1
0 -121.761444 36.039864 -69.685776 0.065513 0.120179 -1
0 -121.761444 42.710136 -69.685776 0.065513 0.046872 -1
0 -121.761444 36.039864 -44.310635 0.065513 0.120179 -1
0 -121.761444 42.710136 -44.310635 0.065513 0.046872 -1
0 -143.408264 -36.039867 -107.310638 0.005105 0.912344 -1
0 -143.408264 -42.710133 -107.310638 0.005105 0.985651 -1
0 -143.408264 -42.710133 -132.685760 0.005105 0.985651 -1
0 -143.408264 -36.039867 -132.685760 0.005105 0.912344 -1
0 -117.928108 -42.710133 -132.685760 0.065513 0.985651 -1
0 -117.928108 -36.039867 -132.685760 0.065513 0.912344 -1
0 -117.928108 -42.710133 -107.310638 0.065513 0.985651 -1
0 -117.928108 -36.039867 -107.310638 0.065513 0.912344 -1
0 -143.408264 -27.289867 -107.310638 0.005105 0.816181 -1
0 -143.408264 -33.960133 -107.310638 0.005105 0.889488 -1
0 -143.408264 -33.960133 -132.685760 0.005105 0.889488 -1
0 -143.408264 -27.289867 -132.685760 0.005105 0.816181 -1
0 -117.928108 -33.960133 -132.685760 0.065513 0.889488 -1
0 -117.928108 -27.289867 -132.685760 0.065513 0.816181 -1
0 -117.928108 -33.960133 -107.310638 0.065513 0.889488 -1
0 -117.928108 -27.289867 -107.310638 0.065513 0.816181 -1
0 -143.408264 -18.539867 -107.310638 0.005105 0.720017 -1
0 -143.408264 -25.210133 -107.310638 0.005105 0.793324 -1
0 -143.408264 -25.210133 -132.685760 0.005105 0.793324 -1
0 -143.408264 -18.539867 -132.685760 0.005105 0.720017 -1
0 -117.928108 -25.210133 -132.685760 0.065513 0.793324 -1
0 -117.928108 -18.539867 -132.685760 0.065513 0.720017 -1
0 -117.928108 -25.210133 -107.310638 0.065513 0.793324 -1
0 -117.928108 -18.539867 -107.310638 0.065513 0.720017 -1
0 -143.408264 -9.789867 -107.310638 0.005105 0.623854 -1
0 -143.408264 -16.460133 -107.310638 0.005105 0.697161 -1
0 -143.408264 -16.460133 -132.685760 0.005105 0.697161 -1
0 -143.408264 -9.789867 -132.685760 0.005105 0.623854 -1
0 -117.928108 -16.460133 -132.685760 0.065513 0.697161 -1
0 -117.928108 -9.789867 -132.685760 0.065513 0.623854 -1
0 -117.928108 -16.460133 -107.310638 0.065513 0.697161 -1
0 -117.928108 -9.789867 -107.310638 0.065513 0.623854 -1
0 -143.408264 -1.039867 -107.310638 0.005105 0.527690 -1
0 -143.408264 -7.710135 -107.310638 0.005105 0.600997 -1
0 -143.408264 -7.710135 -132.685760 0.005105 0.600997 -1
0 -143.408264 -1.039867 -132.685760 0.005105 0.527690 -1
0 -117.928108 -7.710135 -132.685760 0.065513 0.600997 -1
0 -117.928108 -1.039867 -132.685760 0.065513 0.527690 -1
0 -117.928108 -7.710135 -107.310638 0.065513 0.600997 -1
0 -117.928108 -1.039867 -107.310638 0.065513 0.527690 -1
0 -143.408264 7.710135 -107.310638 0.005105 0.431526 -1
0 -143.408264 1.039865 -107.310638 0.005105 0.504834 -1
0 -143.408264 1.039865 -132.685760 0.005105 0.504834 -1
0 -143.408264 7.710135 -132.685760 0.005105 0.431526 -1
0 -117.928108 1.039865 -132.685760 0.065513 0.504834 -1
0 -117.928108 7.710135 -132.685760 0.065513 0.431526 -1
0 -117.928108 1.039865 -107.310638 0.065513 0.504834 -1
0 -117.928108 7.710135 -107.310638 0.065513 0.431526 -1
0 -143.408264 16.460135 -107.310638 0.005105 0.335363 -1
0 -143.408264 9.789865 -107.310638 0.005105 0.408670 -1
0 -143.408264 9.789865 -132.685760 0.005105 0.408670 -1
0 -143.408264 16.460135 -132.685760 0.005105 0.335363 -1
0 -117.928108 9.789865 -132.685760 0.065513 0.408670 -1
0 -117.928108 16.460135 -132.685760 0.065513 0.335363 -1
0 -117.928108 9.789865 -107.310638 0.065513 0.408670 -1
0 -117.928108 16.460135 -107.310638 0.065513 0.335363 -1
0 -143.408264 25.210135 -107.310638 0.005105 0.239199 -1
0 -143.408264 18.539865 -107.310638 0.005105 0.312506 -1
0 -143.408264 18.539865 -132.685760 0.005105 0.312506 -1
0 -143.408264 25.210135 -132.685760 0.005105 0.239199 -1
0 -117.928108 18.539865 -132.685760 0.065513 0.312506 -1
0 -117.928108 25.210135 -132.685760 0.065513 0.239199 -1
0 -117.928108 18.539865 -107.310638 0.065513 0.312506 -1
0 -117.928108 25.210135 -107.310638 0.065513 0.239199 -1
0 -143.408264 33.960136 -107.310638 0.005105 0.143036 -1
0 -143.408264 27.289865 -107.310638 0.005105 0.216343 -1
0 -143.408264 27.289865 -132.685760 0.005105 0.216343 -1
0 -143.408264 33.960136 -132.685760 0.005105 0.143036 -1
0 -117.928108 27.289865 -132.685760 0.065513 0.216343 -1
0 -117.928108 33.960136 -132.685760 0.065513 0.143036 -1
0 -117.928108 27.289865 -107.310638 0.065513 0.216343 -1
0 -117.928108 33.960136 -107.310638 0.065513 0.143036 -1
0 -143.408264 42.710136 -107.310638 0.005105 0.046872 -1
0 -143.408264 36.039864 -107.310638 0.005105 0.120179 -1
0 -143.408264 36.039864 -132.685760 0.005105 0.120179 -1
0 -143.408264 42.710136 -132.685760 0.005105 0.046872 -1
0 -117.928108 36.039864 -132.685760 0.065513 0.120179 -1
0 -117.928108 42.710136 -132.685760 0.065513 0.046872 -1
0 -117.928108 36.039864 -107.310638 0.065513 0.120179 -1
0 -117.928108 42.710136 -107.310638 0.065513 0.046872 -1
0 -82.241608 -36.039867 -128.143982 0.005105 0.912344 -1
0 -82.241608 -42.710133 -128.143982 0.005105 0.985651 -1
0 -82.241608 -42.710133 -153.519104 0.005105 0.985651 -1
0 -82.241608 -36.039867 -153.519104 0.005105 0.912344 -1
0 -56.761444 -42.710133 -153.519104 0.065513 0.985651 -1
0 -56.761444 -36.039867 -153.519104 0.065513 0.912344 -1
0 -56.761444 -42.710133 -128.143982 0.065513 0.985651 -1
0 -56.761444 -36.039867 -128.143982 0.065513 0.912344 -1
0 -82.241608 -27.289867 -128.143982 0.005105 0.816181 -1
0 -82.241608 -33.960133 -128.143982 0.005105 0.889488 -1
0 -82.241608 -33.960133 -153.519104 0.005105 0.889488 -1
0 -82.241608 -27.289867 -153.519104 0.005105 0.816181 -1
0 -56.761444 -33.960133 -153.519104 0.065513 0.889488 -1
0 -56.761444 -27.289867 -153.519104 0.065513 0.816181 -1
0 -56.761444 -33.960133 -128.143982 0.065513 0.889488 -1
0 -56.761444 -27.289867 -128.143982 0.065513 0.816181 -1
0 -82.241608 -18.539867 -128.143982 0.005105 0.720017 -1
0 -82.241608 -25.210133 -128.143982 0.005105 0.793324 -1
0 -82.241608 -25.210133 -153.519104 0.005105 0.793324 -1
0 -82.241608 -18.539867 -153.519104 0.005105 0.720017 -1
0 -56.761444 -25.210133 -153.519104 0.065513 0.793324 -1
0 -56.761444 -18.539867 -153.519104 0.065513 0.720017 -1
0 -56.761444 -25.210133 -128.143982 0.065513 0.793324 -1
0 -56.761444 -18.539867 -128.143982 0.065513 0.720017 -1
0 -82.241608 -9.789867 -128.143982 0.005105 0.623854 -1
0 -82.241608 -16.460133 -128.143982 0.005105 0.697161 -1
0 -82.241608 -16.460133 -153.519104 0.005105 0.697161 -1
0 -82.241608 -9.789867 -153.519104 0.005105 0.623854 -1
0 -56.761444 -16.460133 -153.519104 0.065513 0.697161 -1
0 -56.761444 -9.789867 -153.519104 0.065513 0.623854 -1
0 -56.761444 -16.460133 -128.143982 0.065513 0.697161 -1
0 -56.761444 -9.789867 -128.143982 0.065513 0.623854 -1
0 -82.241608 -1.039867 -128.143982 0.005105 0.527690 -1
0 -82.241608 -7.710135 -128.143982 0.005105 0.600997 -1
0 -82.241608 -7.710135 -153.519104 0.005105 0.600997 -1
0 -82.241608 -1.039867 -153.519104 0.005105 0.527690 -1
0 -56.761444 -7.710135 -153.519104 0.065513 0.600997 -1
0 -56.761444 -1.039867 -153.519104 0.065513 0.527690 -1
0 -56.761444 -7.710135 -128.143982 0.065513 0.600997 -1
0 -56.761444 -1.039867 -128.143982 0.065513 0.527690 -1
0 -82.241608 7.710135 -128.143982 0.005105 0.431526 -1
0 -82.241608 1.039865 -128.143982 0.005105 0.504834 -1
0 -82.241608 1.039865 -153.519104 0.005105 0.504834 -1
0 -82.241608 7.710135 -153.519104 0.005105 0.431526 -1
0 -56.761444 1.039865 -153.519104 0.065513 0.504834 -1
0 -56.761444 7.710135 -153.519104 0.065513 0.431526 -1
0 -56.761444 1.039865 -128.143982 0.065513 0.504834 -1
0 -56.761444 7.710135 -128.143982 0.065513 0.431526 -1
0 -82.241608 16.460135 -128.143982 0.005105 0.335363 -1
0 -82.241608 9.789865 -128.143982 0.005105 0.408670 -1
0 -82.241608 9.789865 -153.519104 0.005105 0.408670 -1
0 -82.241608 16.460135 -153.519104 0.005105 0.335363 -1
0 -56.761444 9.789865 -153.519104 0.065513 0.408670 -1
0 -56.761444 16.460135 -153.519104 0.065513 0.335363 -1
0 -56.761444 9.789865 -128.143982 0.065513 0.408670 -1
0 -56.761444 16.460135 -128.143982 0.065513 0.335363 -1
0 -82.241608 25.210135 -128.143982 0.005105 0.239199 -1
0 -82.241608 18.539865 -128.143982 0.005105 0.312506 -1
0 -82.241608 18.539865 -153.519104 0.005105 0.312506 -1
0 -82.241608 25.210135 -153.519104 0.005105 0.239199 -1
0 -56.761444 18.539865 -153.519104 0.065513 0.312506 -1
0 -56.761444 25.210135 -153.519104 0.065513 0.239199 -1
0 -56.761444 18.539865 -128.143982 0.065513 0.312506 -1
0 -56.761444 25.210135 -128.143982 0.065513 0.239199 -1
0 -82.241608 33.960136 -128.143982 0.005105 0.143036 -1
0 -82.241608 27.289865 -128.143982 0.005105 0.216343 -1
0 -82.241608 27.289865 -153.519104 0.005105 0.216343 -1
0 -82.241608 33.960136 -153.519104 0.005105 0.143036 -1
0 -56.761444 27.289865 -153.519104 0.065513 0.216343 -1
0 -56.761444 33.960136 -153.519104 0.065513 0.143036 -1
0 -56.761444 27.289865 -128.143982 0.065513 0.216343 -1
0 -56.761444 33.960136 -128.143982 0.065513 0.143036 -1
0 -82.241608 42.710136 -128.143982 0.005105 0.046872 -1
0 -82.241608 36.039864 -128.143982 0.005105 0.120179 -1
0 -82.241608 36.039864 -153.519104 0.005105 0.120179 -1
0 -82.241608 42.710136 -153.519104 0.005105 0.046872 -1
0 -56.761444 36.039864 -153.519104 0.065513 0.120179 -1
0 -56.761444 42.710136 -153.519104 0.065513 0.046872 -1
0 -56.761444 36.039864 -128.143982 0.065513 0.120179 -1
0 -56.761444 42.710136 -128.143982 0.065513 0.046872 -1
4
1 0 0
0 0 1
-1 0 0
0 0 -1
240
0 0 1 2 0 0 0 1
0 3 0 2 0 0 0 1
0 3 2 4 1 1 1 2
0 5 3 4 1 1 1 2
0 5 4 6 2 2 2 1
0 7 5 6 2 2 2 1
0 7 6 1 3 3 3 2
0 0 7 1 3 3 3 2
0 8 9 10 0 0 0 1
0 11 8 10 0 0 0 1
0 11 10 12 1 1 1 2
0 13 11 12 1 1 1 2
0 13 12 14 2 2 2 1
0 15 13 14 2 2 2 1
0 15 14 9 3 3 3 2
0 8 15 9 3 3 3 2
0 16 17 18 0 0 0 1
0 19 16 18 0 0 0 1
0 19 18 20 1 1 1 2
0 21 19 20 1 1 1 2
0 21 20 22 2 2 2 1
0 23 21 22 2 2 2 1
0 23 22 17 3 3 3 2
0 16 23 17 3 3 3 2
0 24 25 26 0 0 0 1
0 27 24 26 0 0 0 1
0 27 26 28 1 1 1 2
0 29 27 28 1 1 1 2
0 29 28 30 2 2 2 1
0 31 29 30 2 2 2 1
0 31 30 25 3 3 3 2
0 24 31 25 3 3 3 2
0 32 33 34 0 0 0 1
0 35 32 34 0 0 0 1
0 35 34 36 1 1 1 2
0 37 35 36 1 1 1 2
0 37 36 38 2 2 2 1
0 39 37 38 2 2 2 1
0 39 38 33 3 3 3 2
0 32 39 33 3 3 3 2
0 40 41 42 0 0 0 1
0 43 40 42 0 0 0 1
0 43 42 44 1 1 1 2
0 45 43 44 1 1 1 2
0 45 44 46 2 2 2 1
0 47 45 46 2 2 2 1
0 47 46 41 3 3 3 2
0 40 47 41 3 3 3 2
0 48 49 50 0 0 0 1
0 51 48 50 0 0 0 1
0 51 50 52 1 1 1 2
0 53 51 52 1 1 1 2
0 53 52 54 2 2 2 1
0 55 53 54 2 2 2 1
0 55 54 49 3 3 3 2
0 48 55 49 3 3 3 2
0 56 57 58 0 0 0 1
0 59 56 58 0 0 0 1
0 59 58 60 1 1 1 2
0 61 59 60 1 1 1 2
0 61 60 62 2 2 2 1
0 63 61 62 2 2 2 1
0 63 62 57 3 3 3 2
0 56 63 57 3 3 3 2
0 64 65 66 0 0 0 1
0 67 64 66 0 0 0 1
0 67 66 68 1 1 1 2
0 69 67 68 1 1 1 2
0 69 68 70 2 2 2 1
0 71 69 70 2 2 2 1
0 71 70 65 3 3 3 2
0 64 71 65 3 3 3 2
0 72 73 74 0 0 0 1
0 75 72 74 0 0 0 1
0 75 74 76 1 1 1 2
0 77 75 76 1 1 1 2
0 77 76 78 2 2 2 1
0 79 77 78 2 2 2 1
0 79 78 73 3 3 3 2
0 72 79 73 3 3 3 2
0 80 81 82 0 0 0 1
0 83 80 82 0 0 0 1
0 83 82 84 1 1 1 2
0 85 83 84 1 1 1 2
0 85 84 86 2 2 2 1
0 87 85 86 2 2 2 1
0 87 86 81 3 3 3 2
0 80 87 81 3 3 3 2
0 88 89 90 0 0 0 1
0 91 88 90 0 0 0 1
0 91 90 92 1 1 1 2
0 93 91 92 1 1 1 2
0 93 92 94 2 2 2 1
0 95 93 94 2 2 2 1
0 95 94 89 3 3 3 2
0 88 95 89 3 3 3 2
0 96 97 98 0 0 0 1
0 99 96 98 0 0 0 1
0 99 98 100 1 1 1 2
0 101 99 100 1 1 1 2
0 101 100 102 2 2 2 1
0 103 101 102 2 2 2 1
0 103 102 97 3 3 3 2
0 96 103 97 3 3 3 2
0 104 105 106 0 0 0 1
0 107 104 106 0 0 0 1
0 107 106 108 1 1 1 2
0 109 107 108 1 1 1 2
0 109 108 110 2 2 2 1
0 111 109 110 2 2 2 1
0 111 110 105 3 3 3 2
0 104 111 105 3 3 3 2
0 112 113 114 0 0 0 1
0 115 112 114 0 0 0 1
0 115 114 116 1 1 1 2
0 117 115 116 1 1 1 2
0 117 116 118 2 2 2 1
0 119 117 118 2 2 2 1
0 119 118 113 3 3 3 2
0 112 119 113 3 3 3 2
0 120 121 122 0 0 0 1
0 123 120 122 0 0 0 1
0 123 122 124 1 1 1 2
0 125 123 124 1 1 1 2
0 125 124 126 2 2 2 1
0 127 125 126 2 2 2 1
0 127 126 121 3 3 3 2
0 120 127 121 3 3 3 2
0 128 129 130 0 0 0 1
0 131 128 130 0 0 0 1
0 131 130 132 1 1 1 2
0 133 131 132 1 1 1 2
0 133 132 134 2 2 2 1
0 135 133 134 2 2 2 1
0 135 134 129 3 3 3 2
0 128 135 129 3 3 3 2
0 136 137 138 0 0 0 1
0 139 136 138 0 0 0 1
0 139 138 140 1 1 1 2
0 141 139 140 1 1 1 2
0 141 140 142 2 2 2 1
0 143 141 142 2 2 2 1
0 143 142 137 3 3 3 2
0 136 143 137 3 3 3 2
0 144 145 146 0 0 0 1
0 147 144 146 0 0 0 1
0 147 146 148 1 1 1 2
0 149 147 148 1 1 1 2
0 149 148 150 2 2 2 1
0 151 149 150 2 2 2 1
0 151 150 145 3 3 3 2
0 144 151 145 3 3 3 2
0 152 153 154 0 0 0 1
0 155 152 154 0 0 0 1
0 155 154 156 1 1 1 2
0 157 155 156 1 1 1 2
0 157 156 158 2 2 2 1
0 159 157 158 2 2 2 1
0 159 158 153 3 3 3 2
0 152 159 153 3 3 3 2
0 160 161 162 0 0 0 1
0 163 160 162 0 0 0 1
0 163 162 164 1 1 1 2
0 165 163 164 1 1 1 2
0 165 164 166 2 2 2 1
0 167 165 166 2 2 2 1
0 167 166 161 3 3 3 2
0 160 167 161 3 3 3 2
0 168 169 170 0 0 0 1
0 171 168 170 0 0 0 1
0 171 170 172 1 1 1 2
0 173 171 172 1 1 1 2
0 173 172 174 2 2 2 1
0 175 173 174 2 2 2 1
0 175 174 169 3 3 3 2
0 168 175 169 3 3 3 2
0 176 177 178 0 0 0 1
0 179 176 178 0 0 0 1
0 179 178 180 1 1 1 2
0 181 179 180 1 1 1 2
0 181 180 182 2 2 2 1
0 183 181 182 2 2 2 1
0 183 182 177 3 3 3 2
0 176 183 177 3 3 3 2
0 184 185 186 0 0 0 1
0 187 184 186 0 0 0 1
0 187 186 188 1 1 1 2
0 189 187 188 1 1 1 2
0 189 188 190 2 2 2 1
0 191 189 190 2 2 2 1
0 191 190 185 3 3 3 2
0 184 191 185 3 3 3 2
0 192 193 194 0 0 0 1
0 195 192 194 0 0 0 1
0 195 194 196 1 1 1 2
0 197 195 196 1 1 1 2
0 197 196 198 2 2 2 1
0 199 197 198 2 2 2 1
0 199 198 193 3 3 3 2
0 192 199 193 3 3 3 2
0 200 201 202 0 0 0 1
0 203 200 202 0 0 0 1
0 203 202 204 1 1 1 2
0 205 203 204 1 1 1 2
0 205 204 206 2 2 2 1
0 207 205 206 2 2 2 1
0 207 206 201 3 3 3 2
0 200 207 201 3 3 3 2
0 208 209 210 0 0 0 1
0 211 208 210 0 0 0 1
0 211 210 212 1 1 1 2
0 213 211 212 1 1 1 2
0 213 212 214 2 2 2 1
0 215 213 214 2 2 2 1
0 215 214 209 3 3 3 2
0 208 215 209 3 3 3 2
0 216 217 218 0 0 0 1
0 219 216 218 0 0 0 1
0 219 218 220 1 1 1 2
0 221 219 220 1 1 1 2
0 221 220 222 2 2 2 1
0 223 221 222 2 2 2 1
0 223 222 217 3 3 3 2
0 216 223 217 3 3 3 2
0 224 225 226 0 0 0 1
0 227 224 226 0 0 0 1
0 227 226 228 1 1 1 2
0 229 227 228 1 1 1 2
0 229 228 230 2 2 2 1
0 231 229 230 2 2 2 1
0 231 230 225 3 3 3 2
0 224 231 225 3 3 3 2
0 232 233 234 0 0 0 1
0 235 232 234 0 0 0 1
0 235 234 236 1 1 1 2
0 237 235 236 1 1 1 2
0 237 236 238 2 2 2 1
0 239 237 238 2 2 2 1
0 239 238 233 3 3 3 2
0 232 239 233 3 3 3 2
"Duplicate45" 0 0
240
0 147.241577 -36.039867 44.310623 0.005105 0.912344 -1
0 147.241577 -42.710133 44.310623 0.005105 0.985651 -1
0 147.241577 -42.710133 69.685760 0.005105 0.985651 -1
0 147.241577 -36.039867 69.685760 0.005105 0.912344 -1
0 121.761452 -42.710133 69.685768 0.065513 0.985651 -1
0 121.761452 -36.039867 69.685768 0.065513 0.912344 -1
0 121.761452 -42.710133 44.310623 0.065513 0.985651 -1
0 121.761452 -36.039867 44.310623 0.065513 0.912344 -1
0 147.241577 -27.289867 44.310623 0.005105 0.816181 -1
0 147.241577 -33.960133 44.310623 0.005105 0.889488 -1
0 147.241577 -33.960133 69.685760 0.005105 0.889488 -1
0 147.241577 -27.289867 69.685760 0.005105 0.816181 -1
0 121.761452 -33.960133 69.685768 0.065513 0.889488 -1
0 121.761452 -27.289867 69.685768 0.065513 0.816181 -1
0 121.761452 -33.960133 44.310623 0.065513 0.889488 -1
0 121.761452 -27.289867 44.310623 0.065513 0.816181 -1
0 147.241577 -18.539867 44.310623 0.005105 0.720017 -1
0 147.241577 -25.210133 44.310623 0.005105 0.793324 -1
0 147.241577 -25.210133 69.685760 0.005105 0.793324 -1
0 147.241577 -18.539867 69.685760 0.005105 0.720017 -1
0 121.761452 -25.210133 69.685768 0.065513 0.793324 -1
0 121.761452 -18.539867 69.685768 0.065513 0.720017 -1
0 121.761452 -25.210133 44.310623 0.065513 0.793324 -1
0 121.761452 -18.539867 44.310623 0.065513 0.720017 -1
0 147.241577 -9.789867 44.310623 0.005105 0.623854 -1
0 147.241577 -16.460133 44.310623 0.005105 0.697161 -1
0 147.241577 -16.460133 69.685760 0.005105 0.697161 -1
0 147.241577 -9.789867 69.685760 0.005105 0.623854 -1
0 121.761452 -16.460133 69.685768 0.065513 0.697161 -1
0 121.761452 -9.789867 69.685768 0.065513 0.623854 -1
0 121.761452 -16.460133 44.310623 0.065513 0.697161 -1
0 121.761452 -9.789867 44.310623 0.065513 0.623854 -1
0 147.241577 -1.039867 44.310623 0.005105 0.527690 -1
0 147.241577 -7.710135 44.310623 0.005105 0.600997 -1
0 147.241577 -7.710135 69.685760 0.005105 0.600997 -1
0 147.241577 -1.039867 69.685760 0.005105 0.527690 -1
0 121.761452 -7.710135 69.685768 0.065513 0.600997 -1
0 121.761452 -1.039867 69.685768 0.065513 0.527690 -1
0 121.761452 -7.710135 44.310623 0.065513 0.600997 -1
0 121.761452 -1.039867 44.310623 0.065513 0.527690 -1
0 147.241577 7.710135 44.310623 0.005105 0.431526 -1
0 147.241577 1.039865 44.310623 0.005105 0.504834 -1
0 147.241577 1.039865 69.685760 0.005105 0.504834 -1
0 147.241577 7.710135 69.685760 0.005105 0.431526 -1
0 121.761452 1.039865 69.685768 0.065513 0.504834 -1
0 121.761452 7.710135 69.685768 0.065513 0.431526 -1
0 121.761452 1.039865 44.310623 0.065513 0.504834 -1
0 121.761452 7.710135 44.310623 0.065513 0.431526 -1
0 147.241577 16.460135 44.310623 0.005105 0.335363 -1
0 147.241577 9.789865 44.310623 0.005105 0.408670 -1
0 147.241577 9.789865 69.685760 0.005105 0.408670 -1
0 147.241577 16.460135 69.685760 0.005105 0.335363 -1
0 121.761452 9.789865 69.685768 0.065513 0.408670 -1
0 121.761452 16.460135 69.685768 0.065513 0.335363 -1
0 121.761452 9.789865 44.310623 0.065513 0.408670 -1
0 121.761452 16.460135 44.310623 0.065513 0.335363 -1
0 147.241577 25.210135 44.310623 0.005105 0.239199 -1
0 147.241577 18.539865 44.310623 0.005105 0.312506 -1
0 147.241577 18.539865 69.685760 0.005105 0.312506 -1
0 147.241577 25.210135 69.685760 0.005105 0.239199 -1
0 121.761452 18.539865 69.685768 0.065513 0.312506 -1
0 121.761452 25.210135 69.685768 0.065513 0.239199 -1
0 121.761452 18.539865 44.310623 0.065513 0.312506 -1
0 121.761452 25.210135 44.310623 0.065513 0.239199 -1
0 147.241577 33.960136 44.310623 0.005105 0.143036 -1
0 147.241577 27.289865 44.310623 0.005105 0.216343 -1
0 147.241577 27.289865 69.685760 0.005105 0.216343 -1
0 147.241577 33.960136 69.685760 0.005105 0.143036 -1
0 121.761452 27.289865 69.685768 0.065513 0.216343 -1
0 121.761452 33.960136 69.685768 0.065513 0.143036 -1
0 121.761452 27.289865 44.310623 0.065513 0.216343 -1
0 121.761452 33.960136 44.310623 0.065513 0.143036 -1
0 147.241577 42.710136 44.310623 0.005105 0.046872 -1
0 147.241577 36.039864 44.310623 0.005105 0.120179 -1
0 147.241577 36.039864 69.685760 0.005105 0.120179 -1
0 147.241577 42.710136 69.685760 0.005105 0.046872 -1
0 121.761452 36.039864 69.685768 0.065513 0.120179 -1
0 121.761452 42.710136 69.685768 0.065513 0.046872 -1
0 121.761452 36.039864 44.310623 0.065513 0.120179 -1
0 121.761452 42.710136 44.310623 0.065513 0.046872 -1
0 143.408279 -36.039867 107.310623 0.005105 0.912344 -1
0 143.408279 -42.710133 107.310623 0.005105 0.985651 -1
0 143.408279 -42.710133 132.685745 0.005105 0.985651 -1
0 143.408279 -36.039867 132.685745 0.005105 0.912344 -1
0 117.928123 -42.710133 132.685745 0.065513 0.985651 -1
0 117.928123 -36.039867 132.685745 0.065513 0.912344 -1
0 117.928116 -42.710133 107.310631 0.065513 0.985651 -1
0 117.928116 -36.039867 107.310631 0.065513 0.912344 -1
0 143.408279 -27.289867 107.310623 0.005105 0.816181 -1
0 143.408279 -33.960133 107.310623 0.005105 0.889488 -1
0 143.408279 -33.960133 132.685745 0.005105 0.889488 -1
0 143.408279 -27.289867 132.685745 0.005105 0.816181 -1
0 117.928123 -33.960133 132.685745 0.065513 0.889488 -1
0 117.928123 -27.289867 132.685745 0.065513 0.816181 -1
0 117.928116 -33.960133 107.310631 0.065513 0.889488 -1
0 117.928116 -27.289867 107.310631 0.065513 0.816181 -1
0 143.408279 -18.539867 107.310623 0.005105 0.720017 -1
0 143.408279 -25.210133 107.310623 0.005105 0.793324 -1
0 143.408279 -25.210133 132.685745 0.005105 0.793324 -1
0 143.408279 -18.539867 132.685745 0.005105 0.720017 -1
0 117.928123 -25.210133 132.685745 0.065513 0.793324 -1
0 117.928123 -18.539867 132.685745 0.065513 0.720017 -1
0 117.928116 -25.210133 107.310631 0.065513 0.793324 -1
0 117.928116 -18.539867 107.310631 0.065513 0.720017 -1
0 143.408279 -9.789867 107.310623 0.005105 0.623854 -1
0 143.408279 -16.460133 107.310623 0.005105 0.697161 -1
0 143.408279 -16.460133 132.685745 0.005105 0.697161 -1
0 143.408279 -9.789867 132.685745 0.005105 0.623854 -1
0 117.928123 -16.460133 132.685745 0.065513 0.697161 -1
0 117.928123 -9.789867 132.685745 0.065513 0.623854 -1
0 117.928116 -16.460133 107.310631 0.065513 0.697161 -1
0 117.928116 -9.789867 107.310631 0.065513 0.623854 -1
0 143.408279 -1.039867 107.310623 0.005105 0.527690 -1
0 143.408279 -7.710135 107.310623 0.005105 0.600997 -1
0 143.408279 -7.710135 132.685745 0.005105 0.600997 -1
0 143.408279 -1.039867 132.685745 0.005105 0.527690 -1
0 117.928123 -7.710135 132.685745 0.065513 0.600997 -1
0 117.928123 -1.039867 132.685745 0.065513 0.527690 -1
0 117.928116 -7.710135 107.310631 0.065513 0.600997 -1
0 117.928116 -1.039867 107.310631 0.065513 0.527690 -1
0 143.408279 7.710135 107.310623 0.005105 0.431526 -1
0 143.408279 1.039865 107.310623 0.005105 0.504834 -1
0 143.408279 1.039865 132.685745 0.005105 0.504834 -1
0 143.408279 7.710135 132.685745 0.005105 0.431526 -1
0 117.928123 1.039865 132.685745 0.065513 0.504834 -1
0 117.928123 7.710135 132.685745 0.065513 0.431526 -1
0 117.928116 1.039865 107.310631 0.065513 0.504834 -1
0 117.928116 7.710135 107.310631 0.065513 0.431526 -1
0 143.408279 16.460135 107.310623 0.005105 0.335363 -1
0 143.408279 9.789865 107.310623 0.005105 0.408670 -1
0 143.408279 9.789865 132.685745 0.005105 0.408670 -1
0 143.408279 16.460135 132.685745 0.005105 0.335363 -1
0 117.928123 9.789865 132.685745 0.065513 0.408670 -1
0 117.928123 16.460135 132.685745 0.065513 0.335363 -1
0 117.928116 9.789865 107.310631 0.065513 0.408670 -1
0 117.928116 16.460135 107.310631 0.065513 0.335363 -1
0 143.408279 25.210135 107.310623 0.005105 0.239199 -1
0 143.408279 18.539865 107.310623 0.005105 0.312506 -1
0 143.408279 18.539865 132.685745 0.005105 0.312506 -1
0 143.408279 25.210135 132.685745 0.005105 0.239199 -1
0 117.928123 18.539865 132.685745 0.065513 0.312506 -1
0 117.928123 25.210135 132.685745 0.065513 0.239199 -1
0 117.928116 18.539865 107.310631 0.065513 0.312506 -1
0 117.928116 25.210135 107.310631 0.065513 0.239199 -1
0 143.408279 33.960136 107.310623 0.005105 0.143036 -1
0 143.408279 27.289865 107.310623 0.005105 0.216343 -1
0 143.408279 27.289865 132.685745 0.005105 0.216343 -1
0 143.408279 33.960136 132.685745 0.005105 0.143036 -1
0 117.928123 27.289865 132.685745 0.065513 0.216343 -1
0 117.928123 33.960136 132.685745 0.065513 0.143036 -1
0 117.928116 27.289865 107.310631 0.065513 0.216343 -1
0 117.928116 33.960136 107.310631 0.065513 0.143036 -1
0 143.408279 42.710136 107.310623 0.005105 0.046872 -1
0 143.408279 36.039864 107.310623 0.005105 0.120179 -1
0 143.408279 36.039864 132.685745 0.005105 0.120179 -1
0 143.408279 42.710136 132.685745 0.005105 0.046872 -1
0 117.928123 36.039864 132.685745 0.065513 0.120179 -1
0 117.928123 42.710136 132.685745 0.065513 0.046872 -1
0 117.928116 36.039864 107.310631 0.065513 0.120179 -1
0 117.928116 42.710136 107.310631 0.065513 0.046872 -1
0 82.241615 -36.039867 128.143982 0.005105 0.912344 -1
0 82.241615 -42.710133 128.143982 0.005105 0.985651 -1
0 82.241623 -42.710133 153.519104 0.005105 0.985651 -1
0 82.241623 -36.039867 153.519104 0.005105 0.912344 -1
0 56.761459 -42.710133 153.519104 0.065513 0.985651 -1
0 56.761459 -36.039867 153.519104 0.065513 0.912344 -1
0 56.761456 -42.710133 128.143982 0.065513 0.985651 -1
0 56.761456 -36.039867 128.143982 0.065513 0.912344 -1
0 82.241615 -27.289867 128.143982 0.005105 0.816181 -1
0 82.241615 -33.960133 128.143982 0.005105 0.889488 -1
0 82.241623 -33.960133 153.519104 0.005105 0.889488 -1
0 82.241623 -27.289867 153.519104 0.005105 0.816181 -1
0 56.761459 -33.960133 153.519104 0.065513 0.889488 -1
0 56.761459 -27.289867 153.519104 0.065513 0.816181 -1
0 56.761456 -33.960133 128.143982 0.065513 0.889488 -1
0 56.761456 -27.289867 128.143982 0.065513 0.816181 -1
0 82.241615 -18.539867 128.143982 0.005105 0.720017 -1
0 82.241615 -25.210133 128.143982 0.005105 0.793324 -1
0 82.241623 -25.210133 153.519104 0.005105 0.793324 -1
0 82.241623 -18.539867 153.519104 0.005105 0.720017 -1
0 56.761459 -25.210133 153.519104 0.065513 0.793324 -1
0 56.761459 -18.539867 153.519104 0.065513 0.720017 -1
0 56.761456 -25.210133 128.143982 0.065513 0.793324 -1
0 56.761456 -18.539867 128.143982 0.065513 0.720017 -1
0 82.241615 -9.789867 128.143982 0.005105 0.623854 -1
0 82.241615 -16.460133 128.143982 0.005105 0.697161 -1
0 82.241623 -16.460133 153.519104 0.005105 0.697161 -1
0 82.241623 -9.789867 153.519104 0.005105 0.623854 -1
0 56.761459 -16.460133 153.519104 0.065513 0.697161 -1
0 56.761459 -9.789867 153.519104 0.065513 0.623854 -1
0 56.761456 -16.460133 128.143982 0.065513 0.697161 -1
0 56.761456 -9.789867 128.143982 0.065513 0.623854 -1
0 82.241615 -1.039867 128.143982 0.005105 0.527690 -1
0 82.241615 -7.710135 128.143982 0.005105 0.600997 -1
0 82.241623 -7.710135 153.519104 0.005105 0.600997 -1
0 82.241623 -1.039867 153.519104 0.005105 0.527690 -1
0 56.761459 -7.710135 153.519104 0.065513 0.600997 -1
0 56.761459 -1.039867 153.519104 0.065513 0.527690 -1
0 56.761456 -7.710135 128.143982 0.065513 0.600997 -1
0 56.761456 -1.039867 128.143982 0.065513 0.527690 -1
0 82.241615 7.710135 128.143982 0.005105 0.431526 -1
0 82.241615 1.039865 128.143982 0.005105 0.504834 -1
0 82.241623 1.039865 153.519104 0.005105 0.504834 -1
0 82.241623 7.710135 153.519104 0.005105 0.431526 -1
0 56.761459 1.039865 153.519104 0.065513 0.504834 -1
0 56.761459 7.710135 153.519104 0.065513 0.431526 -1
0 56.761456 1.039865 128.143982 0.065513 0.504834 -1
0 56.761456 7.710135 128.143982 0.065513 0.431526 -1
0 82.241615 16.460135 128.143982 0.005105 0.335363 -1
0 82.241615 9.789865 128.143982 0.005105 0.408670 -1
0 82.241623 9.789865 153.519104 0.005105 0.408670 -1
0 82.241623 16.460135 153.519104 0.005105 0.335363 -1
0 56.761459 9.789865 153.519104 0.065513 0.408670 -1
0 56.761459 16.460135 153.519104 0.065513 0.335363 -1
0 56.761456 9.789865 128.143982 0.065513 0.408670 -1
0 56.761456 16.460135 128.143982 0.065513 0.335363 -1
0 82.241615 25.210135 128.143982 0.005105 0.239199 -1
0 82.241615 18.539865 128.143982 0.005105 0.312506 -1
0 82.241623 18.539865 153.519104 0.005105 0.312506 -1
0 82.241623 25.210135 153.519104 0.005105 0.239199 -1
0 56.761459 18.539865 153.519104 0.065513 0.312506 -1
0 56.761459 25.210135 153.519104 0.065513 0.239199 -1
0 56.761456 18.539865 128.143982 0.065513 0.312506 -1
0 56.761456 25.210135 128.143982 0.065513 0.239199 -1
0 82.241615 33.960136 128.143982 0.005105 0.143036 -1
0 82.241615 27.289865 128.143982 0.005105 0.216343 -1
0 82.241623 27.289865 153.519104 0.005105 0.216343 -1
0 82.241623 33.960136 153.519104 0.005105 0.143036 -1
0 56.761459 27.289865 153.519104 0.065513 0.216343 -1
0 56.761459 33.960136 153.519104 0.065513 0.143036 -1
0 56.761456 27.289865 128.143982 0.065513 0.216343 -1
0 56.761456 33.960136 128.143982 0.065513 0.143036 -1
0 82.241615 42.710136 128.143982 0.005105 0.046872 -1
0 82.241615 36.039864 128.143982 0.005105 0.120179 -1
0 82.241623 36.039864 153.519104 0.005105 0.120179 -1
0 82.241623 42.710136 153.519104 0.005105 0.046872 -1
0 56.761459 36.039864 153.519104 0.065513 0.120179 -1
0 56.761459 42.710136 153.519104 0.065513 0.046872 -1
0 56.761456 36.039864 128.143982 0.065513 0.120179 -1
0 56.761456 42.710136 128.143982 0.065513 0.046872 -1
13
-1 0 0
-0 0 -1
1 0 0
0 0 1
-0 0 -1
0 0 -1
1 0 -0
0 0 1
1 0 -0
-1 0 0
1 0 -0
-1 0 0
1 0 -0
240
0 0 1 2 0 0 0 1
0 3 0 2 0 0 0 1
0 3 2 4 1 1 1 2
0 5 3 4 1 1 1 2
0 5 4 6 2 2 2 1
0 7 5 6 2 2 2 1
0 7 6 1 3 3 3 2
0 0 7 1 3 3 3 2
0 8 9 10 0 0 0 1
0 11 8 10 0 0 0 1
0 11 10 12 1 1 1 2
0 13 11 12 1 1 1 2
0 13 12 14 2 2 2 1
0 15 13 14 2 2 2 1
0 15 14 9 3 3 3 2
0 8 15 9 3 3 3 2
0 16 17 18 0 0 0 1
0 19 16 18 0 0 0 1
0 19 18 20 1 1 1 2
0 21 19 20 1 1 1 2
0 21 20 22 2 2 2 1
0 23 21 22 2 2 2 1
0 23 22 17 3 3 3 2
0 16 23 17 3 3 3 2
0 24 25 26 0 0 0 1
0 27 24 26 0 0 0 1
0 27 26 28 1 1 1 2
0 29 27 28 1 1 1 2
0 29 28 30 2 2 2 1
0 31 29 30 2 2 2 1
0 31 30 25 3 3 3 2
0 24 31 25 3 3 3 2
0 32 33 34 0 0 0 1
0 35 32 34 0 0 0 1
0 35 34 36 1 1 1 2
0 37 35 36 1 1 1 2
0 37 36 38 2 2 2 1
0 39 37 38 2 2 2 1
0 39 38 33 3 3 3 2
0 32 39 33 3 3 3 2
0 40 41 42 0 0 0 1
0 43 40 42 0 0 0 1
0 43 42 44 1 1 1 2
0 45 43 44 1 1 1 2
0 45 44 46 2 2 2 1
0 47 45 46 2 2 2 1
0 47 46 41 3 3 3 2
0 40 47 41 3 3 3 2
0 48 49 50 0 0 0 1
0 51 48 50 0 0 0 1
0 51 50 52 1 1 1 2
0 53 51 52 1 1 1 2
0 53 52 54 2 2 2 1
0 55 53 54 2 2 2 1
0 55 54 49 3 3 3 2
0 48 55 49 3 3 3 2
0 56 57 58 0 0 0 1
0 59 56 58 0 0 0 1
0 59 58 60 4 4 4 2
0 61 59 60 4 4 4 2
0 61 60 62 2 2 2 1
0 63 61 62 2 2 2 1
0 63 62 57 3 3 3 2
0 56 63 57 3 3 3 2
0 64 65 66 0 0 0 1
0 67 64 66 0 0 0 1
0 67 66 68 4 4 4 2
0 69 67 68 4 4 4 2
0 69 68 70 2 2 2 1
0 71 69 70 2 2 2 1
0 71 70 65 3 3 3 2
0 64 71 65 3 3 3 2
0 72 73 74 0 0 0 1
0 75 72 74 0 0 0 1
0 75 74 76 4 4 4 2
0 77 75 76 4 4 4 2
0 77 76 78 2 2 2 1
0 79 77 78 2 2 2 1
0 79 78 73 3 3 3 2
0 72 79 73 3 3 3 2
0 80 81 82 0 0 0 1
0 83 80 82 0 0 0 1
0 83 82 84 5 5 5 2
0 85 83 84 5 5 5 2
0 85 84 86 6 6 6 1
0 87 85 86 6 6 6 1
0 87 86 81 7 7 7 2
0 80 87 81 7 7 7 2
0 88 89 90 0 0 0 1
0 91 88 90 0 0 0 1
0 91 90 92 5 5 5 2
0 93 91 92 5 5 5 2
0 93 92 94 6 6 6 1
0 95 93 94 6 6 6 1
0 95 94 89 7 7 7 2
0 88 95 89 7 7 7 2
0 96 97 98 0 0 0 1
0 99 96 98 0 0 0 1
0 99 98 100 5 5 5 2
0 101 99 100 5 5 5 2
0 101 100 102 6 6 6 1
0 103 101 102 6 6 6 1
0 103 102 97 7 7 7 2
0 96 103 97 7 7 7 2
0 104 105 106 0 0 0 1
0 107 104 106 0 0 0 1
0 107 106 108 5 5 5 2
0 109 107 108 5 5 5 2
0 109 108 110 6 6 6 1
0 111 109 110 6 6 6 1
0 111 110 105 7 7 7 2
0 104 111 105 7 7 7 2
0 112 113 114 0 0 0 1
0 115 112 114 0 0 0 1
0 115 114 116 5 5 5 2
0 117 115 116 5 5 5 2
0 117 116 118 6 6 6 1
0 119 117 118 6 6 6 1
0 119 118 113 7 7 7 2
0 112 119 113 7 7 7 2
0 120 121 122 0 0 0 1
0 123 120 122 0 0 0 1
0 123 122 124 5 5 5 2
0 125 123 124 5 5 5 2
0 125 124 126 6 6 6 1
0 127 125 126 6 6 6 1
0 127 126 121 7 7 7 2
0 120 127 121 7 7 7 2
0 128 129 130 0 0 0 1
0 131 128 130 0 0 0 1
0 131 130 132 5 5 5 2
0 133 131 132 5 5 5 2
0 133 132 134 6 6 6 1
0 135 133 134 6 6 6 1
0 135 134 129 7 7 7 2
0 128 135 129 7 7 7 2
0 136 137 138 0 0 0 1
0 139 136 138 0 0 0 1
0 139 138 140 5 5 5 2
0 141 139 140 5 5 5 2
0 141 140 142 8 8 8 1
0 143 141 142 8 8 8 1
0 143 142 137 7 7 7 2
0 136 143 137 7 7 7 2
0 144 145 146 0 0 0 1
0 147 144 146 0 0 0 1
0 147 146 148 5 5 5 2
0 149 147 148 5 5 5 2
0 149 148 150 8 8 8 1
0 151 149 150 8 8 8 1
0 151 150 145 7 7 7 2
0 144 151 145 7 7 7 2
0 152 153 154 0 0 0 1
0 155 152 154 0 0 0 1
0 155 154 156 5 5 5 2
0 157 155 156 5 5 5 2
0 157 156 158 6 6 6 1
0 159 157 158 6 6 6 1
0 159 158 153 7 7 7 2
0 152 159 153 7 7 7 2
0 160 161 162 9 9 9 1
0 163 160 162 9 9 9 1
0 163 162 164 5 5 5 2
0 165 163 164 5 5 5 2
0 165 164 166 10 10 10 1
0 167 165 166 10 10 10 1
0 167 166 161 3 3 3 2
0 160 167 161 3 3 3 2
0 168 169 170 9 9 9 1
0 171 168 170 9 9 9 1
0 171 170 172 5 5 5 2
0 173 171 172 5 5 5 2
0 173 172 174 10 10 10 1
0 175 173 174 10 10 10 1
0 175 174 169 3 3 3 2
0 168 175 169 3 3 3 2
0 176 177 178 9 9 9 1
0 179 176 178 9 9 9 1
0 179 178 180 5 5 5 2
0 181 179 180 5 5 5 2
0 181 180 182 10 10 10 1
0 183 181 182 10 10 10 1
0 183 182 177 3 3 3 2
0 176 183 177 3 3 3 2
0 184 185 186 9 9 9 1
0 187 184 186 9 9 9 1
0 187 186 188 5 5 5 2
0 189 187 188 5 5 5 2
0 189 188 190 10 10 10 1
0 191 189 190 10 10 10 1
0 191 190 185 3 3 3 2
0 184 191 185 3 3 3 2
0 192 193 194 11 11 11 1
0 195 192 194 11 11 11 1
0 195 194 196 5 5 5 2
0 197 195 196 5 5 5 2
0 197 196 198 12 12 12 1
0 199 197 198 12 12 12 1
0 199 198 193 3 3 3 2
0 192 199 193 3 3 3 2
0 200 201 202 9 9 9 1
0 203 200 202 9 9 9 1
0 203 202 204 5 5 5 2
0 205 203 204 5 5 5 2
0 205 204 206 10 10 10 1
0 207 205 206 10 10 10 1
0 207 206 201 3 3 3 2
0 200 207 201 3 3 3 2
0 208 209 210 9 9 9 1
0 211 208 210 9 9 9 1
0 211 210 212 5 5 5 2
0 213 211 212 5 5 5 2
0 213 212 214 10 10 10 1
0 215 213 214 10 10 10 1
0 215 214 209 3 3 3 2
0 208 215 209 3 3 3 2
0 216 217 218 11 11 11 1
0 219 216 218 11 11 11 1
0 219 218 220 5 5 5 2
0 221 219 220 5 5 5 2
0 221 220 222 12 12 12 1
0 223 221 222 12 12 12 1
0 223 222 217 3 3 3 2
0 216 223 217 3 3 3 2
0 224 225 226 11 11 11 1
0 227 224 226 11 11 11 1
0 227 226 228 5 5 5 2
0 229 227 228 5 5 5 2
0 229 228 230 12 12 12 1
0 231 229 230 12 12 12 1
0 231 230 225 3 3 3 2
0 224 231 225 3 3 3 2
0 232 233 234 11 11 11 1
0 235 232 234 11 11 11 1
0 235 234 236 5 5 5 2
0 237 235 236 5 5 5 2
0 237 236 238 12 12 12 1
0 239 237 238 12 12 12 1
0 239 238 233 3 3 3 2
0 232 239 233 3 3 3 2

Materials: 10
"BAR"
0.200000 0.200000 0.200000 1
0.800000 0.800000 0.800000 1
0 0 0 1
1 1 1 1
0
1
"Bars.png"
""
"BAR"
0.200000 0.200000 0.200000 1
0.800000 0.800000 0.800000 1
0 0 0 1
1 1 1 1
0
1
"Bars.png"
""
"BAR"
0.200000 0.200000 0.200000 1
0.800000 0.800000 0.800000 1
0 0 0 1
1 1 1 1
0
1
"Bars.png"
""
"BAR"
0.200000 0.200000 0.200000 1
0.800000 0.800000 0.800000 1
0 0 0 1
1 1 1 1
0
1
"Bars.png"
""
"BAR"
0.200000 0.200000 0.200000 1
0.800000 0.800000 0.800000 1
0 0 0 1
1 1 1 1
0
1
"Bars.png"
""
"BAR"
0.200000 0.200000 0.200000 1
0.800000 0.800000 0.800000 1
0 0 0 1
1 1 1 1
0
1
"Bars.png"
""
"BAR"
0.200000 0.200000 0.200000 1
0.800000 0.800000 0.800000 1
0 0 0 1
1 1 1 1
0
1
"Bars.png"
""
"BAR"
0.200000 0.200000 0.200000 1
0.800000 0.800000 0.800000 1
0 0 0 1
1 1 1 1
0
1
"Bars.png"
""
"BAR"
0.200000 0.200000 0.200000 1
0.800000 0.800000 0.800000 1
0 0 0 1
1 1 1 1
0
1
"Bars.png"
""
"BAR"
0.200000 0.200000 0.200000 1
0.800000 0.800000 0.800000 1
0 0 0 1
1 1 1 1
0
1
"Bars.png"
""

Bones: 0
GroupComments: 0
MaterialComments: 0
BoneComments: 0
ModelComment: 0
