Meshes: 1
"Regroup07" 0 0
160
0 -81.063599 2.461100 4.740198 0 0 1
0 -81.063599 -2.461100 4.740198 0 1 0
0 -75.170364 2.461100 4.740198 1 0 1
0 -75.170364 -2.461100 4.740198 1 1 0
0 -75.170364 2.461100 4.740198 0 0 1
0 -75.170364 -2.461100 4.740198 0 1 0
0 -75.170364 2.461100 -4.740202 1 0 1
0 -75.170364 -2.461100 -4.740202 1 1 0
0 -75.170364 2.461100 -4.740202 0 0 1
0 -75.170364 -2.461100 -4.740202 0 1 0
0 -81.063599 2.461100 -4.740202 1 0 1
0 -81.063599 -2.461100 -4.740202 1 1 0
0 -81.063599 2.461100 -4.740202 0 0 1
0 -81.063599 -2.461100 -4.740202 0 1 0
0 -81.063599 2.461100 4.740198 1 0 1
0 -81.063599 -2.461100 4.740198 1 1 0
0 -81.063599 2.461100 4.740198 0 1 1
0 -75.170364 2.461100 4.740198 1 1 1
0 -81.063599 -2.461100 4.740198 0 0 0
0 -75.170364 -2.461100 4.740198 1 0 0
0 -53.968788 2.461100 60.672440 0 0 1
0 -53.968788 -2.461100 60.672440 0 1 0
0 -49.801647 2.461100 56.505302 1 0 1
0 -49.801647 -2.461100 56.505302 1 1 0
0 -49.801647 2.461100 56.505302 0 0 1
0 -49.801647 -2.461100 56.505302 0 1 0
0 -56.505306 2.461100 49.801647 1 0 1
0 -56.505306 -2.461100 49.801647 1 1 0
0 -56.505306 2.461100 49.801647 0 0 1
0 -56.505306 -2.461100 49.801647 0 1 0
0 -60.672443 2.461100 53.968781 1 0 1
0 -60.672443 -2.461100 53.968781 1 1 0
0 -60.672443 2.461100 53.968781 0 0 1
0 -60.672443 -2.461100 53.968781 0 1 0
0 -53.968788 2.461100 60.672440 1 0 1
0 -53.968788 -2.461100 60.672440 1 1 0
0 -53.968788 2.461100 60.672440 0 1 1
0 -49.801647 2.461100 56.505302 1 1 1
0 -53.968788 -2.461100 60.672440 0 0 0
0 -49.801647 -2.461100 56.505302 1 0 0
0 4.740199 2.461100 81.063591 0 0 1
0 4.740199 -2.461100 81.063591 0 1 0
0 4.740199 2.461100 75.170364 1 0 1
0 4.740199 -2.461100 75.170364 1 1 0
0 4.740199 2.461100 75.170364 0 0 1
0 4.740199 -2.461100 75.170364 0 1 0
0 -4.740199 2.461100 75.170364 1 0 1
0 -4.740199 -2.461100 75.170364 1 1 0
0 -4.740199 2.461100 75.170364 0 0 1
0 -4.740199 -2.461100 75.170364 0 1 0
0 -4.740199 2.461100 81.063591 1 0 1
0 -4.740199 -2.461100 81.063591 1 1 0
0 -4.740199 2.461100 81.063591 0 0 1
0 -4.740199 -2.461100 81.063591 0 1 0
0 4.740199 2.461100 81.063591 1 0 1
0 4.740199 -2.461100 81.063591 1 1 0
0 4.740199 2.461100 81.063591 0 1 1
0 4.740199 2.461100 75.170364 1 1 1
0 4.740199 -2.461100 81.063591 0 0 0
0 4.740199 -2.461100 75.170364 1 0 0
0 60.672443 2.461100 53.968781 0 0 1
0 60.672443 -2.461100 53.968781 0 1 0
0 56.505306 2.461100 49.801647 1 0 1
0 56.505306 -2.461100 49.801647 1 1 0
0 56.505306 2.461100 49.801647 0 0 1
0 56.505306 -2.461100 49.801647 0 1 0
0 49.801647 2.461100 56.505302 1 0 1
0 49.801647 -2.461100 56.505302 1 1 0
0 49.801647 2.461100 56.505302 0 0 1
0 49.801647 -2.461100 56.505302 0 1 0
0 53.968788 2.461100 60.672440 1 0 1
0 53.968788 -2.461100 60.672440 1 1 0
0 53.968788 2.461100 60.672440 0 0 1
0 53.968788 -2.461100 60.672440 0 1 0
0 60.672443 2.461100 53.968781 1 0 1
0 60.672443 -2.461100 53.968781 1 1 0
0 60.672443 2.461100 53.968781 0 1 1
0 56.505306 2.461100 49.801647 1 1 1
0 60.672443 -2.461100 53.968781 0 0 0
0 56.505306 -2.461100 49.801647 1 0 0
0 81.063599 2.461100 -4.740201 0 0 1
0 81.063599 -2.461100 -4.740201 0 1 0
0 75.170364 2.461100 -4.740201 1 0 1
0 75.170364 -2.461100 -4.740201 1 1 0
0 75.170364 2.461100 -4.740201 0 0 1
0 75.170364 -2.461100 -4.740201 0 1 0
0 75.170364 2.461100 4.740197 1 0 1
0 75.170364 -2.461100 4.740197 1 1 0
0 75.170364 2.461100 4.740197 0 0 1
0 75.170364 -2.461100 4.740197 0 1 0
0 81.063599 2.461100 4.740197 1 0 1
0 81.063599 -2.461100 4.740197 1 1 0
0 81.063599 2.461100 4.740197 0 0 1
0 81.063599 -2.461100 4.740197 0 1 0
0 81.063599 2.461100 -4.740201 1 0 1
0 81.063599 -2.461100 -4.740201 1 1 0
0 81.063599 2.461100 -4.740201 0 1 1
0 75.170364 2.461100 -4.740201 1 1 1
0 81.063599 -2.461100 -4.740201 0 0 0
0 75.170364 -2.461100 -4.740201 1 0 0
0 53.968788 2.461100 -60.672443 0 0 1
0 53.968788 -2.461100 -60.672443 0 1 0
0 49.801647 2.461100 -56.505314 1 0 1
0 49.801647 -2.461100 -56.505314 1 1 0
0 49.801647 2.461100 -56.505314 0 0 1
0 49.801647 -2.461100 -56.505314 0 1 0
0 56.505306 2.461100 -49.801651 1 0 1
0 56.505306 -2.461100 -49.801651 1 1 0
0 56.505306 2.461100 -49.801651 0 0 1
0 56.505306 -2.461100 -49.801651 0 1 0
0 60.672443 2.461100 -53.968792 1 0 1
0 60.672443 -2.461100 -53.968792 1 1 0
0 60.672443 2.461100 -53.968792 0 0 1
0 60.672443 -2.461100 -53.968792 0 1 0
0 53.968788 2.461100 -60.672443 1 0 1
0 53.968788 -2.461100 -60.672443 1 1 0
0 53.968788 2.461100 -60.672443 0 1 1
0 49.801647 2.461100 -56.505314 1 1 1
0 53.968788 -2.461100 -60.672443 0 0 0
0 49.801647 -2.461100 -56.505314 1 0 0
0 -4.740199 2.461100 -81.063599 0 0 1
0 -4.740199 -2.461100 -81.063599 0 1 0
0 -4.740199 2.461100 -75.170364 1 0 1
0 -4.740199 -2.461100 -75.170364 1 1 0
0 -4.740199 2.461100 -75.170364 0 0 1
0 -4.740199 -2.461100 -75.170364 0 1 0
0 4.740199 2.461100 -75.170364 1 0 1
0 4.740199 -2.461100 -75.170364 1 1 0
0 4.740199 2.461100 -75.170364 0 0 1
0 4.740199 -2.461100 -75.170364 0 1 0
0 4.740199 2.461100 -81.063599 1 0 1
0 4.740199 -2.461100 -81.063599 1 1 0
0 4.740199 2.461100 -81.063599 0 0 1
0 4.740199 -2.461100 -81.063599 0 1 0
0 -4.740199 2.461100 -81.063599 1 0 1
0 -4.740199 -2.461100 -81.063599 1 1 0
0 -4.740199 2.461100 -81.063599 0 1 1
0 -4.740199 2.461100 -75.170364 1 1 1
0 -4.740199 -2.461100 -81.063599 0 0 0
0 -4.740199 -2.461100 -75.170364 1 0 0
0 -60.672443 2.461100 -53.968792 0 0 1
0 -60.672443 -2.461100 -53.968792 0 1 0
0 -56.505306 2.461100 -49.801651 1 0 1
0 -56.505306 -2.461100 -49.801651 1 1 0
0 -56.505306 2.461100 -49.801651 0 0 1
0 -56.505306 -2.461100 -49.801651 0 1 0
0 -49.801647 2.461100 -56.505314 1 0 1
0 -49.801647 -2.461100 -56.505314 1 1 0
0 -49.801647 2.461100 -56.505314 0 0 1
0 -49.801647 -2.461100 -56.505314 0 1 0
0 -53.968788 2.461100 -60.672443 1 0 1
0 -53.968788 -2.461100 -60.672443 1 1 0
0 -53.968788 2.461100 -60.672443 0 0 1
0 -53.968788 -2.461100 -60.672443 0 1 0
0 -60.672443 2.461100 -53.968792 1 0 1
0 -60.672443 -2.461100 -53.968792 1 1 0
0 -60.672443 2.461100 -53.968792 0 1 1
0 -56.505306 2.461100 -49.801651 1 1 1
0 -60.672443 -2.461100 -53.968792 0 0 0
0 -56.505306 -2.461100 -49.801651 1 0 0
20
0 0 1
1 0 0
0 0 -1
-1 0 0
0 1 0
0 -1 0
0.707106 0 0.707107
0.707107 0 -0.707107
-0.707106 0 -0.707107
-0.707107 0 0.707107
0.707106 0 -0.707107
-0.707107 0 -0.707107
-0.707106 0 0.707107
0.707107 0 0.707107
-0.707106 0 -0.707108
-0.707107 0 0.707107
0.707107 0 0.707106
-0.707107 0 0.707106
0.707107 0 0.707107
0.707106 0 -0.707108
96
0 0 1 2 0 0 0 1
0 1 3 2 0 0 0 1
0 4 5 6 1 1 1 2
0 5 7 6 1 1 1 2
0 8 9 10 2 2 2 1
0 9 11 10 2 2 2 1
0 12 13 14 3 3 3 2
0 13 15 14 3 3 3 2
0 12 16 6 4 4 4 3
0 16 17 6 4 4 4 3
0 18 13 19 5 5 5 3
0 13 7 19 5 5 5 3
0 20 21 22 6 6 6 1
0 21 23 22 6 6 6 1
0 24 25 26 7 7 7 2
0 25 27 26 7 7 7 2
0 28 29 30 8 8 8 1
0 29 31 30 8 8 8 1
0 32 33 34 9 9 9 2
0 33 35 34 9 9 9 2
0 32 36 26 4 4 4 3
0 36 37 26 4 4 4 3
0 38 33 39 5 5 5 3
0 33 27 39 5 5 5 3
0 40 41 42 1 1 1 1
0 41 43 42 1 1 1 1
0 44 45 46 2 2 2 2
0 45 47 46 2 2 2 2
0 48 49 50 3 3 3 1
0 49 51 50 3 3 3 1
0 52 53 54 0 0 0 2
0 53 55 54 0 0 0 2
0 52 56 46 4 4 4 3
0 56 57 46 4 4 4 3
0 58 53 59 5 5 5 3
0 53 47 59 5 5 5 3
0 60 61 62 10 10 10 1
0 61 63 62 10 10 10 1
0 64 65 66 11 11 11 2
0 65 67 66 11 11 11 2
0 68 69 70 12 12 12 1
0 69 71 70 12 12 12 1
0 72 73 74 13 13 13 2
0 73 75 74 13 13 13 2
0 72 76 66 4 4 4 3
0 76 77 66 4 4 4 3
0 78 73 79 5 5 5 3
0 73 67 79 5 5 5 3
0 80 81 82 2 2 2 1
0 81 83 82 2 2 2 1
0 84 85 86 3 3 3 2
0 85 87 86 3 3 3 2
0 88 89 90 0 0 0 1
0 89 91 90 0 0 0 1
0 92 93 94 1 1 1 2
0 93 95 94 1 1 1 2
0 92 96 86 4 4 4 3
0 96 97 86 4 4 4 3
0 98 93 99 5 5 5 3
0 93 87 99 5 5 5 3
0 100 101 102 14 14 14 1
0 101 103 102 14 14 14 1
0 104 105 106 15 15 15 2
0 105 107 106 15 15 15 2
0 108 109 110 16 16 16 1
0 109 111 110 16 16 16 1
0 112 113 114 7 7 7 2
0 113 115 114 7 7 7 2
0 112 116 106 4 4 4 3
0 116 117 106 4 4 4 3
0 118 113 119 5 5 5 3
0 113 107 119 5 5 5 3
0 120 121 122 3 3 3 1
0 121 123 122 3 3 3 1
0 124 125 126 0 0 0 2
0 125 127 126 0 0 0 2
0 128 129 130 1 1 1 1
0 129 131 130 1 1 1 1
0 132 133 134 2 2 2 2
0 133 135 134 2 2 2 2
0 132 136 126 4 4 4 3
0 136 137 126 4 4 4 3
0 138 133 139 5 5 5 3
0 133 127 139 5 5 5 3
0 140 141 142 17 17 17 1
0 141 143 142 17 17 17 1
0 144 145 146 18 18 18 2
0 145 147 146 18 18 18 2
0 148 149 150 19 19 19 1
0 149 151 150 19 19 19 1
0 152 153 154 11 11 11 2
0 153 155 154 11 11 11 2
0 152 156 146 4 4 4 3
0 156 157 146 4 4 4 3
0 158 153 159 5 5 5 3
0 153 147 159 5 5 5 3

Materials: 1
"CUBES"
0.200000 0.200000 0.200000 1
0.800000 0.800000 0.800000 1
0 0 0 1
1 1 1 1
0
1
"CUBES.png"
""

Bones: 2
"joint1"
""
0 0 0 0 0 0 0
0
0
"joint2"
"joint1"
16 0 0 0 0 -0 0
5
0 0 3.500000 0
40 0 3.500000 0
70 0 -0.833334 0
120.714287 0 -0.833334 0
160 0 3.500000 0
5
0 0 -0 0
40.714287 0 -0 0
70 0 -0 0
120.714287 0 -0 0
160 0 -0 0
GroupComments: 0
MaterialComments: 0
BoneComments: 0
ModelComment: 0
