// MilkShape 3D ASCII

Frames: 30
Frame: 1

Meshes: 5
"Cylinder08" 0 0
62
0 59.619698 -60.555809 -1.918625 -0.111328 1 -1
0 59.619698 -25.725822 -1.918625 -0.111328 0 -1
0 58.316872 -60.555809 10.477006 0.022005 1 -1
0 58.316872 -25.725822 10.477006 0.022005 0 -1
0 54.465305 -25.725822 22.330889 0.155339 0 -1
0 54.465305 -60.555809 22.330889 0.155339 1 -1
0 48.233353 -60.555809 33.124954 0.288672 1 -1
0 48.233353 -25.725822 33.124954 0.288672 0 -1
0 39.893360 -25.725822 42.387444 0.422005 0 -1
0 39.893360 -60.555809 42.387444 0.422005 1 -1
0 29.809849 -60.555809 49.713543 0.555339 1 -1
0 29.809849 -25.725822 49.713543 0.555339 0 -1
0 18.423502 -25.725822 54.783077 0.688672 0 -1
0 18.423502 -60.555809 54.783077 0.688672 1 -1
0 6.231955 -60.555809 57.374466 0.822005 1 -1
0 6.231955 -25.725822 57.374466 0.822005 0 -1
0 -6.231955 -25.725822 57.374466 0.955339 0 -1
0 -6.231955 -60.555809 57.374466 0.955339 1 -1
0 -18.423498 -60.555809 54.783077 1.088672 1 -1
0 -18.423498 -25.725822 54.783077 1.088672 0 -1
0 -29.809849 -25.725822 49.713543 1.222005 0 -1
0 -29.809849 -60.555809 49.713543 1.222005 1 -1
0 -39.893360 -60.555809 42.387444 1.355339 1 -1
0 -39.893360 -25.725822 42.387444 1.355339 0 -1
0 -48.233353 -25.725822 33.124954 1.488672 0 -1
0 -48.233353 -60.555809 33.124954 1.488672 1 -1
0 -54.465298 -60.555809 22.330889 1.622005 1 -1
0 -54.465298 -25.725822 22.330889 1.622005 0 -1
0 -58.316872 -25.725822 10.477006 1.755339 0 -1
0 -58.316872 -60.555809 10.477006 1.755339 1 -1
0 -59.619698 -60.555809 -1.918625 1.888672 1 -1
0 -59.619698 -25.725822 -1.918625 1.888672 0 -1
0 -58.316872 -25.725822 -14.314259 2.022005 0 -1
0 -58.316872 -60.555809 -14.314259 2.022005 1 -1
0 -54.465298 -60.555809 -26.168140 2.155339 1 -1
0 -54.465298 -25.725822 -26.168140 2.155339 0 -1
0 -48.233353 -25.725822 -36.962204 2.288672 0 -1
0 -48.233353 -60.555809 -36.962204 2.288672 1 -1
0 -39.893360 -60.555809 -46.224697 2.422005 1 -1
0 -39.893360 -25.725822 -46.224697 2.422005 0 -1
0 -29.809849 -25.725822 -53.550800 2.555339 0 -1
0 -29.809849 -60.555809 -53.550800 2.555339 1 -1
0 -18.423498 -60.555809 -58.620327 2.688672 1 -1
0 -18.423498 -25.725822 -58.620327 2.688672 0 -1
0 -6.231955 -25.725822 -61.211720 2.822005 0 -1
0 -6.231955 -60.555809 -61.211720 2.822005 1 -1
0 6.231955 -60.555809 -61.211720 2.955338 1 -1
0 6.231955 -25.725822 -61.211720 2.955338 0 -1
0 18.423502 -25.725822 -58.620327 3.088672 0 -1
0 18.423502 -60.555809 -58.620327 3.088672 1 -1
0 29.809849 -60.555809 -53.550800 3.222005 1 -1
0 29.809849 -25.725822 -53.550800 3.222005 0 -1
0 39.893360 -25.725822 -46.224697 3.355339 0 -1
0 39.893360 -60.555809 -46.224697 3.355339 1 -1
0 48.233353 -60.555809 -36.962204 3.488672 1 -1
0 48.233353 -25.725822 -36.962204 3.488672 0 -1
0 54.465305 -25.725822 -26.168140 3.622005 0 -1
0 54.465305 -60.555809 -26.168140 3.622005 1 -1
0 58.316872 -60.555809 -14.314259 3.755338 1 -1
0 58.316872 -25.725822 -14.314259 3.755338 0 -1
0 59.619698 -25.725822 -1.918625 3.888672 0 -1
0 59.619698 -60.555809 -1.918625 3.888672 1 -1
39
0.994522 0 0.104528
0.978148 0 0.207912
0.913545 0 0.406737
0.809017 0 0.587785
0.669130 0 0.743145
0.500000 0 0.866025
0.309017 0 0.951056
0.309017 0 0.951056
0.104528 0 0.994522
-0.104528 0 0.994522
-0.309017 0 0.951057
-0.500000 0 0.866025
-0.669130 0 0.743145
-0.809017 0 0.587785
-0.913545 0 0.406737
-0.913545 0 0.406737
-0.978148 0 0.207912
-1 0 0
-0.978148 0 -0.207912
-0.978148 0 -0.207912
-0.913545 0 -0.406737
-0.809017 0 -0.587785
-0.669131 0 -0.743145
-0.669131 0 -0.743145
-0.500000 0 -0.866025
-0.309017 0 -0.951057
-0.309017 0 -0.951057
-0.104528 0 -0.994522
0.104528 0 -0.994522
0.104528 0 -0.994522
0.309017 0 -0.951057
0.500000 0 -0.866025
0.669131 0 -0.743145
0.809017 0 -0.587785
0.809017 0 -0.587785
0.913545 0 -0.406737
0.978148 0 -0.207912
0.978148 0 -0.207912
0.994522 0 -0.104528
60
0 0 1 2 0 0 1 1
0 1 3 2 0 1 1 1
0 2 3 4 1 1 2 1
0 2 4 5 1 2 2 1
0 5 4 6 2 2 3 1
0 4 7 6 2 3 3 1
0 6 7 8 3 3 4 1
0 6 8 9 3 4 4 1
0 9 8 10 4 4 5 1
0 8 11 10 4 5 5 1
0 10 11 12 5 5 6 1
0 10 12 13 5 6 7 1
0 13 12 14 7 6 8 1
0 12 15 14 6 8 8 1
0 14 15 16 8 8 9 1
0 14 16 17 8 9 9 1
0 17 16 18 9 9 10 1
0 16 19 18 9 10 10 1
0 18 19 20 10 10 11 1
0 18 20 21 10 11 11 1
0 21 20 22 11 11 12 1
0 20 23 22 11 12 12 1
0 22 23 24 12 12 13 1
0 22 24 25 12 13 13 1
0 25 24 26 13 13 14 1
0 24 27 26 13 15 14 1
0 26 27 28 14 15 16 1
0 26 28 29 14 16 16 1
0 29 28 30 16 16 17 1
0 28 31 30 16 17 17 1
0 30 31 32 17 17 18 1
0 30 32 33 17 18 19 1
0 33 32 34 19 18 20 1
0 32 35 34 18 20 20 1
0 34 35 36 20 20 21 1
0 34 36 37 20 21 21 1
0 37 36 38 21 21 22 1
0 36 39 38 21 23 22 1
0 38 39 40 22 23 24 1
0 38 40 41 22 24 24 1
0 41 40 42 24 24 25 1
0 40 43 42 24 26 25 1
0 42 43 44 25 26 27 1
0 42 44 45 25 27 27 1
0 45 44 46 27 27 28 1
0 44 47 46 27 29 28 1
0 46 47 48 28 29 30 1
0 46 48 49 28 30 30 1
0 49 48 50 30 30 31 1
0 48 51 50 30 31 31 1
0 50 51 52 31 31 32 1
0 50 52 53 31 32 32 1
0 53 52 54 32 32 33 1
0 52 55 54 32 34 33 1
0 54 55 56 33 34 35 1
0 54 56 57 33 35 35 1
0 57 56 58 35 35 36 1
0 56 59 58 35 37 36 1
0 58 59 60 36 37 38 1
0 58 60 61 36 38 38 1
"Duplicate52" 0 1
62
0 59.619698 -25.955328 -1.918625 -0.111328 1 -1
0 59.619698 5.391685 -1.918625 -0.111328 0 -1
0 58.316872 -25.955328 10.477006 0.022005 1 -1
0 58.316872 5.391685 10.477006 0.022005 0 -1
0 54.465305 5.391685 22.330889 0.155339 0 -1
0 54.465305 -25.955328 22.330889 0.155339 1 -1
0 48.233353 -25.955328 33.124954 0.288672 1 -1
0 48.233353 5.391685 33.124954 0.288672 0 -1
0 39.893360 5.391685 42.387444 0.422005 0 -1
0 39.893360 -25.955328 42.387444 0.422005 1 -1
0 29.809849 -25.955328 49.713543 0.555339 1 -1
0 29.809849 5.391685 49.713543 0.555339 0 -1
0 18.423502 5.391685 54.783077 0.688672 0 -1
0 18.423502 -25.955328 54.783077 0.688672 1 -1
0 6.231955 -25.955328 57.374466 0.822005 1 -1
0 6.231955 5.391685 57.374466 0.822005 0 -1
0 -6.231955 5.391685 57.374466 0.955339 0 -1
0 -6.231955 -25.955328 57.374466 0.955339 1 -1
0 -18.423498 -25.955328 54.783077 1.088672 1 -1
0 -18.423498 5.391685 54.783077 1.088672 0 -1
0 -29.809849 5.391685 49.713543 1.222005 0 -1
0 -29.809849 -25.955328 49.713543 1.222005 1 -1
0 -39.893360 -25.955328 42.387444 1.355339 1 -1
0 -39.893360 5.391685 42.387444 1.355339 0 -1
0 -48.233353 5.391685 33.124954 1.488672 0 -1
0 -48.233353 -25.955328 33.124954 1.488672 1 -1
0 -54.465298 -25.955328 22.330889 1.622005 1 -1
0 -54.465298 5.391685 22.330889 1.622005 0 -1
0 -58.316872 5.391685 10.477006 1.755339 0 -1
0 -58.316872 -25.955328 10.477006 1.755339 1 -1
0 -59.619698 -25.955328 -1.918625 1.888672 1 -1
0 -59.619698 5.391685 -1.918625 1.888672 0 -1
0 -58.316872 5.391685 -14.314259 2.022005 0 -1
0 -58.316872 -25.955328 -14.314259 2.022005 1 -1
0 -54.465298 -25.955328 -26.168140 2.155339 1 -1
0 -54.465298 5.391685 -26.168140 2.155339 0 -1
0 -48.233353 5.391685 -36.962204 2.288672 0 -1
0 -48.233353 -25.955328 -36.962204 2.288672 1 -1
0 -39.893360 -25.955328 -46.224697 2.422005 1 -1
0 -39.893360 5.391685 -46.224697 2.422005 0 -1
0 -29.809849 5.391685 -53.550800 2.555339 0 -1
0 -29.809849 -25.955328 -53.550800 2.555339 1 -1
0 -18.423498 -25.955328 -58.620327 2.688672 1 -1
0 -18.423498 5.391685 -58.620327 2.688672 0 -1
0 -6.231955 5.391685 -61.211720 2.822005 0 -1
0 -6.231955 -25.955328 -61.211720 2.822005 1 -1
0 6.231955 -25.955328 -61.211720 2.955338 1 -1
0 6.231955 5.391685 -61.211720 2.955338 0 -1
0 18.423502 5.391685 -58.620327 3.088672 0 -1
0 18.423502 -25.955328 -58.620327 3.088672 1 -1
0 29.809849 -25.955328 -53.550800 3.222005 1 -1
0 29.809849 5.391685 -53.550800 3.222005 0 -1
0 39.893360 5.391685 -46.224697 3.355339 0 -1
0 39.893360 -25.955328 -46.224697 3.355339 1 -1
0 48.233353 -25.955328 -36.962204 3.488672 1 -1
0 48.233353 5.391685 -36.962204 3.488672 0 -1
0 54.465305 5.391685 -26.168140 3.622005 0 -1
0 54.465305 -25.955328 -26.168140 3.622005 1 -1
0 58.316872 -25.955328 -14.314259 3.755338 1 -1
0 58.316872 5.391685 -14.314259 3.755338 0 -1
0 59.619698 5.391685 -1.918625 3.888672 0 -1
0 59.619698 -25.955328 -1.918625 3.888672 1 -1
40
0.994522 0 0.104528
0.978148 0 0.207912
0.913545 0 0.406737
0.809017 0 0.587785
0.809017 0 0.587785
0.669130 0 0.743145
0.500000 0 0.866025
0.309017 0 0.951056
0.309017 0 0.951056
0.104528 0 0.994522
-0.104528 0 0.994522
-0.309017 0 0.951057
-0.500000 0 0.866025
-0.669130 0 0.743145
-0.669130 0 0.743145
-0.809017 0 0.587785
-0.913545 0 0.406737
-0.978148 0 0.207912
-1 0 0
-0.978148 0 -0.207912
-0.978148 0 -0.207912
-0.913545 0 -0.406737
-0.809017 0 -0.587785
-0.809017 0 -0.587785
-0.669131 0 -0.743145
-0.500000 0 -0.866025
-0.500000 0 -0.866025
-0.309017 0 -0.951057
-0.104528 0 -0.994522
0.104528 0 -0.994522
0.104528 0 -0.994522
0.309017 0 -0.951057
0.500000 0 -0.866025
0.669131 0 -0.743145
0.809017 0 -0.587785
0.809017 0 -0.587785
0.913545 0 -0.406737
0.978148 0 -0.207912
0.978148 0 -0.207912
0.994522 0 -0.104528
60
0 0 1 2 0 0 1 1
0 1 3 2 0 1 1 1
0 2 3 4 1 1 2 1
0 2 4 5 1 2 2 1
0 5 4 6 2 2 3 1
0 4 7 6 2 4 3 1
0 6 7 8 3 4 5 1
0 6 8 9 3 5 5 1
0 9 8 10 5 5 6 1
0 8 11 10 5 6 6 1
0 10 11 12 6 6 7 1
0 10 12 13 6 7 8 1
0 13 12 14 8 7 9 1
0 12 15 14 7 9 9 1
0 14 15 16 9 9 10 1
0 14 16 17 9 10 10 1
0 17 16 18 10 10 11 1
0 16 19 18 10 11 11 1
0 18 19 20 11 11 12 1
0 18 20 21 11 12 12 1
0 21 20 22 12 12 13 1
0 20 23 22 12 14 13 1
0 22 23 24 13 14 15 1
0 22 24 25 13 15 15 1
0 25 24 26 15 15 16 1
0 24 27 26 15 16 16 1
0 26 27 28 16 16 17 1
0 26 28 29 16 17 17 1
0 29 28 30 17 17 18 1
0 28 31 30 17 18 18 1
0 30 31 32 18 18 19 1
0 30 32 33 18 19 20 1
0 33 32 34 20 19 21 1
0 32 35 34 19 21 21 1
0 34 35 36 21 21 22 1
0 34 36 37 21 22 23 1
0 37 36 38 23 22 24 1
0 36 39 38 22 24 24 1
0 38 39 40 24 24 25 1
0 38 40 41 24 25 26 1
0 41 40 42 26 25 27 1
0 40 43 42 25 27 27 1
0 42 43 44 27 27 28 1
0 42 44 45 27 28 28 1
0 45 44 46 28 28 29 1
0 44 47 46 28 30 29 1
0 46 47 48 29 30 31 1
0 46 48 49 29 31 31 1
0 49 48 50 31 31 32 1
0 48 51 50 31 32 32 1
0 50 51 52 32 32 33 1
0 50 52 53 32 33 33 1
0 53 52 54 33 33 34 1
0 52 55 54 33 35 34 1
0 54 55 56 34 35 36 1
0 54 56 57 34 36 36 1
0 57 56 58 36 36 37 1
0 56 59 58 36 38 37 1
0 58 59 60 37 38 39 1
0 58 60 61 37 39 39 1
"Duplicate53" 0 2
62
0 59.619698 5.087278 -1.918625 -0.111328 1 -1
0 59.619698 36.910297 -1.918625 -0.111328 0 -1
0 58.316872 5.087278 10.477006 0.022005 1 -1
0 58.316872 36.910297 10.477006 0.022005 0 -1
0 54.465305 36.910297 22.330889 0.155339 0 -1
0 54.465305 5.087278 22.330889 0.155339 1 -1
0 48.233353 5.087278 33.124954 0.288672 1 -1
0 48.233353 36.910297 33.124954 0.288672 0 -1
0 39.893360 36.910297 42.387444 0.422005 0 -1
0 39.893360 5.087278 42.387444 0.422005 1 -1
0 29.809849 5.087278 49.713543 0.555339 1 -1
0 29.809849 36.910297 49.713543 0.555339 0 -1
0 18.423502 36.910297 54.783077 0.688672 0 -1
0 18.423502 5.087278 54.783077 0.688672 1 -1
0 6.231955 5.087278 57.374466 0.822005 1 -1
0 6.231955 36.910297 57.374466 0.822005 0 -1
0 -6.231955 36.910297 57.374466 0.955339 0 -1
0 -6.231955 5.087278 57.374466 0.955339 1 -1
0 -18.423498 5.087278 54.783077 1.088672 1 -1
0 -18.423498 36.910297 54.783077 1.088672 0 -1
0 -29.809849 36.910297 49.713543 1.222005 0 -1
0 -29.809849 5.087278 49.713543 1.222005 1 -1
0 -39.893360 5.087278 42.387444 1.355339 1 -1
0 -39.893360 36.910297 42.387444 1.355339 0 -1
0 -48.233353 36.910297 33.124954 1.488672 0 -1
0 -48.233353 5.087278 33.124954 1.488672 1 -1
0 -54.465298 5.087278 22.330889 1.622005 1 -1
0 -54.465298 36.910297 22.330889 1.622005 0 -1
0 -58.316872 36.910297 10.477006 1.755339 0 -1
0 -58.316872 5.087278 10.477006 1.755339 1 -1
0 -59.619698 5.087278 -1.918625 1.888672 1 -1
0 -59.619698 36.910297 -1.918625 1.888672 0 -1
0 -58.316872 36.910297 -14.314259 2.022005 0 -1
0 -58.316872 5.087278 -14.314259 2.022005 1 -1
0 -54.465298 5.087278 -26.168140 2.155339 1 -1
0 -54.465298 36.910297 -26.168140 2.155339 0 -1
0 -48.233353 36.910297 -36.962204 2.288672 0 -1
0 -48.233353 5.087278 -36.962204 2.288672 1 -1
0 -39.893360 5.087278 -46.224697 2.422005 1 -1
0 -39.893360 36.910297 -46.224697 2.422005 0 -1
0 -29.809849 36.910297 -53.550800 2.555339 0 -1
0 -29.809849 5.087278 -53.550800 2.555339 1 -1
0 -18.423498 5.087278 -58.620327 2.688672 1 -1
0 -18.423498 36.910297 -58.620327 2.688672 0 -1
0 -6.231955 36.910297 -61.211720 2.822005 0 -1
0 -6.231955 5.087278 -61.211720 2.822005 1 -1
0 6.231955 5.087278 -61.211720 2.955338 1 -1
0 6.231955 36.910297 -61.211720 2.955338 0 -1
0 18.423502 36.910297 -58.620327 3.088672 0 -1
0 18.423502 5.087278 -58.620327 3.088672 1 -1
0 29.809849 5.087278 -53.550800 3.222005 1 -1
0 29.809849 36.910297 -53.550800 3.222005 0 -1
0 39.893360 36.910297 -46.224697 3.355339 0 -1
0 39.893360 5.087278 -46.224697 3.355339 1 -1
0 48.233353 5.087278 -36.962204 3.488672 1 -1
0 48.233353 36.910297 -36.962204 3.488672 0 -1
0 54.465305 36.910297 -26.168140 3.622005 0 -1
0 54.465305 5.087278 -26.168140 3.622005 1 -1
0 58.316872 5.087278 -14.314259 3.755338 1 -1
0 58.316872 36.910297 -14.314259 3.755338 0 -1
0 59.619698 36.910297 -1.918625 3.888672 0 -1
0 59.619698 5.087278 -1.918625 3.888672 1 -1
39
0.994522 0 0.104528
0.978148 0 0.207912
0.913545 0 0.406737
0.809017 0 0.587785
0.809017 0 0.587785
0.669130 0 0.743145
0.500000 0 0.866025
0.309017 0 0.951056
0.309017 0 0.951057
0.104528 0 0.994522
-0.104528 0 0.994522
-0.309017 0 0.951057
-0.500000 0 0.866025
-0.669130 0 0.743145
-0.809017 0 0.587785
-0.913545 0 0.406737
-0.978148 0 0.207912
-0.978148 0 0.207912
-1 0 0
-0.978148 0 -0.207912
-0.978148 0 -0.207912
-0.913545 0 -0.406737
-0.809017 0 -0.587785
-0.669131 0 -0.743145
-0.500000 0 -0.866025
-0.500000 0 -0.866025
-0.309017 0 -0.951057
-0.104528 0 -0.994522
0.104528 0 -0.994522
0.104528 0 -0.994522
0.309017 0 -0.951057
0.500000 0 -0.866025
0.669131 0 -0.743145
0.809017 0 -0.587785
0.913545 0 -0.406737
0.913545 0 -0.406737
0.978148 0 -0.207912
0.978148 0 -0.207912
0.994522 0 -0.104528
60
0 0 1 2 0 0 1 1
0 1 3 2 0 1 1 1
0 2 3 4 1 1 2 1
0 2 4 5 1 2 2 1
0 5 4 6 2 2 3 1
0 4 7 6 2 4 3 1
0 6 7 8 3 4 5 1
0 6 8 9 3 5 5 1
0 9 8 10 5 5 6 1
0 8 11 10 5 6 6 1
0 10 11 12 6 6 7 1
0 10 12 13 6 7 8 1
0 13 12 14 8 7 9 1
0 12 15 14 7 9 9 1
0 14 15 16 9 9 10 1
0 14 16 17 9 10 10 1
0 17 16 18 10 10 11 1
0 16 19 18 10 11 11 1
0 18 19 20 11 11 12 1
0 18 20 21 11 12 12 1
0 21 20 22 12 12 13 1
0 20 23 22 12 13 13 1
0 22 23 24 13 13 14 1
0 22 24 25 13 14 14 1
0 25 24 26 14 14 15 1
0 24 27 26 14 15 15 1
0 26 27 28 15 15 16 1
0 26 28 29 15 16 17 1
0 29 28 30 17 16 18 1
0 28 31 30 16 18 18 1
0 30 31 32 18 18 19 1
0 30 32 33 18 19 20 1
0 33 32 34 20 19 21 1
0 32 35 34 19 21 21 1
0 34 35 36 21 21 22 1
0 34 36 37 21 22 22 1
0 37 36 38 22 22 23 1
0 36 39 38 22 23 23 1
0 38 39 40 23 23 24 1
0 38 40 41 23 24 25 1
0 41 40 42 25 24 26 1
0 40 43 42 24 26 26 1
0 42 43 44 26 26 27 1
0 42 44 45 26 27 27 1
0 45 44 46 27 27 28 1
0 44 47 46 27 29 28 1
0 46 47 48 28 29 30 1
0 46 48 49 28 30 30 1
0 49 48 50 30 30 31 1
0 48 51 50 30 31 31 1
0 50 51 52 31 31 32 1
0 50 52 53 31 32 32 1
0 53 52 54 32 32 33 1
0 52 55 54 32 33 33 1
0 54 55 56 33 33 34 1
0 54 56 57 33 34 35 1
0 57 56 58 35 34 36 1
0 56 59 58 34 37 36 1
0 58 59 60 36 37 38 1
0 58 60 61 36 38 38 1
"Duplicate54" 0 3
62
0 59.619698 36.944740 -1.918625 -0.111328 1 -1
0 55.178192 64.385567 -1.918625 -0.111328 0 -1
0 58.316872 36.944740 10.477006 0.022005 1 -1
0 53.975670 64.385567 9.522789 0.022005 0 -1
0 50.420589 64.385567 20.464148 0.155339 0 -1
0 54.465305 36.944740 22.330889 0.155339 1 -1
0 48.233353 36.944740 33.124954 0.288672 1 -1
0 44.668407 64.385567 30.427294 0.288672 0 -1
0 36.970428 64.385567 38.976768 0.422005 0 -1
0 39.893360 36.944740 42.387444 0.422005 1 -1
0 29.809849 36.944740 49.713543 0.555339 1 -1
0 27.663134 64.385567 45.738930 0.555339 0 -1
0 17.153305 64.385567 50.418171 0.688672 0 -1
0 18.423502 36.944740 54.783077 0.688672 1 -1
0 6.231955 36.944740 57.374466 0.822005 1 -1
0 5.900268 64.385567 52.810085 0.822005 0 -1
0 -5.604165 64.385567 52.810085 0.955339 0 -1
0 -6.231955 36.944740 57.374466 0.955339 1 -1
0 -18.423498 36.944740 54.783077 1.088672 1 -1
0 -16.857212 64.385567 50.418171 1.088672 0 -1
0 -27.367035 64.385567 45.738930 1.222005 0 -1
0 -29.809849 36.944740 49.713543 1.222005 1 -1
0 -39.893360 36.944740 42.387444 1.355339 1 -1
0 -36.674309 64.385567 38.976768 1.355339 0 -1
0 -44.372303 64.385567 30.427294 1.488672 0 -1
0 -48.233353 36.944740 33.124954 1.488672 1 -1
0 -54.465298 36.944740 22.330889 1.622005 1 -1
0 -50.124519 64.385567 20.464148 1.622005 0 -1
0 -53.679585 64.385567 9.522789 1.755339 0 -1
0 -58.316872 36.944740 10.477006 1.755339 1 -1
0 -59.619698 36.944740 -1.918625 1.888672 1 -1
0 -54.882164 64.385567 -1.918625 1.888672 0 -1
0 -53.679585 64.385567 -13.360045 2.022005 0 -1
0 -58.316872 36.944740 -14.314259 2.022005 1 -1
0 -54.465298 36.944740 -26.168140 2.155339 1 -1
0 -50.124519 64.385567 -24.301426 2.155339 0 -1
0 -44.372303 64.385567 -34.264545 2.288672 0 -1
0 -48.233353 36.944740 -36.962204 2.288672 1 -1
0 -39.893360 36.944740 -46.224697 2.422005 1 -1
0 -36.674309 64.385567 -42.814003 2.422005 0 -1
0 -27.367035 64.385567 -49.576172 2.555339 0 -1
0 -29.809849 36.944740 -53.550800 2.555339 1 -1
0 -18.423498 36.944740 -58.620327 2.688672 1 -1
0 -16.857212 64.385567 -54.255436 2.688672 0 -1
0 -5.604165 64.385567 -56.647346 2.822005 0 -1
0 -6.231955 36.944740 -61.211720 2.822005 1 -1
0 6.231955 36.944740 -61.211720 2.955338 1 -1
0 5.900268 64.385567 -56.647346 2.955338 0 -1
0 17.153305 64.385567 -54.255436 3.088672 0 -1
0 18.423502 36.944740 -58.620327 3.088672 1 -1
0 29.809849 36.944740 -53.550800 3.222005 1 -1
0 27.663134 64.385567 -49.576172 3.222005 0 -1
0 36.970428 64.385567 -42.814003 3.355339 0 -1
0 39.893360 36.944740 -46.224697 3.355339 1 -1
0 48.233353 36.944740 -36.962204 3.488672 1 -1
0 44.668407 64.385567 -34.264545 3.488672 0 -1
0 50.420589 64.385567 -24.301426 3.622005 0 -1
0 54.465305 36.944740 -26.168140 3.622005 1 -1
0 58.316872 36.944740 -14.314259 3.755338 1 -1
0 53.975670 64.385567 -13.360045 3.755338 0 -1
0 55.178192 64.385567 -1.918625 3.888672 0 -1
0 59.619698 36.944740 -1.918625 3.888672 1 -1
62
0.981882 0.158925 0.103199
0.981882 0.158925 0.103199
0.965564 0.159891 0.205235
0.965564 0.159891 0.205235
0.901744 0.160226 0.401478
0.901744 0.160227 0.401478
0.798497 0.160768 0.580134
0.798498 0.160768 0.580134
0.660353 0.161493 0.733385
0.660352 0.161493 0.733386
0.493372 0.162370 0.854529
0.493371 0.162369 0.854530
0.304874 0.163360 0.938278
0.304874 0.163360 0.938278
0.103115 0.164419 0.980986
0.103116 0.164419 0.980986
-0.103078 0.165501 0.980808
-0.103077 0.165501 0.980808
-0.304691 0.166559 0.937775
-0.304691 0.166560 0.937775
-0.492925 0.167547 0.853788
-0.492925 0.167546 0.853788
-0.659567 0.168421 0.732534
-0.659567 0.168421 0.732533
-0.797357 0.169144 0.579321
-0.797357 0.169144 0.579321
-0.900296 0.169684 0.400842
-0.900296 0.169683 0.400842
-0.963906 0.170017 0.204888
-0.963906 0.170017 0.204887
-0.985422 0.170129 0
-0.985422 0.170129 0
-0.963906 0.170017 -0.204888
-0.963906 0.170017 -0.204887
-0.900296 0.169683 -0.400842
-0.900296 0.169683 -0.400842
-0.797357 0.169144 -0.579321
-0.797357 0.169144 -0.579321
-0.659567 0.168421 -0.732534
-0.659567 0.168422 -0.732534
-0.492925 0.167547 -0.853787
-0.492925 0.167546 -0.853788
-0.304692 0.166559 -0.937775
-0.304692 0.166559 -0.937775
-0.103078 0.165501 -0.980808
-0.103078 0.165501 -0.980808
0.103115 0.164419 -0.980986
0.103115 0.164419 -0.980986
0.304874 0.163360 -0.938278
0.304874 0.163360 -0.938278
0.493372 0.162370 -0.854529
0.493372 0.162370 -0.854529
0.660353 0.161493 -0.733385
0.660352 0.161494 -0.733386
0.798497 0.160768 -0.580135
0.798497 0.160768 -0.580135
0.901744 0.160226 -0.401478
0.901744 0.160226 -0.401478
0.965564 0.159891 -0.205235
0.965564 0.159891 -0.205235
0.981882 0.158925 -0.103199
0.981882 0.158925 -0.103199
60
0 0 1 2 0 1 2 1
0 1 3 2 1 3 2 1
0 2 3 4 2 3 4 1
0 2 4 5 2 4 5 1
0 5 4 6 5 4 6 1
0 4 7 6 4 7 6 1
0 6 7 8 6 7 8 1
0 6 8 9 6 8 9 1
0 9 8 10 9 8 10 1
0 8 11 10 8 11 10 1
0 10 11 12 10 11 12 1
0 10 12 13 10 12 13 1
0 13 12 14 13 12 14 1
0 12 15 14 12 15 14 1
0 14 15 16 14 15 16 1
0 14 16 17 14 16 17 1
0 17 16 18 17 16 18 1
0 16 19 18 16 19 18 1
0 18 19 20 18 19 20 1
0 18 20 21 18 20 21 1
0 21 20 22 21 20 22 1
0 20 23 22 20 23 22 1
0 22 23 24 22 23 24 1
0 22 24 25 22 24 25 1
0 25 24 26 25 24 26 1
0 24 27 26 24 27 26 1
0 26 27 28 26 27 28 1
0 26 28 29 26 28 29 1
0 29 28 30 29 28 30 1
0 28 31 30 28 31 30 1
0 30 31 32 30 31 32 1
0 30 32 33 30 32 33 1
0 33 32 34 33 32 34 1
0 32 35 34 32 35 34 1
0 34 35 36 34 35 36 1
0 34 36 37 34 36 37 1
0 37 36 38 37 36 38 1
0 36 39 38 36 39 38 1
0 38 39 40 38 39 40 1
0 38 40 41 38 40 41 1
0 41 40 42 41 40 42 1
0 40 43 42 40 43 42 1
0 42 43 44 42 43 44 1
0 42 44 45 42 44 45 1
0 45 44 46 45 44 46 1
0 44 47 46 44 47 46 1
0 46 47 48 46 47 48 1
0 46 48 49 46 48 49 1
0 49 48 50 49 48 50 1
0 48 51 50 48 51 50 1
0 50 51 52 50 51 52 1
0 50 52 53 50 52 53 1
0 53 52 54 53 52 54 1
0 52 55 54 52 55 54 1
0 54 55 56 54 55 56 1
0 54 56 57 54 56 57 1
0 57 56 58 57 56 58 1
0 56 59 58 56 59 58 1
0 58 59 60 58 59 60 1
0 58 60 61 58 60 61 1
"Duplicate55" 0 0
62
0 45.996021 65.154694 -1.918625 -0.111328 1 -1
0 45.996021 79.294044 -1.918625 -0.111328 0 -1
0 45.000828 65.154694 7.550068 0.022005 1 -1
0 45.000828 79.294044 7.550068 0.022005 0 -1
0 42.058723 79.294044 16.604935 0.155339 0 -1
0 42.058723 65.154694 16.604935 0.155339 1 -1
0 37.298294 65.154694 24.850233 0.288672 1 -1
0 37.298294 79.294044 24.850233 0.288672 0 -1
0 30.927605 79.294044 31.925606 0.422005 0 -1
0 30.927605 65.154694 31.925606 0.422005 1 -1
0 23.225079 65.154694 37.521820 0.555339 1 -1
0 23.225079 79.294044 37.521820 0.555339 0 -1
0 14.527347 79.294044 41.394295 0.688672 0 -1
0 14.527347 65.154694 41.394295 0.688672 1 -1
0 5.214548 65.154694 43.373795 0.822005 1 -1
0 5.214548 79.294044 43.373795 0.822005 0 -1
0 -4.306302 79.294044 43.373795 0.955339 0 -1
0 -4.306302 65.154694 43.373795 0.955339 1 -1
0 -13.619100 65.154694 41.394295 1.088672 1 -1
0 -13.619100 79.294044 41.394295 1.088672 0 -1
0 -22.316833 79.294044 37.521820 1.222005 0 -1
0 -22.316833 65.154694 37.521820 1.222005 1 -1
0 -30.019358 65.154694 31.925606 1.355339 1 -1
0 -30.019358 79.294044 31.925606 1.355339 0 -1
0 -36.390045 79.294044 24.850233 1.488672 0 -1
0 -36.390045 65.154694 24.850233 1.488672 1 -1
0 -41.150467 65.154694 16.604935 1.622005 1 -1
0 -41.150467 79.294044 16.604935 1.622005 0 -1
0 -44.092579 79.294044 7.550068 1.755339 0 -1
0 -44.092579 65.154694 7.550068 1.755339 1 -1
0 -45.087765 65.154694 -1.918625 1.888672 1 -1
0 -45.087765 79.294044 -1.918625 1.888672 0 -1
0 -44.092579 79.294044 -11.387320 2.022005 0 -1
0 -44.092579 65.154694 -11.387320 2.022005 1 -1
0 -41.150467 65.154694 -20.442183 2.155339 1 -1
0 -41.150467 79.294044 -20.442183 2.155339 0 -1
0 -36.390045 79.294044 -28.687485 2.288672 0 -1
0 -36.390045 65.154694 -28.687485 2.288672 1 -1
0 -30.019358 65.154694 -35.762852 2.422005 1 -1
0 -30.019358 79.294044 -35.762852 2.422005 0 -1
0 -22.316833 79.294044 -41.359066 2.555339 0 -1
0 -22.316833 65.154694 -41.359066 2.555339 1 -1
0 -13.619100 65.154694 -45.231548 2.688672 1 -1
0 -13.619100 79.294044 -45.231548 2.688672 0 -1
0 -4.306302 79.294044 -47.211052 2.822005 0 -1
0 -4.306302 65.154694 -47.211052 2.822005 1 -1
0 5.214548 65.154694 -47.211052 2.955338 1 -1
0 5.214548 79.294044 -47.211052 2.955338 0 -1
0 14.527347 79.294044 -45.231548 3.088672 0 -1
0 14.527347 65.154694 -45.231548 3.088672 1 -1
0 23.225079 65.154694 -41.359066 3.222005 1 -1
0 23.225079 79.294044 -41.359066 3.222005 0 -1
0 30.927605 79.294044 -35.762852 3.355339 0 -1
0 30.927605 65.154694 -35.762852 3.355339 1 -1
0 37.298294 65.154694 -28.687485 3.488672 1 -1
0 37.298294 79.294044 -28.687485 3.488672 0 -1
0 42.058723 79.294044 -20.442183 3.622005 0 -1
0 42.058723 65.154694 -20.442183 3.622005 1 -1
0 45.000828 65.154694 -11.387320 3.755338 1 -1
0 45.000828 79.294044 -11.387320 3.755338 0 -1
0 45.996021 79.294044 -1.918625 3.888672 0 -1
0 45.996021 65.154694 -1.918625 3.888672 1 -1
40
0.994522 0 0.104528
0.978148 0 0.207911
0.913545 0 0.406737
0.913545 0 0.406737
0.809017 0 0.587785
0.669131 0 0.743145
0.500000 0 0.866026
0.500000 0 0.866026
0.309017 0 0.951057
0.104529 0 0.994522
-0.104529 0 0.994522
-0.309017 0 0.951057
-0.500000 0 0.866025
-0.669131 0 0.743145
-0.809017 0 0.587785
-0.913545 0 0.406737
-0.913545 0 0.406737
-0.978148 0 0.207911
-0.978148 0 0.207911
-1 0 0
-0.978148 0 -0.207911
-0.978148 0 -0.207911
-0.913545 0 -0.406737
-0.809017 0 -0.587785
-0.669131 0 -0.743145
-0.669131 0 -0.743145
-0.500000 0 -0.866025
-0.500000 0 -0.866025
-0.309017 0 -0.951056
-0.104529 0 -0.994522
0.104529 0 -0.994522
0.309017 0 -0.951056
0.309017 0 -0.951056
0.500000 0 -0.866025
0.669131 0 -0.743145
0.669131 0 -0.743145
0.809017 0 -0.587785
0.913545 0 -0.406737
0.978148 0 -0.207911
0.994522 0 -0.104528
60
0 0 1 2 0 0 1 1
0 1 3 2 0 1 1 1
0 2 3 4 1 1 2 1
0 2 4 5 1 2 3 1
0 5 4 6 3 2 4 1
0 4 7 6 2 4 4 1
0 6 7 8 4 4 5 1
0 6 8 9 4 5 5 1
0 9 8 10 5 5 6 1
0 8 11 10 5 7 6 1
0 10 11 12 6 7 8 1
0 10 12 13 6 8 8 1
0 13 12 14 8 8 9 1
0 12 15 14 8 9 9 1
0 14 15 16 9 9 10 1
0 14 16 17 9 10 10 1
0 17 16 18 10 10 11 1
0 16 19 18 10 11 11 1
0 18 19 20 11 11 12 1
0 18 20 21 11 12 12 1
0 21 20 22 12 12 13 1
0 20 23 22 12 13 13 1
0 22 23 24 13 13 14 1
0 22 24 25 13 14 14 1
0 25 24 26 14 14 15 1
0 24 27 26 14 16 15 1
0 26 27 28 15 16 17 1
0 26 28 29 15 17 18 1
0 29 28 30 18 17 19 1
0 28 31 30 17 19 19 1
0 30 31 32 19 19 20 1
0 30 32 33 19 20 21 1
0 33 32 34 21 20 22 1
0 32 35 34 20 22 22 1
0 34 35 36 22 22 23 1
0 34 36 37 22 23 23 1
0 37 36 38 23 23 24 1
0 36 39 38 23 25 24 1
0 38 39 40 24 25 26 1
0 38 40 41 24 26 27 1
0 41 40 42 27 26 28 1
0 40 43 42 26 28 28 1
0 42 43 44 28 28 29 1
0 42 44 45 28 29 29 1
0 45 44 46 29 29 30 1
0 44 47 46 29 30 30 1
0 46 47 48 30 30 31 1
0 46 48 49 30 31 32 1
0 49 48 50 32 31 33 1
0 48 51 50 31 33 33 1
0 50 51 52 33 33 34 1
0 50 52 53 33 34 35 1
0 53 52 54 35 34 36 1
0 52 55 54 34 36 36 1
0 54 55 56 36 36 37 1
0 54 56 57 36 37 37 1
0 57 56 58 37 37 38 1
0 56 59 58 37 38 38 1
0 58 59 60 38 38 39 1
0 58 60 61 38 39 39 1

Materials: 4
"ELECTRO_1"
0.200000 0.200000 0.200000 0.880000
0.800000 0.800000 0.800000 0.880000
0 0 0 0.880000
1 1 1 0.880000
0
0.880000
"ELECTRO_1.ini"
""
"ELECTRO_2"
0.200000 0.200000 0.200000 0.910000
0.800000 0.800000 0.800000 0.910000
0 0 0 0.910000
1 1 1 0.910000
0
0.910000
"ELECTRO_2.ini"
""
"ELECTRO_3"
0.200000 0.200000 0.200000 0.930000
0.800000 0.800000 0.800000 0.930000
0 0 0 0.930000
1 1 1 0.930000
0
0.930000
"ELECTRO_3.ini"
""
"ELECTRO_4"
0.200000 0.200000 0.200000 0.900000
0.800000 0.800000 0.800000 0.900000
0 0 0 0.900000
1 1 1 0.900000
0
0.900000
"ELECTRO_4.ini"
""

Bones: 0
GroupComments: 0
MaterialComments: 0
BoneComments: 0
ModelComment: 0
