Meshes: 3
"Cylinder03" 0 0
19
0 5.231193 -0.015977 -0.000028 1 0.500000 -1
0 4.915709 -0.015977 1.789157 0.969846 0.673648 -1
0 -0.000032 -0.015977 -0.000028 0.500000 0.500000 -1
0 4.007320 -0.015977 3.362537 0.883022 0.826352 -1
0 2.615581 -0.015977 4.530344 0.750000 0.939693 -1
0 0.908361 -0.015977 5.151721 0.586824 1 -1
0 -0.908425 -0.015977 5.151721 0.413176 1 -1
0 -2.615644 -0.015977 4.530344 0.250000 0.939693 -1
0 -4.007383 -0.015977 3.362537 0.116978 0.826352 -1
0 -4.915772 -0.015977 1.789157 0.030154 0.673648 -1
0 -5.231257 -0.015977 -0.000028 0 0.500000 -1
0 -4.915772 -0.015977 -1.789213 0.030154 0.326352 -1
0 -4.007383 -0.015977 -3.362593 0.116978 0.173648 -1
0 -2.615644 -0.015977 -4.530401 0.250000 0.060307 -1
0 -0.908425 -0.015977 -5.151777 0.413176 0 -1
0 0.908361 -0.015977 -5.151777 0.586824 0 -1
0 2.615581 -0.015977 -4.530401 0.750000 0.060307 -1
0 4.007320 -0.015977 -3.362593 0.883022 0.173648 -1
0 4.915709 -0.015977 -1.789213 0.969846 0.326352 -1
1
0 -1 0
18
0 0 1 2 0 0 0 2
0 1 3 2 0 0 0 2
0 3 4 2 0 0 0 2
0 4 5 2 0 0 0 2
0 5 6 2 0 0 0 2
0 6 7 2 0 0 0 2
0 7 8 2 0 0 0 2
0 8 9 2 0 0 0 2
0 9 10 2 0 0 0 2
0 10 11 2 0 0 0 2
0 11 12 2 0 0 0 2
0 12 13 2 0 0 0 2
0 13 14 2 0 0 0 2
0 14 15 2 0 0 0 2
0 15 16 2 0 0 0 2
0 16 17 2 0 0 0 2
0 17 18 2 0 0 0 2
0 18 0 2 0 0 0 2
"Duplicate44" 0 1
24
0 -2.612101 -0.000890 4.524209 0.978074 0.967756 -1
0 -6.048467 -0.002241 10.476165 0.469607 1.004550 -1
0 -9.266758 -0.002241 7.775684 0.468949 -0.014348 -1
0 -4.001955 -0.000890 3.357984 0.978349 -0.001829 -1
0 2.612041 -0.000890 4.524211 0.978074 0.967756 -1
0 6.048402 -0.002241 10.476171 0.469607 1.004550 -1
0 2.100569 -0.002241 11.913057 0.468949 -0.014348 -1
0 0.907131 -0.000890 5.144749 0.978349 -0.001829 -1
0 5.224113 -0.000890 -0.000029 0.978074 0.967756 -1
0 12.096839 -0.002241 -0.000026 0.469607 1.004550 -1
0 11.367307 -0.002241 4.137342 0.468949 -0.014348 -1
0 4.909059 -0.000890 1.786736 0.978349 -0.001829 -1
0 2.612041 -0.000890 -4.524272 0.978074 0.967756 -1
0 6.048411 -0.002241 -10.476235 0.469607 1.004550 -1
0 9.266711 -0.002241 -7.775753 0.468949 -0.014348 -1
0 4.001897 -0.000890 -3.358045 0.978349 -0.001829 -1
0 -2.612106 -0.000890 -4.524272 0.978074 0.967756 -1
0 -6.048471 -0.002241 -10.476241 0.469607 1.004550 -1
0 -2.100638 -0.002241 -11.913130 0.468949 -0.014348 -1
0 -0.907195 -0.000890 -5.144813 0.978349 -0.001829 -1
0 -5.224182 -0.000890 -0.000028 0.978074 0.967756 -1
0 -12.096917 -0.002241 -0.000032 0.469607 1.004550 -1
0 -11.367386 -0.002241 -4.137402 0.468949 -0.014348 -1
0 -4.909129 -0.000890 -1.786794 0.978349 -0.001829 -1
18
0.000128 -1 -0.000153
0.000128 -1 -0.000153
0.000128 -1 -0.000153
-0.000068 -1 -0.000188
-0.000068 -1 -0.000188
-0.000068 -1 -0.000188
-0.000197 -1 -0.000035
-0.000197 -1 -0.000035
-0.000197 -1 -0.000035
-0.000128 -1 0.000153
-0.000128 -1 0.000153
-0.000128 -1 0.000153
0.000068 -1 0.000188
0.000068 -1 0.000188
0.000068 -1 0.000188
0.000197 -1 0.000035
0.000197 -1 0.000035
0.000197 -1 0.000035
12
0 0 1 2 0 1 0 1
0 0 2 3 0 0 2 1
0 4 5 6 3 4 3 1
0 4 6 7 3 3 5 1
0 8 9 10 6 7 6 1
0 8 10 11 6 6 8 1
0 12 13 14 9 10 9 1
0 12 14 15 9 9 11 1
0 16 17 18 12 13 12 1
0 16 18 19 12 12 14 1
0 20 21 22 15 16 15 1
0 20 22 23 15 15 17 1
"Duplicate45" 0 1
24
0 -0.907194 -0.000890 5.144746 0.978074 0.967756 -1
0 -2.100634 -0.002241 11.913060 0.469607 1.004550 -1
0 -6.048458 -0.002241 10.476162 0.468949 -0.014348 -1
0 -2.612102 -0.000890 4.524211 0.978349 -0.001829 -1
0 4.001896 -0.000890 3.357986 0.978074 0.967756 -1
0 9.266710 -0.002241 7.775697 0.469607 1.004550 -1
0 6.048405 -0.002241 10.476166 0.468949 -0.014348 -1
0 2.612040 -0.000890 4.524212 0.978349 -0.001829 -1
0 4.909060 -0.000890 -1.786792 0.978074 0.967756 -1
0 11.367312 -0.002241 -4.137400 0.469607 1.004550 -1
0 12.096838 -0.002241 -0.000029 0.468949 -0.014348 -1
0 5.224116 -0.000890 -0.000027 0.978349 -0.001829 -1
0 0.907132 -0.000890 -5.144810 0.978074 0.967756 -1
0 2.100572 -0.002241 -11.913136 0.469607 1.004550 -1
0 6.048405 -0.002241 -10.476236 0.468949 -0.014348 -1
0 2.612043 -0.000890 -4.524273 0.978349 -0.001829 -1
0 -4.001962 -0.000890 -3.358046 0.978074 0.967756 -1
0 -9.266783 -0.002241 -7.775763 0.469607 1.004550 -1
0 -6.048479 -0.002241 -10.476237 0.468949 -0.014348 -1
0 -2.612107 -0.000890 -4.524276 0.978349 -0.001829 -1
0 -4.909128 -0.000890 1.786738 0.978074 0.967756 -1
0 -11.367390 -0.002241 4.137348 0.469607 1.004550 -1
0 -12.096917 -0.002241 -0.000024 0.468949 -0.014348 -1
0 -5.224186 -0.000890 -0.000029 0.978349 -0.001829 -1
18
0.000068 -1 -0.000188
0.000068 -1 -0.000188
0.000068 -1 -0.000188
-0.000128 -1 -0.000153
-0.000128 -1 -0.000153
-0.000128 -1 -0.000153
-0.000197 -1 0.000035
-0.000197 -1 0.000035
-0.000197 -1 0.000035
-0.000068 -1 0.000188
-0.000068 -1 0.000188
-0.000068 -1 0.000188
0.000128 -1 0.000153
0.000128 -1 0.000153
0.000128 -1 0.000153
0.000197 -1 -0.000035
0.000197 -1 -0.000035
0.000197 -1 -0.000035
12
0 0 1 2 0 1 0 1
0 0 2 3 0 0 2 1
0 4 5 6 3 4 3 1
0 4 6 7 3 3 5 1
0 8 9 10 6 7 6 1
0 8 10 11 6 6 8 1
0 12 13 14 9 10 9 1
0 12 14 15 9 9 11 1
0 16 17 18 12 13 12 1
0 16 18 19 12 12 14 1
0 20 21 22 15 16 15 1
0 20 22 23 15 15 17 1

Materials: 2
"PLATFORM"
0.200000 0.200000 0.200000 0.880000
0.800000 0.800000 0.800000 0.880000
0 0 0 0.880000
1 1 1 0.880000
0
0.880000
"PLATFORM.1.png"
""
"PLATFORM_3"
0.200000 0.200000 0.200000 0.770000
0.800000 0.800000 0.800000 0.770000
0 0 0 0.770000
1 1 1 0.770000
0
0.770000
"PLATFORM_3.1.png"
""

Bones: 0
GroupComments: 0
MaterialComments: 0
BoneComments: 0
ModelComment: 0
