// MilkShape 3D ASCII

Frames: 30
Frame: 1

Meshes: 10
"Regroup01" 0 1
16
0 -2.058226 2.360983 -2.358579 1.001953 0.258682 -1
0 -2.058226 2.360983 2.358579 0.001953 0.258681 -1
0 -1.777756 2.360983 -2.358579 1.001953 -0.007796 -1
0 -1.777756 2.360983 2.358579 0.001953 -0.007796 -1
0 2.058226 2.360983 2.358579 1.001953 0.258682 -1
0 2.058226 2.360983 -2.358579 0.001953 0.258681 -1
0 1.777756 2.360983 2.358579 1.001953 -0.007796 -1
0 1.777755 2.360983 -2.358579 0.001953 -0.007796 -1
0 -2.358579 2.363120 2.058226 1.001953 0.258682 -1
0 2.358579 2.363120 2.058226 0.001953 0.258681 -1
0 -2.358579 2.363120 1.777756 1.001953 -0.007796 -1
0 2.358579 2.363120 1.777755 0.001953 -0.007796 -1
0 2.358579 2.363120 -2.058226 1.001953 0.258682 -1
0 -2.358579 2.363120 -2.058226 0.001953 0.258681 -1
0 2.358579 2.363120 -1.777756 1.001953 -0.007796 -1
0 -2.358579 2.363120 -1.777755 0.001953 -0.007796 -1
1
0 1 0
8
0 0 1 2 0 0 0 3
0 1 3 2 0 0 0 3
0 4 5 6 0 0 0 3
0 5 7 6 0 0 0 3
0 8 9 10 0 0 0 3
0 9 11 10 0 0 0 3
0 12 13 14 0 0 0 3
0 13 15 14 0 0 0 3
"Duplicate04" 0 1
16
0 2.058226 -2.358579 2.360983 1.001953 0.258682 -1
0 2.058226 2.358579 2.360983 0.001953 0.258681 -1
0 1.777756 -2.358579 2.360983 1.001953 -0.007796 -1
0 1.777756 2.358579 2.360983 0.001953 -0.007796 -1
0 -2.058226 2.358579 2.360983 1.001953 0.258682 -1
0 -2.058226 -2.358579 2.360983 0.001953 0.258681 -1
0 -1.777756 2.358579 2.360983 1.001953 -0.007796 -1
0 -1.777755 -2.358579 2.360983 0.001953 -0.007796 -1
0 2.358579 2.058226 2.363120 1.001953 0.258682 -1
0 -2.358579 2.058226 2.363120 0.001953 0.258681 -1
0 2.358579 1.777756 2.363120 1.001953 -0.007796 -1
0 -2.358579 1.777755 2.363120 0.001953 -0.007796 -1
0 -2.358579 -2.058226 2.363120 1.001953 0.258682 -1
0 2.358579 -2.058226 2.363120 0.001953 0.258681 -1
0 -2.358579 -1.777756 2.363120 1.001953 -0.007796 -1
0 2.358579 -1.777755 2.363120 0.001953 -0.007796 -1
1
0 0 1
8
0 0 1 2 0 0 0 3
0 1 3 2 0 0 0 3
0 4 5 6 0 0 0 3
0 5 7 6 0 0 0 3
0 8 9 10 0 0 0 3
0 9 11 10 0 0 0 3
0 12 13 14 0 0 0 3
0 13 15 14 0 0 0 3
"Duplicate05" 0 1
16
0 2.360983 -2.358579 -2.058226 1.001953 0.258682 -1
0 2.360983 2.358579 -2.058226 0.001953 0.258681 -1
0 2.360983 -2.358579 -1.777756 1.001953 -0.007796 -1
0 2.360983 2.358579 -1.777756 0.001953 -0.007796 -1
0 2.360983 2.358579 2.058226 1.001953 0.258682 -1
0 2.360983 -2.358579 2.058226 0.001953 0.258681 -1
0 2.360983 2.358579 1.777756 1.001953 -0.007796 -1
0 2.360983 -2.358579 1.777755 0.001953 -0.007796 -1
0 2.363120 2.058226 -2.358579 1.001953 0.258682 -1
0 2.363120 2.058226 2.358579 0.001953 0.258681 -1
0 2.363120 1.777756 -2.358579 1.001953 -0.007796 -1
0 2.363120 1.777755 2.358579 0.001953 -0.007796 -1
0 2.363120 -2.058226 2.358579 1.001953 0.258682 -1
0 2.363120 -2.058226 -2.358579 0.001953 0.258681 -1
0 2.363120 -1.777756 2.358579 1.001953 -0.007796 -1
0 2.363120 -1.777755 -2.358579 0.001953 -0.007796 -1
1
1 0 0
8
0 0 1 2 0 0 0 3
0 1 3 2 0 0 0 3
0 4 5 6 0 0 0 3
0 5 7 6 0 0 0 3
0 8 9 10 0 0 0 3
0 9 11 10 0 0 0 3
0 12 13 14 0 0 0 3
0 13 15 14 0 0 0 3
"Duplicate06" 0 1
16
0 -2.058226 -2.358579 -2.360983 1.001953 0.258682 -1
0 -2.058226 2.358579 -2.360983 0.001953 0.258681 -1
0 -1.777756 -2.358579 -2.360983 1.001953 -0.007796 -1
0 -1.777756 2.358579 -2.360983 0.001953 -0.007796 -1
0 2.058226 2.358579 -2.360983 1.001953 0.258682 -1
0 2.058226 -2.358579 -2.360983 0.001953 0.258681 -1
0 1.777756 2.358579 -2.360983 1.001953 -0.007796 -1
0 1.777755 -2.358579 -2.360983 0.001953 -0.007796 -1
0 -2.358579 2.058226 -2.363120 1.001953 0.258682 -1
0 2.358579 2.058226 -2.363120 0.001953 0.258681 -1
0 -2.358579 1.777756 -2.363120 1.001953 -0.007796 -1
0 2.358579 1.777755 -2.363120 0.001953 -0.007796 -1
0 2.358579 -2.058226 -2.363120 1.001953 0.258682 -1
0 -2.358579 -2.058226 -2.363120 0.001953 0.258681 -1
0 2.358579 -1.777756 -2.363120 1.001953 -0.007796 -1
0 -2.358579 -1.777755 -2.363120 0.001953 -0.007796 -1
1
0 0 -1
8
0 0 1 2 0 0 0 3
0 1 3 2 0 0 0 3
0 4 5 6 0 0 0 3
0 5 7 6 0 0 0 3
0 8 9 10 0 0 0 3
0 9 11 10 0 0 0 3
0 12 13 14 0 0 0 3
0 13 15 14 0 0 0 3
"Duplicate07" 0 1
16
0 -2.360983 -2.358579 2.058226 1.001953 0.258682 -1
0 -2.360983 2.358579 2.058226 0.001953 0.258681 -1
0 -2.360983 -2.358579 1.777757 1.001953 -0.007796 -1
0 -2.360983 2.358579 1.777756 0.001953 -0.007796 -1
0 -2.360983 2.358579 -2.058226 1.001953 0.258682 -1
0 -2.360983 -2.358579 -2.058226 0.001953 0.258681 -1
0 -2.360983 2.358579 -1.777756 1.001953 -0.007796 -1
0 -2.360983 -2.358579 -1.777754 0.001953 -0.007796 -1
0 -2.363120 2.058226 2.358579 1.001953 0.258682 -1
0 -2.363120 2.058226 -2.358579 0.001953 0.258681 -1
0 -2.363120 1.777756 2.358579 1.001953 -0.007796 -1
0 -2.363120 1.777755 -2.358579 0.001953 -0.007796 -1
0 -2.363120 -2.058226 -2.358579 1.001953 0.258682 -1
0 -2.363120 -2.058226 2.358579 0.001953 0.258681 -1
0 -2.363120 -1.777756 -2.358579 1.001953 -0.007796 -1
0 -2.363120 -1.777755 2.358579 0.001953 -0.007796 -1
1
-1 0 0
8
0 0 1 2 0 0 0 3
0 1 3 2 0 0 0 3
0 4 5 6 0 0 0 3
0 5 7 6 0 0 0 3
0 8 9 10 0 0 0 3
0 9 11 10 0 0 0 3
0 12 13 14 0 0 0 3
0 13 15 14 0 0 0 3
"Regroup02" 0 0
16
0 -2.358579 2.362052 2.340968 0 0.691013 -1
0 2.358579 2.362052 2.340968 1 0.691013 -1
0 -2.358579 2.362052 2.060490 -0 1.140643 -1
0 2.358579 2.362052 2.060490 1 1.140643 -1
0 2.358579 2.362052 -2.340968 0 0.691013 -1
0 -2.358579 2.362052 -2.340968 1 0.691013 -1
0 2.358579 2.362052 -2.060490 -0 1.140643 -1
0 -2.358579 2.362052 -2.060490 1 1.140643 -1
0 -2.340968 2.365893 -2.358579 0.011719 0.254104 -1
0 -2.340968 2.365893 2.358579 1.011719 0.254104 -1
0 -2.060490 2.365893 -2.358579 0.011719 0.426240 -1
0 -2.060490 2.365893 2.358579 1.011719 0.426240 -1
0 2.340968 2.365893 2.358579 0.011719 0.254104 -1
0 2.340968 2.365893 -2.358579 1.011719 0.254104 -1
0 2.060490 2.365893 2.358579 0.011719 0.426240 -1
0 2.060490 2.365893 -2.358579 1.011719 0.426240 -1
1
0 1 0
8
0 0 1 2 0 0 0 3
0 1 3 2 0 0 0 3
0 4 5 6 0 0 0 3
0 5 7 6 0 0 0 3
0 8 9 10 0 0 0 3
0 9 11 10 0 0 0 3
0 12 13 14 0 0 0 3
0 13 15 14 0 0 0 3
"Duplicate08" 0 1
16
0 -2.358579 -2.340968 2.362052 0 0.691013 -1
0 2.358579 -2.340968 2.362052 1 0.691013 -1
0 -2.358579 -2.060490 2.362052 -0 1.140643 -1
0 2.358579 -2.060490 2.362052 1 1.140643 -1
0 2.358579 2.340968 2.362052 0 0.691013 -1
0 -2.358579 2.340968 2.362052 1 0.691013 -1
0 2.358579 2.060490 2.362052 -0 1.140643 -1
0 -2.358579 2.060490 2.362052 1 1.140643 -1
0 -2.340968 2.358579 2.365893 0.011719 0.254104 -1
0 -2.340968 -2.358579 2.365893 1.011719 0.254104 -1
0 -2.060490 2.358579 2.365893 0.011719 0.426240 -1
0 -2.060490 -2.358579 2.365893 1.011719 0.426240 -1
0 2.340968 -2.358579 2.365893 0.011719 0.254104 -1
0 2.340968 2.358579 2.365893 1.011719 0.254104 -1
0 2.060490 -2.358579 2.365893 0.011719 0.426240 -1
0 2.060490 2.358579 2.365893 1.011719 0.426240 -1
1
0 0 1
8
0 0 1 2 0 0 0 3
0 1 3 2 0 0 0 3
0 4 5 6 0 0 0 3
0 5 7 6 0 0 0 3
0 8 9 10 0 0 0 3
0 9 11 10 0 0 0 3
0 12 13 14 0 0 0 3
0 13 15 14 0 0 0 3
"Duplicate09" 0 1
16
0 2.362052 -2.340968 2.358579 0 0.691013 -1
0 2.362052 -2.340968 -2.358579 1 0.691013 -1
0 2.362052 -2.060490 2.358579 -0 1.140643 -1
0 2.362052 -2.060490 -2.358579 1 1.140643 -1
0 2.362052 2.340968 -2.358579 0 0.691013 -1
0 2.362052 2.340968 2.358579 1 0.691013 -1
0 2.362052 2.060490 -2.358579 -0 1.140643 -1
0 2.362052 2.060490 2.358579 1 1.140643 -1
0 2.365893 2.358579 2.340968 0.011719 0.254104 -1
0 2.365893 -2.358579 2.340968 1.011719 0.254104 -1
0 2.365893 2.358579 2.060490 0.011719 0.426240 -1
0 2.365893 -2.358579 2.060490 1.011719 0.426240 -1
0 2.365893 -2.358579 -2.340968 0.011719 0.254104 -1
0 2.365893 2.358579 -2.340968 1.011719 0.254104 -1
0 2.365893 -2.358579 -2.060490 0.011719 0.426240 -1
0 2.365893 2.358579 -2.060490 1.011719 0.426240 -1
1
1 0 0
8
0 0 1 2 0 0 0 3
0 1 3 2 0 0 0 3
0 4 5 6 0 0 0 3
0 5 7 6 0 0 0 3
0 8 9 10 0 0 0 3
0 9 11 10 0 0 0 3
0 12 13 14 0 0 0 3
0 13 15 14 0 0 0 3
"Duplicate10" 0 1
16
0 2.358579 -2.340968 -2.362052 0 0.691013 -1
0 -2.358579 -2.340968 -2.362052 1 0.691013 -1
0 2.358579 -2.060490 -2.362052 -0 1.140643 -1
0 -2.358579 -2.060490 -2.362052 1 1.140643 -1
0 -2.358579 2.340968 -2.362052 0 0.691013 -1
0 2.358579 2.340968 -2.362052 1 0.691013 -1
0 -2.358579 2.060490 -2.362052 -0 1.140643 -1
0 2.358579 2.060490 -2.362052 1 1.140643 -1
0 2.340968 2.358579 -2.365893 0.011719 0.254104 -1
0 2.340968 -2.358579 -2.365893 1.011719 0.254104 -1
0 2.060490 2.358579 -2.365893 0.011719 0.426240 -1
0 2.060490 -2.358579 -2.365893 1.011719 0.426240 -1
0 -2.340968 -2.358579 -2.365893 0.011719 0.254104 -1
0 -2.340968 2.358579 -2.365893 1.011719 0.254104 -1
0 -2.060490 -2.358579 -2.365893 0.011719 0.426240 -1
0 -2.060490 2.358579 -2.365893 1.011719 0.426240 -1
1
0 0 -1
8
0 0 1 2 0 0 0 3
0 1 3 2 0 0 0 3
0 4 5 6 0 0 0 3
0 5 7 6 0 0 0 3
0 8 9 10 0 0 0 3
0 9 11 10 0 0 0 3
0 12 13 14 0 0 0 3
0 13 15 14 0 0 0 3
"Duplicate11" 0 1
16
0 -2.362052 -2.340968 -2.358579 0 0.691013 -1
0 -2.362052 -2.340968 2.358579 1 0.691013 -1
0 -2.362052 -2.060490 -2.358579 -0 1.140643 -1
0 -2.362052 -2.060490 2.358579 1 1.140643 -1
0 -2.362052 2.340968 2.358579 0 0.691013 -1
0 -2.362052 2.340968 -2.358579 1 0.691013 -1
0 -2.362052 2.060490 2.358579 -0 1.140643 -1
0 -2.362052 2.060490 -2.358579 1 1.140643 -1
0 -2.365893 2.358579 -2.340968 0.011719 0.254104 -1
0 -2.365893 -2.358579 -2.340968 1.011719 0.254104 -1
0 -2.365893 2.358579 -2.060490 0.011719 0.426240 -1
0 -2.365893 -2.358579 -2.060490 1.011719 0.426240 -1
0 -2.365893 -2.358579 2.340968 0.011719 0.254104 -1
0 -2.365893 2.358579 2.340968 1.011719 0.254104 -1
0 -2.365893 -2.358579 2.060490 0.011719 0.426240 -1
0 -2.365893 2.358579 2.060490 1.011719 0.426240 -1
1
-1 0 0
8
0 0 1 2 0 0 0 3
0 1 3 2 0 0 0 3
0 4 5 6 0 0 0 3
0 5 7 6 0 0 0 3
0 8 9 10 0 0 0 3
0 9 11 10 0 0 0 3
0 12 13 14 0 0 0 3
0 13 15 14 0 0 0 3

Materials: 2
"MOVEMENT_1"
0.200000 0.200000 0.200000 1
0.800000 0.800000 0.800000 1
0 0 0 1
1 1 1 1
0
1
"MOVEMENT_1.ini"
""
"MOVEMENT_2"
0.200000 0.200000 0.200000 1
0.800000 0.800000 0.800000 1
0 0 0 1
1 1 1 1
0
1
"MOVEMENT_2.ini"
""

Bones: 0
GroupComments: 0
MaterialComments: 0
BoneComments: 0
ModelComment: 0
