// MilkShape 3D ASCII

Frames: 30
Frame: 1

Meshes: 7
"Duplicate20" 0 3
20
0 -3.113407 3.113407 3.113408 0 0 -1
0 -3.113407 -3.113407 3.113408 0 1 -1
0 3.113407 3.113407 3.113408 1 0 -1
0 3.113407 -3.113407 3.113408 1 1 -1
0 3.113407 3.113407 3.113408 0 0 -1
0 3.113407 -3.113407 3.113408 0 1 -1
0 3.113407 3.113407 -3.113408 1 0 -1
0 3.113407 -3.113407 -3.113408 1 1 -1
0 3.113407 3.113407 -3.113408 0 0 -1
0 3.113407 -3.113407 -3.113408 0 1 -1
0 -3.113407 3.113407 -3.113408 1 0 -1
0 -3.113407 -3.113407 -3.113408 1 1 -1
0 -3.113407 3.113407 -3.113408 0 0 -1
0 -3.113407 -3.113407 -3.113408 0 1 -1
0 -3.113407 3.113407 3.113408 1 0 -1
0 -3.113407 -3.113407 3.113408 1 1 -1
0 -3.113407 3.113407 3.113408 0 1 -1
0 3.113407 3.113407 3.113408 1 1 -1
0 -3.113407 -3.113407 3.113408 0 0 -1
0 3.113407 -3.113407 3.113408 1 0 -1
6
0 0 1
1 0 0
0 0 -1
-1 0 0
0 1 0
0 -1 0
12
0 0 1 2 0 0 0 1
0 1 3 2 0 0 0 1
0 4 5 6 1 1 1 2
0 5 7 6 1 1 1 2
0 8 9 10 2 2 2 1
0 9 11 10 2 2 2 1
0 12 13 14 3 3 3 2
0 13 15 14 3 3 3 2
0 12 16 6 4 4 4 3
0 16 17 6 4 4 4 3
0 18 13 19 5 5 5 3
0 13 7 19 5 5 5 3
"Box02" 0 0
20
0 -2.358579 2.358579 2.358579 0 0 -1
0 -2.358579 -2.358579 2.358579 0 1 -1
0 2.358579 2.358579 2.358579 1 0 -1
0 2.358579 -2.358579 2.358579 1 1 -1
0 2.358579 2.358579 2.358579 0 0 -1
0 2.358579 -2.358579 2.358579 0 1 -1
0 2.358579 2.358579 -2.358579 1 0 -1
0 2.358579 -2.358579 -2.358579 1 1 -1
0 2.358579 2.358579 -2.358579 0 0 -1
0 2.358579 -2.358579 -2.358579 0 1 -1
0 -2.358579 2.358579 -2.358579 1 0 -1
0 -2.358579 -2.358579 -2.358579 1 1 -1
0 -2.358579 2.358579 -2.358579 0 0 -1
0 -2.358579 -2.358579 -2.358579 0 1 -1
0 -2.358579 2.358579 2.358579 1 0 -1
0 -2.358579 -2.358579 2.358579 1 1 -1
0 -2.358579 2.358579 2.358579 0 1 -1
0 2.358579 2.358579 2.358579 1 1 -1
0 -2.358579 -2.358579 2.358579 0 0 -1
0 2.358579 -2.358579 2.358579 1 0 -1
6
0 0 1
1 0 0
0 0 -1
-1 0 0
0 1 0
0 -1 0
12
0 0 1 2 0 0 0 1
0 1 3 2 0 0 0 1
0 4 5 6 1 1 1 2
0 5 7 6 1 1 1 2
0 8 9 10 2 2 2 1
0 9 11 10 2 2 2 1
0 12 13 14 3 3 3 2
0 13 15 14 3 3 3 2
0 12 16 6 4 4 4 3
0 16 17 6 4 4 4 3
0 18 13 19 5 5 5 3
0 13 7 19 5 5 5 3
"Regroup00" 0 1
20
0 -1.745075 2.365104 -1.745075 0 0 -1
0 -1.745075 2.365104 1.745075 0 6 -1
0 1.745075 2.365104 -1.745075 6 0 -1
0 1.745075 2.365104 1.745075 6 6 -1
0 -1.745075 1.745075 2.365104 0 0 -1
0 -1.745075 -1.745075 2.365104 0 6 -1
0 1.745075 1.745075 2.365104 6 0 -1
0 1.745075 -1.745075 2.365104 6 6 -1
0 2.365104 1.745075 1.745075 0 0 -1
0 2.365104 -1.745075 1.745075 0 6 -1
0 2.365104 1.745075 -1.745075 6 0 -1
0 2.365104 -1.745075 -1.745075 6 6 -1
0 1.745075 1.745075 -2.365104 0 0 -1
0 1.745075 -1.745075 -2.365104 0 6 -1
0 -1.745075 1.745075 -2.365104 6 0 -1
0 -1.745075 -1.745075 -2.365104 6 6 -1
0 -2.365104 1.745075 -1.745074 0 0 -1
0 -2.365104 -1.745075 -1.745074 0 6 -1
0 -2.365104 1.745075 1.745075 6 0 -1
0 -2.365104 -1.745075 1.745075 6 6 -1
5
0 1 0
0 0 1
1 0 0
0 0 -1
-1 0 0
10
0 0 1 2 0 0 0 3
0 1 3 2 0 0 0 3
0 4 5 6 1 1 1 3
0 5 7 6 1 1 1 3
0 8 9 10 2 2 2 3
0 9 11 10 2 2 2 3
0 12 13 14 3 3 3 3
0 13 15 14 3 3 3 3
0 16 17 18 4 4 4 3
0 17 19 18 4 4 4 3
"Regroup04" 0 5
8
0 -2.058226 2.360983 -2.358579 1.001953 0.258682 -1
0 -2.058226 2.360983 2.358579 0.001953 0.258681 -1
0 -1.777756 2.360983 -2.358579 1.001953 -0.007796 -1
0 -1.777756 2.360983 2.358579 0.001953 -0.007796 -1
0 2.058226 2.360983 2.358579 1.001953 0.258682 -1
0 2.058226 2.360983 -2.358579 0.001953 0.258681 -1
0 1.777756 2.360983 2.358579 1.001953 -0.007796 -1
0 1.777755 2.360983 -2.358579 0.001953 -0.007796 -1
1
0 1 0
4
0 0 1 2 0 0 0 3
0 1 3 2 0 0 0 3
0 4 5 6 0 0 0 3
0 5 7 6 0 0 0 3
"Regroup01" 0 2
8
0 -2.358579 2.362052 2.340968 0 0.691013 -1
0 2.358579 2.362052 2.340968 1 0.691013 -1
0 -2.358579 2.362052 2.060490 -0 1.140643 -1
0 2.358579 2.362052 2.060490 1 1.140643 -1
0 2.358579 2.362052 -2.340968 0 0.691013 -1
0 -2.358579 2.362052 -2.340968 1 0.691013 -1
0 2.358579 2.362052 -2.060490 -0 1.140643 -1
0 -2.358579 2.362052 -2.060490 1 1.140643 -1
1
0 1 0
4
0 0 1 2 0 0 0 3
0 1 3 2 0 0 0 3
0 4 5 6 0 0 0 3
0 5 7 6 0 0 0 3
"Regroup03" 0 5
8
0 -2.358579 2.363120 2.058226 1.001953 0.258682 -1
0 2.358579 2.363120 2.058226 0.001953 0.258681 -1
0 -2.358579 2.363120 1.777756 1.001953 -0.007796 -1
0 2.358579 2.363120 1.777755 0.001953 -0.007796 -1
0 2.358579 2.363120 -2.058226 1.001953 0.258682 -1
0 -2.358579 2.363120 -2.058226 0.001953 0.258681 -1
0 2.358579 2.363120 -1.777756 1.001953 -0.007796 -1
0 -2.358579 2.363120 -1.777755 0.001953 -0.007796 -1
1
0 1 0
4
0 0 1 2 0 0 0 3
0 1 3 2 0 0 0 3
0 4 5 6 0 0 0 3
0 5 7 6 0 0 0 3
"Regroup02" 0 2
8
0 -2.340968 2.365893 -2.358579 0.011719 0.254104 -1
0 -2.340968 2.365893 2.358579 1.011719 0.254104 -1
0 -2.060490 2.365893 -2.358579 0.011719 0.426240 -1
0 -2.060490 2.365893 2.358579 1.011719 0.426240 -1
0 2.340968 2.365893 2.358579 0.011719 0.254104 -1
0 2.340968 2.365893 -2.358579 1.011719 0.254104 -1
0 2.060490 2.365893 2.358579 0.011719 0.426240 -1
0 2.060490 2.365893 -2.358579 1.011719 0.426240 -1
1
0 1 0
4
0 0 1 2 0 0 0 3
0 1 3 2 0 0 0 3
0 4 5 6 0 0 0 3
0 5 7 6 0 0 0 3

Materials: 6
"PLATFORM_0"
0.200000 0.200000 0.200000 1
0.800000 0.800000 0.800000 1
0 0 0 1
1 1 1 1
0
1
"PLATFORM_0.png"
""
"PLATFORM_1"
0.200000 0.200000 0.200000 1
0.800000 0.800000 0.800000 1
0 0 0 1
1 1 1 1
0
1
"PLATFORM_1.png"
""
"MOVEMENT_1"
0.200000 0.200000 0.200000 1
0.800000 0.800000 0.800000 1
0 0 0 1
1 1 1 1
0
1
"MOVEMENT_1.ini"
""
"CUBE_EXT"
0.200000 0.200000 0.200000 1
0.800000 0.800000 0.800000 1
0 0 0 1
1 1 1 1
0
1
"CUBE.png"
""
"WALL"
0.200000 0.200000 0.200000 1
0.800000 0.800000 0.800000 1
0 0 0 1
1 1 1 1
0
1
"WALL.png"
""
"MOVEMENT_2"
0.200000 0.200000 0.200000 1
0.800000 0.800000 0.800000 1
0 0 0 1
1 1 1 1
0
1
"MOVEMENT_2.ini"
""

Bones: 0
GroupComments: 0
MaterialComments: 0
BoneComments: 0
ModelComment: 0
