// MilkShape 3D ASCII

Frames: 30
Frame: 1

Meshes: 1
"Duplicate21" 0 4
16
0 -23.529068 23.529068 23.529081 0 7 -1
0 -23.529068 -23.529068 23.529081 0 0 -1
0 23.529068 23.529068 23.529081 7 7 -1
0 23.529068 -23.529068 23.529081 7 0 -1
0 23.529068 23.529068 -23.529081 0 7 -1
0 23.529068 -23.529068 -23.529081 0 0 -1
0 23.529068 23.529068 -23.529081 7 7 -1
0 23.529068 -23.529068 -23.529081 7 0 -1
0 -23.529068 23.529068 -23.529081 0 7 -1
0 -23.529068 -23.529068 -23.529081 0 0 -1
0 -23.529068 23.529068 23.529081 7 7 -1
0 -23.529068 -23.529068 23.529081 7 0 -1
0 -23.529068 23.529068 -23.529081 0 0 -1
0 23.529068 23.529068 -23.529081 7 0 -1
0 -23.529068 -23.529068 23.529081 0 7 -1
0 23.529068 -23.529068 23.529081 7 7 -1
6
0 0 1
1 0 0
0 0 -1
-1 0 0
0 1 0
0 -1 0
12
0 0 1 2 0 0 0 1
0 1 3 2 0 0 0 1
0 2 3 4 1 1 1 2
0 3 5 4 1 1 1 2
0 6 7 8 2 2 2 1
0 7 9 8 2 2 2 1
0 8 9 10 3 3 3 2
0 9 11 10 3 3 3 2
0 12 0 13 4 4 4 3
0 0 2 13 4 4 4 3
0 14 9 15 5 5 5 3
0 9 7 15 5 5 5 3

Materials: 6
"PLATFORM_0"
0.200000 0.200000 0.200000 1
0.800000 0.800000 0.800000 1
0 0 0 1
1 1 1 1
0
1
"PLATFORM_0.png"
""
"PLATFORM_1"
0.200000 0.200000 0.200000 1
0.800000 0.800000 0.800000 1
0 0 0 1
1 1 1 1
0
1
"PLATFORM_1.png"
""
"MOVEMENT_1"
0.200000 0.200000 0.200000 1
0.800000 0.800000 0.800000 1
0 0 0 1
1 1 1 1
0
1
"MOVEMENT_1.ini"
""
"CUBE_EXT"
0.200000 0.200000 0.200000 1
0.800000 0.800000 0.800000 1
0 0 0 1
1 1 1 1
0
1
"CUBE.png"
""
"WALL"
0.200000 0.200000 0.200000 1
0.800000 0.800000 0.800000 1
0 0 0 1
1 1 1 1
0
1
"WALL.png"
""
"MOVEMENT_2"
0.200000 0.200000 0.200000 1
0.800000 0.800000 0.800000 1
0 0 0 1
1 1 1 1
0
1
"MOVEMENT_2.ini"
""

Bones: 0
GroupComments: 0
MaterialComments: 0
BoneComments: 0
ModelComment: 0
